2.271300468840269093e-01
2.510239191833060213e-01
4.998507684041006427e-01
5.053038574667708671e-01
8.673575746834878419e-01
2.321661780112723950e+00
8.906088443722103287e-01
1.633940082347440592e+00
7.891690256824992478e-01
1.485693195577027614e+00
2.571163730616369492e+00
4.309544111149264722e+00
3.302039425665306727e+00
2.784898431801173579e+00
3.749176208793095988e+00
2.404916874490095946e+00
2.014728603847950605e+00
5.406692988815221312e+00
4.413057527194931495e+00
3.372537152864159893e+00
5.902918310314160699e+00
5.556154157374682434e+00
7.051389628352917605e+00
5.109908788228429088e+00
7.183510713486807475e+00
8.529445721769503663e+00
5.820156570299633181e+00
7.501312540507657722e+00
1.319732570857410536e+01
1.274212141013675215e+01
1.033210265947366757e+01
9.353294873714137481e+00
1.125626106411048966e+01
1.574418855268056916e+01
1.181712094292174342e+01
1.308856325284440558e+01
2.076440992676081265e+01
2.093345798473986008e+01
1.944417450104600675e+01
2.035690172134126641e+01
2.111299717284374111e+01
2.463929675550370035e+01
2.356535866209025087e+01
1.955175797488206513e+01
1.913230727823280475e+01
2.088857778000933152e+01
2.337526806606558694e+01
2.365538896100408195e+01
2.215138253323990014e+01
2.298948092310413216e+01
2.643434738215112390e+01
2.380086955508051716e+01
2.853106791382897356e+01
2.461377772011424980e+01
2.464706987953178086e+01
2.392189961993236835e+01
2.965915920347883628e+01
2.513004615769412808e+01
3.071149721253159370e+01
3.152121480198336201e+01
2.962428022322131227e+01
3.236779551823544665e+01
3.407544158856806860e+01
3.957391463554879607e+01
3.154610524977298880e+01
3.217163526643043525e+01
3.253333638202413169e+01
3.520452044978459583e+01
5.017967501791279972e+01
4.651879719695225646e+01
4.331653334644041564e+01
3.550837380874609295e+01
3.929924115357036385e+01
4.308039203175858489e+01
4.167075617989956271e+01
4.556882478080443377e+01
5.454557541877380089e+01
6.542946926068823643e+01
5.331957047564520735e+01
5.422338013810154678e+01
5.961111037610957197e+01
6.293800150098557111e+01
5.172372407351684132e+01
5.874249441129823168e+01
5.787530456373946919e+01
7.503811476360873201e+01
8.937774684133754022e+01
1.113339203245643461e+02
1.119862410712798635e+02
1.463990022296348457e+02
1.278662313730371665e+02
1.286610792575725384e+02
1.338737281885617278e+02
9.165094649372886124e+03
9.058594246047672641e+03
8.861883425617530520e+03
8.889564025372030301e+03
8.812612713946280564e+03
9.119603709187602362e+03
9.263326018392837796e+03
