1.008294187318775487e-01
1.052622904841204882e-01
3.839468122937177430e-01
1.788982313793518464e-01
3.485276723697899315e-01
9.510807641427027059e-01
3.225439368919115202e-01
4.784633836867818180e-01
8.326851035136053625e-01
5.999572489383243612e-01
8.060059982470969553e-01
8.002638638594198328e-01
8.466302082482567437e-01
7.801964778137806533e-01
1.009025163069711573e+00
8.399869254217819936e-01
8.525906722011167282e-01
1.429052374971497175e+00
1.562437331676241659e+00
1.693021921515950323e+00
1.589934025240988147e+00
1.728761822980084295e+00
1.548972543157338455e+00
1.467311146181254022e+00
1.544059122783562943e+00
2.037245956819285997e+00
1.277925025202974130e+00
2.265390196306956039e+00
1.886519985890328321e+00
2.200518589452274298e+00
2.177456673953967137e+00
1.948702972561050739e+00
2.654997058608139948e+00
3.369220824174282036e+00
3.430998267550322556e+00
3.653042546030769611e+00
4.465951954066961882e+00
2.863024671470390636e+00
2.927590718629986544e+00
3.002134572377436861e+00
5.162376319382533829e+00
6.134664698149021156e+00
6.574390662089045989e+00
6.000888784001952914e+00
4.550269479696264163e+00
4.950364201273105280e+00
5.028457732285407822e+00
5.974964109705776849e+00
7.595973375538209282e+00
9.496228623402521052e+00
1.019699777481588931e+01
8.745538835241207565e+00
7.898974558127265233e+00
7.457432008565243464e+00
7.600625613405818548e+00
7.530724522031269075e+00
9.397499984521269667e+00
1.195594239621125254e+01
1.161141722935279752e+01
7.613048838011724051e+00
7.177843751835027319e+00
8.837769500589002902e+00
9.136694487820978594e+00
1.091195335453683235e+01
1.252751402214810739e+01
1.218549508276788806e+01
1.242668387946370068e+01
1.252327935119291880e+01
1.135044568912359075e+01
1.195162530729774275e+01
1.294228183633479112e+01
1.547773999963627567e+01
1.545030888958292259e+01
1.915570375381620849e+01
1.227521968290932364e+01
1.602903916081378455e+01
1.679421377380946012e+01
1.489952196962510556e+01
1.173451143311160827e+01
1.191040032852890640e+01
1.186274987125234581e+01
1.619455962519040426e+01
1.142112052048402937e+01
1.435243788976651302e+01
1.383170140434959094e+01
1.471004998305778066e+01
1.507905012214458296e+01
1.793844146040923349e+01
1.916817873029269848e+01
1.899255224889387961e+01
1.869964149894755323e+01
1.491391196232465433e+01
1.490632203618101848e+01
1.785980007912405298e+01
1.884024328934296122e+01
1.887287256919879752e+01
2.293079809995273166e+01
3.183913991600666904e+01
2.222470824248285837e+01
2.342056190356829148e+01
