7.555937506498840162e-02
8.979203146028626181e-02
2.063675400596231557e-01
1.667988726520293896e-01
2.027452736245042020e-01
3.808223455925033307e-01
2.926576488655274200e-01
3.109585508890065908e-01
5.273437565469369925e-01
4.107623560049483702e-01
4.752910248177626973e-01
4.956610372092410399e-01
7.034814414197774202e-01
7.126782893219418824e-01
6.966066548491859356e-01
7.705407547254949918e-01
7.654163423081232764e-01
8.581015511324411316e-01
9.246242739756128648e-01
1.047281742009736227e+00
1.459054116814457736e+00
1.371627335821384630e+00
1.230938311094350812e+00
1.239627805077627709e+00
1.218622745652816253e+00
1.309519002005130606e+00
7.543775717743180786e-01
1.609289813323697027e+00
1.442136209742195252e+00
1.735398574003788053e+00
1.696031201873700045e+00
1.634936494939792873e+00
1.858471301313337376e+00
2.031737245092782640e+00
1.904740258749083814e+00
2.435668165399118568e+00
2.493566612223190315e+00
2.415851368047182035e+00
2.214309351839474083e+00
2.909238406847812985e+00
2.750285785390356175e+00
2.720600665998324175e+00
2.851729606182296095e+00
1.846435191541288212e+00
2.834522077588239597e+00
3.006593735477680607e+00
3.103859834915970062e+00
3.334284960912238027e+00
3.676484702668191495e+00
3.998990201272572431e+00
4.052776714850223172e+00
3.963176976634195547e+00
3.855813987411987664e+00
4.313674793240735106e+00
4.430681829344572442e+00
3.814651931284353203e+00
4.130686500637614778e+00
3.759753397725273505e+00
5.202062427505578235e+00
7.258299374694295203e+00
6.859747790272467505e+00
7.034640421096652219e+00
5.722733032450663337e+00
7.645750792552888697e+00
6.363997677844436929e+00
5.050823991272767266e+00
5.258413419822725920e+00
4.696220270770236738e+00
4.758525761582792057e+00
5.705325884727884045e+00
5.868207411362292625e+00
6.375527543229394745e+00
9.201343681606758196e+00
1.030734634547504314e+01
8.391695558227382890e+00
8.918642892455190818e+00
8.080130390508017513e+00
7.040411609231218115e+00
5.207819736205991923e+00
5.072779051516234539e+00
5.176541826024559256e+00
6.581942330658924867e+00
6.126975856997855630e+00
8.038131671764677577e+00
6.808671802161796904e+00
7.374002839038579893e+00
8.051654298825623002e+00
8.342123876845926489e+00
9.843872286793358128e+00
9.211352861190279739e+00
9.552754410305290378e+00
8.708626274032930326e+00
8.086554946366613095e+00
1.136613806011206584e+01
9.055661530933669212e+00
8.725095416088986866e+00
8.525488111388561663e+00
9.133301570060517349e+00
1.121144507682206992e+01
1.183625606105631434e+01
