9.255312810259308520e-02
1.137299654841316954e-01
1.430032610852823571e-01
2.464444549874054424e-01
2.611292146690943339e-01
2.849138072583211057e-01
3.779497829245703766e-01
7.014372261665818842e-01
1.086642977416863776e+00
4.865050992661760776e-01
4.925772685158372188e-01
6.528516982313924411e-01
6.302630307987452385e-01
7.062485987587034941e-01
7.986513130009895711e-01
8.551913026960976660e-01
8.257105384427310124e-01
1.036963051199732977e+00
1.242833427284764536e+00
1.162790579326437257e+00
1.453600253891789151e+00
1.678281504223641196e+00
1.268644192344003940e+00
1.545549934977964224e+00
1.449540880935218379e+00
2.160926573135289797e+00
1.989243399541344548e+00
1.639398933400231684e+00
1.337694169956514800e+00
2.119460230446893245e+00
1.537742030706513718e+00
1.788676313395156203e+00
1.816420097894331676e+00
1.884021243997936468e+00
2.283872215965254693e+00
2.423104995697521691e+00
3.874359601625061877e+00
2.752144688805646222e+00
3.688155219599837942e+00
2.776457667417612907e+00
2.505961518915150510e+00
2.455182668508903543e+00
2.562277095920543868e+00
2.619044051632622327e+00
2.821334168969554135e+00
2.880239213735269033e+00
3.212300039516111205e+00
3.421142464916299364e+00
3.854664048048363156e+00
4.041748260342870047e+00
3.514989299872379735e+00
4.306087508773345007e+00
4.033365570606376238e+00
3.559880572295363699e+00
3.422429220507315684e+00
3.479678960787789599e+00
3.395838492144020115e+00
3.490238159286310982e+00
4.426405187278802167e+00
6.213279019029789296e+00
5.752187302401609692e+00
5.114130303121499743e+00
4.653274993195714693e+00
4.541960128356609339e+00
5.103827008613446736e+00
4.424618284470993146e+00
4.854325180093282732e+00
4.273961434311689622e+00
5.603360388825980642e+00
5.624992417416058821e+00
5.779386221437754045e+00
5.902773950327479646e+00
5.118225599841159656e+00
4.866010523789543463e+00
5.114296192022877108e+00
5.472123720163844851e+00
7.295266133828712363e+00
6.457932953633002349e+00
6.490970334078179249e+00
8.154880733450704966e+00
9.962916042374180492e+00
7.634997565355137183e+00
7.473252816927205444e+00
6.857764678921099311e+00
7.231312756899837879e+00
8.992899923474299229e+00
9.784813062249405391e+00
7.281793957380175542e+00
7.365788463155872989e+00
7.262211133879980629e+00
6.477619140365474593e+00
6.797849678939156703e+00
6.691199082562710565e+00
8.494266938806243061e+00
8.140350908234637473e+00
9.301663788178137438e+00
1.000060400568175112e+01
9.847708548487936753e+00
8.297056825439756977e+00
1.007395535884772286e+01
