1.155804566635728198e-01
1.833527469523099085e-01
2.560089049038620779e-01
3.780852377089153338e-01
4.905959232229537004e-01
1.703736085217112395e+00
8.119692884306867198e-01
8.260011851449694520e-01
1.182848384958754329e+00
2.113055943075678567e+00
2.477582354372712459e+00
4.106400344473188468e+00
1.885317770015677352e+00
2.218275699210646490e+00
1.947069853813663709e+00
1.590697802160933039e+00
3.539530942268039659e+00
2.829054628193679921e+00
5.787733270517808393e+00
3.206197000031122624e+00
2.915457575035269144e+00
3.107879750921688000e+00
4.719492639946184731e+00
6.104028242128973325e+00
6.261815505092941159e+00
4.852276526456943628e+00
5.704274157711309634e+00
5.226243312543380704e+00
6.288594756221780102e+00
6.281064406160686175e+00
5.429262683659524136e+00
7.013208269461999045e+00
6.129808595471909705e+00
7.526229576541945576e+00
8.931916547174635568e+00
8.942148267877811918e+00
1.139967895873876280e+01
9.224203224177305316e+00
1.289338528059361977e+01
1.508920629317106155e+01
1.106300012753413498e+01
1.279806557940913869e+01
1.493304734102593123e+01
1.524359880741986828e+01
1.516000597671590278e+01
1.322458267176872937e+01
1.581372901713332801e+01
1.661972517782234604e+01
1.804723498228073097e+01
1.462033204957293719e+01
1.510076586585529057e+01
1.433794645722237426e+01
1.551967556362257739e+01
1.702865337107440524e+01
1.562572395040713857e+01
1.980080543222601364e+01
1.812026762878266339e+01
1.916340953039065909e+01
1.954716183379830241e+01
1.989745421562451355e+01
2.150581416961237124e+01
1.813583528368807762e+01
2.126379350730402962e+01
1.728271722177401060e+01
2.276691969298718021e+01
2.228465009275814523e+01
2.256886242080135574e+01
1.719307388767277445e+01
2.165472961534219820e+01
1.920321379342427193e+01
2.059627174846387376e+01
2.184731999384417023e+01
2.906120455634608746e+01
2.471819835559108824e+01
2.068694351033646228e+01
2.127568290360174430e+01
1.721360265163625769e+01
2.328023743022484027e+01
1.976666607014447408e+01
2.499144366196983924e+01
2.564921618344261844e+01
2.963237157918079134e+01
2.982383811804541196e+01
3.274299712346580549e+01
3.172571489242316645e+01
3.816219474564845626e+01
3.243344206603251934e+01
3.938523804461706845e+01
4.670591104331245447e+01
4.822465337425229137e+01
6.234417252935431009e+01
7.761507758400314572e+01
4.991045941945611730e+01
6.163418970114396700e+01
6.520523713366570462e+01
9.736825188044664969e+01
1.216497792916074872e+02
1.017803568187668679e+04
9.417541143364069285e+03
7.745028571741661835e+03
