9.384054230091722071e-02
1.872817387523881272e-01
2.774265985865506656e-01
3.791737895578293216e-01
5.372907765603774921e-01
5.964479024814939301e-01
6.469243640187444244e-01
9.643227710164152811e-01
8.853523719917911761e-01
1.064386862614785434e+00
1.356347360316290107e+00
1.117341109355018069e+00
1.165500510748135543e+00
1.414124433989314866e+00
1.402813868495140559e+00
1.503733686444931772e+00
2.706290684299563321e+00
3.454483015470367402e+00
1.941586830601419900e+00
1.856381896753131144e+00
2.165063059956802594e+00
2.174292237212927859e+00
2.286156142350542986e+00
2.602318084792605735e+00
2.177538190255092321e+00
2.669663431059276171e+00
4.071156510081924473e+00
3.104346567948934155e+00
3.120936936171042397e+00
2.939699128314476884e+00
3.285891240585695261e+00
3.934242886189299515e+00
3.703628736063091065e+00
4.113540846970058951e+00
4.638003979710774161e+00
5.699341008155099253e+00
5.622799067290638497e+00
6.546006258106667808e+00
6.471841105138067540e+00
5.666853754601794080e+00
5.427476315823583697e+00
6.477707105347174199e+00
6.425102962703226339e+00
7.178946494749018470e+00
7.173434111015532189e+00
7.603093472559509181e+00
9.107697212782801088e+00
1.115644104993843477e+01
1.084363962424990468e+01
1.067870082456490621e+01
9.868427559579782127e+00
1.050391620865001840e+01
1.071702105082574974e+01
1.024886168875920944e+01
1.028531155509376127e+01
1.249077060397738492e+01
1.277515142547328253e+01
1.363819635542388298e+01
1.204161504331321275e+01
1.235158727698693326e+01
1.209109277868718557e+01
1.300404611247957831e+01
1.240609739421986824e+01
1.274371611486023248e+01
1.283091579064254617e+01
1.325120635774030475e+01
1.284088040960757482e+01
1.438287633277193756e+01
1.503082498749594542e+01
1.560107526611190032e+01
1.345742870837532834e+01
1.447036122806688496e+01
1.615615511958842276e+01
1.573846592682506440e+01
1.607334908594591383e+01
1.376666767237788491e+01
1.483996125753440154e+01
1.339338382226573110e+01
1.239997937858402643e+01
1.960473962195698050e+01
1.767812619504789140e+01
1.748355993343730574e+01
1.602029243137370074e+01
1.640269147230677405e+01
1.508636189713250353e+01
1.619586609547406653e+01
1.496788054065113371e+01
1.476831230946255502e+01
1.550047393785526850e+01
1.658960593620090762e+01
1.896694914891892836e+01
2.389307978657333820e+01
2.343768953790653242e+01
2.093028909740761279e+01
2.200221755967842086e+01
2.252879623778858686e+01
3.183945985566909442e+01
5.442803922132181071e+01
1.169922061225516217e+02
1.817797497614769497e+02
