6.548178850864639911e-01
3.261176685160742661e-01
4.755312157686976127e-01
6.513753956453149918e-01
8.006471076432764011e-01
9.012413161324496214e-01
1.112828432505512444e+00
1.282357433454773377e+00
1.472674842122111860e+00
1.580371098678409858e+00
1.749730959840331446e+00
1.928012087390694074e+00
1.967082819935694227e+00
2.294463126914581874e+00
4.777299323427384614e+00
2.406489742365796047e+00
2.580992571400785085e+00
2.336464545800773340e+00
3.021359613669308164e+00
3.607226060454688632e+00
3.977904288159688662e+00
3.677595844625540789e+00
3.679432846861403483e+00
4.148907530157523560e+00
3.903543383770542441e+00
4.238952272595789772e+00
4.260856040401590938e+00
5.129933914201942002e+00
4.430896874754182591e+00
4.753988831481792410e+00
4.919623811446752093e+00
6.226191104701497281e+00
5.980392634136991958e+00
6.345164550398888714e+00
7.106421346855252175e+00
7.321829161602466662e+00
7.636398246078448082e+00
9.422394044781054134e+00
8.005917159496576119e+00
8.607383946774895378e+00
8.973604994367201826e+00
1.092270292428540124e+01
9.532250115589476991e+00
1.150277459107236488e+01
1.314559354246765466e+01
1.465193400547207503e+01
1.831498339281866095e+01
1.445836537062935889e+01
2.011418684588658934e+01
1.688270202136138209e+01
1.933693970882214330e+01
1.886627553053571305e+01
1.969478531335460758e+01
2.347914609261668062e+01
3.167743002078609393e+01
3.302156576672386024e+01
2.519300803604405914e+01
2.389559080473939900e+01
2.883442744115963663e+01
2.843201804120872112e+01
3.111271655296233973e+01
3.317238297068148256e+01
3.175135097524891847e+01
3.023145605182207518e+01
2.501400108166651037e+01
2.553185193691684063e+01
2.313201189791212542e+01
2.628108729883695105e+01
3.229779039506352234e+01
3.741146469269141761e+01
4.404516755500272041e+01
4.697918514696854686e+01
4.230069237558946327e+01
4.219739825739034700e+01
5.052102643647496194e+01
4.535588149646044087e+01
4.688223887133763412e+01
4.460383257746389774e+01
5.479070776824621447e+01
5.468446439385602531e+01
5.057057269442626080e+01
5.163605909815618844e+01
5.357060154675548347e+01
5.415441930844311003e+01
5.498917408849669641e+01
5.347032574241023895e+01
5.313178543522671049e+01
5.711214741985094889e+01
5.799786873371058249e+01
6.033202713684215723e+01
5.720333936689357301e+01
5.899886591703180017e+01
6.315211070037016583e+01
6.469357392677497387e+01
6.471452598443345039e+01
6.958367395180262349e+01
6.489200107439562260e+01
6.458783703968299506e+01
6.582996724453781212e+01
7.547677033599812546e+01
