1.020120699772831818e-01
1.351235974999132616e-01
1.913197207836027924e-01
2.425005017889524106e-01
3.342332477948972147e-01
3.924032710494727572e-01
4.545558817019049735e-01
5.923961535197229678e-01
6.216943574474126377e-01
6.884668283111848863e-01
6.709380029068238160e-01
7.884943236765173946e-01
9.111116230848861353e-01
8.950855114688346381e-01
1.105262036281358329e+00
9.710519375154710309e-01
1.236389654417207939e+00
1.162752812368522015e+00
1.299481118072367103e+00
1.376184040722126189e+00
2.119758574430783415e+00
1.667633047962259862e+00
1.607702861503593761e+00
2.025516506956573259e+00
1.862148783468897228e+00
1.844244293150680392e+00
1.770770189379351267e+00
1.965297976985194817e+00
1.882985295453661889e+00
2.164685274957021566e+00
1.996362095500162859e+00
2.133629078125289791e+00
2.564289593360204567e+00
2.458021851064538854e+00
2.188617442916140465e+00
2.703143799138791437e+00
2.784902863466833356e+00
3.378469612660157217e+00
3.294677970621453511e+00
3.232751774168145520e+00
2.719009555575676362e+00
2.805280397170700990e+00
3.488450246435153002e+00
3.269812307147646813e+00
3.673653384182076653e+00
3.670759848246480939e+00
3.355005703758527691e+00
3.909761646538488122e+00
3.981861979646050820e+00
3.656370523554695939e+00
3.937121212178582130e+00
3.717288714618350642e+00
3.938275358336299714e+00
3.860899211420732779e+00
4.859641396450061990e+00
5.218449935559049457e+00
5.556703580528830066e+00
5.378160053636795723e+00
4.698352661661997054e+00
4.495314519074003812e+00
4.159346614884713134e+00
4.514061564986651121e+00
5.920662821234751405e+00
5.386790833245137300e+00
6.022501203669498260e+00
6.484149819688605376e+00
6.430294954654128148e+00
6.449408798392394004e+00
7.348912204631190548e+00
8.825768882994600162e+00
7.860598767347497073e+00
7.683060756142467973e+00
7.345257703479158629e+00
6.451524042799550607e+00
6.186807175740220544e+00
6.805763193414710699e+00
9.183521621034174132e+00
8.492126056681374990e+00
8.361447872957237237e+00
8.048461146102081187e+00
8.135472428540879264e+00
9.987666880507834577e+00
8.635503216102099699e+00
8.909535486608341159e+00
7.431300014396195586e+00
8.121060618509405415e+00
8.786209272340046894e+00
8.748313423552831480e+00
9.095176143949556646e+00
9.729411490453927058e+00
1.000436979135682769e+01
1.059596998519005417e+01
9.891110261964229267e+00
1.065379811697150991e+01
9.848041780969282399e+00
9.851576185419055776e+00
1.132943708564118879e+01
1.158875400159824309e+01
1.354948372691380065e+01
4.257643569437088615e+01
