1.229340732390127588e-01
9.210650537803604099e-01
3.077817240340593452e-01
8.343179042896653463e-01
5.073919487512636994e-01
4.972251539042348512e+00
7.763873386230802920e-01
7.083171558079065511e-01
1.118918995392998994e+00
2.239819376349134750e+00
1.888810502827527493e+00
8.474106306259812982e+00
1.889304808622838339e+00
2.133662845128018404e+00
3.206766225037236850e+00
2.434094783323587752e+00
2.405281210994371310e+00
2.831873056090652430e+00
3.644798803574142543e+00
2.554881021932357221e+00
2.626710872232617344e+00
4.153737169657309991e+00
3.181274986260664406e+00
3.333232876436448944e+00
4.461946083682393649e+00
4.651609960740707095e+00
5.349918360268411277e+00
4.386866565979321564e+00
4.924550047396665242e+00
6.210452841029313831e+00
6.062558503249753095e+00
7.974764543969738106e+00
1.016273318525278668e+01
7.920735285587558572e+00
8.175958422923272906e+00
8.645177282776801420e+00
8.344001401278285712e+00
1.127369558682659090e+01
1.280333840356616371e+01
1.186801046780072610e+01
1.344544359112427934e+01
1.435777578725411985e+01
1.531096150305799952e+01
1.361977040982217524e+01
1.617111477719785029e+01
1.651875205239522870e+01
1.731126694717846703e+01
1.565257299756481579e+01
1.550486297429275240e+01
1.752983718686526515e+01
1.631255144071887386e+01
1.733092375593261281e+01
1.787556874229301229e+01
1.819040915628542621e+01
1.686039958659484483e+01
1.641594607827057217e+01
1.793333654389430265e+01
1.490002891569790755e+01
1.781411712961661920e+01
1.906736071263495091e+01
2.102002243061489040e+01
2.993956973552003475e+01
2.353228694747313909e+01
1.983990561736795399e+01
2.100055124464995160e+01
2.290623446446405964e+01
1.852864868195187142e+01
1.987353104087319977e+01
2.185132640885588273e+01
1.984293075875596557e+01
2.370934704552529126e+01
2.462842865746080179e+01
2.330927711733778906e+01
2.164982742717901942e+01
2.231845347554424208e+01
3.160947766618620491e+01
2.595885720233621896e+01
2.960767026254283962e+01
2.970757271831413249e+01
3.379333228373029385e+01
2.933936154981159561e+01
2.508934081776294533e+01
2.927814988969245746e+01
3.697542502837304568e+01
3.699380721902510061e+01
4.870575294950417344e+01
5.441205023915804162e+01
5.129130889091953094e+01
5.754622215744371516e+01
4.228159278617793149e+01
5.980786525762503913e+01
9.570825370742593918e+01
1.659560575910294347e+02
9.626226877016340950e+03
7.331130957171823866e+03
0.000000000000000000e+00
0.000000000000000000e+00
0.000000000000000000e+00
0.000000000000000000e+00
0.000000000000000000e+00
