7.825084134992245366e-02
3.478656470308864046e-01
2.047294326480420257e-01
3.434945674845727437e-01
3.302693727835461779e-01
6.719245405927144477e-01
4.656212709931856764e-01
1.156599788713615462e+00
8.184925832297289539e-01
1.849525246779257781e+00
7.169694694165802407e-01
1.659328222985892776e+00
9.521231657812040394e-01
1.209572254511238398e+00
2.766040715107432657e+00
1.284548067938819482e+00
1.422179099734366181e+00
1.380384324808346275e+00
1.531506236410969946e+00
1.702208409500201913e+00
1.653943750500004750e+00
2.311618658261040515e+00
1.734793156568867900e+00
2.101023881193511134e+00
2.196539857345666036e+00
2.177089950766741389e+00
2.080408193127279759e+00
2.246970295717716226e+00
2.863695702580487001e+00
2.640835003039531337e+00
2.655636686590724160e+00
3.383761744537133520e+00
3.202918281580137805e+00
3.327739110644158060e+00
4.300438521302387684e+00
4.104817887915622521e+00
3.900864469654371725e+00
5.087177209485417073e+00
5.407679987784286268e+00
6.729072354584442195e+00
6.607127894958745529e+00
6.968084343958462767e+00
7.357938766782811335e+00
8.892422380046633990e+00
1.022853373937577892e+01
1.221845572606228281e+01
1.286258485138973562e+01
1.235528248847469079e+01
1.121382078678099781e+01
1.072964542100432794e+01
1.019962251767108263e+01
1.051986612552549083e+01
1.220655558400320118e+01
1.391989674902344021e+01
1.314004839600500851e+01
1.382292852501486990e+01
1.328676096545052943e+01
1.171189365803258831e+01
1.536756362752518434e+01
1.427898115645835553e+01
1.327374647828017729e+01
1.451137242242545966e+01
1.529398015563457136e+01
1.339500130516773346e+01
1.147228709673889924e+01
1.314586272871997608e+01
1.325763031502151001e+01
1.418522961994779585e+01
1.342122217930440975e+01
1.307847608286940400e+01
1.398544729363633898e+01
1.347116814106111704e+01
1.220054119154211136e+01
1.461709748539055020e+01
1.502381381891120427e+01
1.306440535705177197e+01
1.458003702993951833e+01
1.607107895298061706e+01
1.603315294299865457e+01
1.493704299325318630e+01
1.583965373204714489e+01
1.465197940320598669e+01
1.403068083566483715e+01
1.626868951711965749e+01
1.865073292988777709e+01
1.922496591344526706e+01
1.939374862477880868e+01
1.730930100552156858e+01
1.766752685727166750e+01
1.677483196845155433e+01
1.806946377239861334e+01
2.403560504637148654e+01
2.686287711770750875e+01
6.581358238488635948e+01
1.084967708520523360e+02
9.954234586830416447e+03
5.722345257767934527e+03
1.065407338283711169e+03
1.074080565844425109e+03
9.694845537110760461e+02
