2.594490806419446627e-01
2.721133461435878975e-01
4.395262699879615709e-01
5.210554240497355938e-01
9.958719812209324562e-01
6.369545224302172182e-01
8.698490808327744572e-01
1.165025852839153275e+00
9.901156846575068782e-01
1.093048689872336610e+00
1.486185956850700318e+00
1.221893522370882446e+00
2.341092939060561040e+00
2.357362305466698782e+00
2.192664847969098663e+00
4.174775714612334099e+00
2.707602584449045224e+00
3.252587678991114117e+00
3.546086363589223911e+00
2.979978701640157102e+00
3.180517512424975379e+00
4.340155529363464382e+00
6.951813597646994580e+00
5.335065864246584688e+00
1.228008671840765231e+01
9.732578384056173704e+00
8.548730425568082936e+00
5.649670741734079904e+00
6.080535799150269760e+00
8.255973194194098141e+00
5.902829553089622650e+00
6.617545089145150605e+00
1.071006677462567325e+01
1.093381905806370646e+01
2.769708781654509266e+01
9.323305431048812153e+00
1.042155469863564399e+01
1.906992820673871947e+01
1.380280104698115018e+01
2.707898953320044555e+01
2.602181584304224060e+01
1.575153663410444693e+01
1.034767257901283877e+01
1.547891660967180627e+01
1.547510902157297252e+01
1.327488240903777594e+01
1.921912128391890562e+01
1.907997217365032583e+01
2.196614562920571601e+01
2.262264510890309310e+01
1.358401824115929379e+01
1.745649787968034161e+01
1.158363288318684958e+01
3.400161351906095319e+01
1.015315719195488775e+01
1.480637917251524449e+01
1.165064117341958294e+01
1.727533596544299144e+01
2.697342100022753897e+01
1.395884178834463896e+01
1.465238772759760089e+01
1.584105854663673441e+01
2.638513020347467375e+01
1.526744673393333329e+01
1.623368990126445510e+01
1.687964327350748306e+01
1.734418913190372180e+01
2.710613276927980309e+01
2.808687442314838378e+01
3.046183799726403052e+01
3.709288329266195205e+01
3.635608568848773814e+01
3.584525635776253694e+01
2.923839006846410271e+01
2.743674461538435594e+01
3.145741425411578973e+01
3.041662048208294067e+01
3.193846287986880839e+01
2.829244471516317816e+01
3.117365356811894728e+01
3.310106790635841634e+01
3.839548072568874915e+01
4.325428271690082482e+01
3.947729129392637049e+01
4.926934543833425550e+01
4.813413282782863689e+01
3.689363035810899305e+01
3.453115654245086574e+01
3.149740363540702148e+01
3.233193072086074693e+01
3.726892561438133811e+01
4.942559218907771168e+01
5.807076056104157402e+01
6.706501153823343486e+01
5.819081256126662538e+01
9.139920419645916638e+01
9.036336112500626427e+01
1.696212930117334849e+02
1.995085863813380638e+04
1.843029262260607720e+04
