3.950861382343275330e-01
5.199351412919324122e-01
1.111554480677191314e+00
5.499270027854424647e+00
2.314305781603155143e+00
3.343827775352266496e+00
3.598344471750821949e+00
4.460592566376007539e+01
1.249900444025844770e+01
5.624322623483875461e+00
4.516485211623049167e+00
1.607271280490345688e+01
1.105895269368645373e+01
1.107161162714600344e+01
1.122491225511048185e+01
1.250233866152456130e+01
1.773621231867397441e+01
2.568110030803535793e+01
2.134777311297485625e+01
3.089130963503810889e+01
3.264039396617307176e+01
4.208090705919043018e+01
4.385991785122507025e+01
5.063242978228156232e+01
4.095414851992246952e+01
4.883080354580437188e+01
5.378351846005438830e+01
6.121285431068274363e+01
4.760040105346725170e+01
4.488476027559809012e+01
6.723065099618530382e+01
6.658093130066990284e+01
7.141528786034044174e+01
7.220235151366208015e+01
7.880887765089937602e+01
7.069521566189837358e+01
6.196437731950214101e+01
7.909856251176763919e+01
1.096976551918732383e+02
8.957965188965106051e+01
1.394639050129521820e+02
1.658807533420839491e+02
9.209215252344969485e+03
1.031715190071157622e+02
1.176643877171330388e+02
1.310797244265334029e+02
1.009887108212065868e+04
1.066005270995062892e+04
1.087964180174726425e+04
1.101092872332397747e+04
9.757709502550420439e+03
1.153997903368293191e+04
1.167065705122317922e+04
1.200553066273459808e+04
1.081340437370579821e+04
7.936451337013819284e+03
5.559772231311783798e+03
8.418178320061346312e+03
1.036388647877570656e+04
7.785780454598005235e+03
7.839593470034792517e+03
6.028103507751407960e+03
7.266381577282461876e+03
7.614218269957351367e+03
5.804127441555212499e+03
4.822983654748358276e+03
4.549592897289861867e+03
7.202354935540672159e+03
1.065635268787425593e+04
8.605631687405310004e+03
0.000000000000000000e+00
0.000000000000000000e+00
6.495871770254580042e+03
0.000000000000000000e+00
0.000000000000000000e+00
0.000000000000000000e+00
4.975726790569229706e+03
0.000000000000000000e+00
0.000000000000000000e+00
0.000000000000000000e+00
5.578969468548958503e+03
5.242544198404642884e+03
5.425847160768988033e+03
0.000000000000000000e+00
0.000000000000000000e+00
0.000000000000000000e+00
0.000000000000000000e+00
0.000000000000000000e+00
0.000000000000000000e+00
0.000000000000000000e+00
1.608811324387477180e+04
1.450228325622097509e+04
0.000000000000000000e+00
0.000000000000000000e+00
0.000000000000000000e+00
0.000000000000000000e+00
0.000000000000000000e+00
6.298132279980720341e+03
0.000000000000000000e+00
0.000000000000000000e+00
