4.066692675895598463e-01
7.678169333222725212e-01
1.124495587469680258e+00
1.975277110250091894e+00
6.088781606576652017e+00
3.690719766901880305e+00
5.852733028029729390e+00
1.083017757366371825e+01
4.492501428664869678e+00
8.024912333201498882e+00
5.137627591830745466e+00
9.081843137502456642e+00
9.769044091141646291e+00
8.552274253378895352e+00
9.498805804531043506e+00
1.524290930856543369e+01
4.523431474021877108e+01
1.507350306818448260e+01
3.080324896208134433e+01
2.262962384659492088e+01
3.736835341500822238e+01
3.267480188748680803e+01
4.439103954714060052e+01
4.863967428901879231e+01
3.286630507386814060e+01
2.958371945633685485e+01
4.515980365489084392e+01
4.075770038659701555e+01
4.072535212755403933e+01
5.257430761708252476e+01
5.074573881406065823e+01
3.875865514284758007e+01
4.036814471171216212e+01
5.245139220437072680e+01
3.851911720487264290e+01
4.765288440877597509e+01
4.925401464090077752e+01
4.737875295194796621e+01
5.031673660023105299e+01
5.100819035825624326e+01
4.574878140612426591e+01
5.482236038986630433e+01
6.114101594091460612e+01
6.214232851072554098e+01
6.076944069381210056e+01
7.355342014992683630e+01
8.797836229444452272e+01
6.735431792110271942e+01
5.408880525442431519e+01
5.022947497276638984e+01
5.432412308166045989e+01
7.080730114706813083e+01
1.044585390886203129e+02
8.188116178915853993e+01
1.006866176152985730e+02
1.139264087209187295e+02
1.544457886332664316e+02
1.473540980050828182e+02
7.285979026312777762e+01
1.240903007834576499e+02
1.741489442830554140e+02
1.361222529518212832e+04
1.353759086499340629e+04
1.363039508100736566e+04
1.421737620171285562e+04
1.462644949568174707e+04
1.348776797524782341e+04
1.282352796316332206e+04
1.510131067671515666e+04
1.884055239666135719e+02
1.655629113041305516e+02
2.219018434299206604e+02
1.595840217527019013e+04
1.388101544185140301e+04
1.554836527892074446e+04
1.623857099539117007e+04
1.145974690655732047e+04
7.199677185011458278e+03
1.014877796733689866e+04
1.003027864947999115e+04
7.635293862762728168e+03
6.338347378935076449e+03
0.000000000000000000e+00
0.000000000000000000e+00
0.000000000000000000e+00
0.000000000000000000e+00
0.000000000000000000e+00
0.000000000000000000e+00
0.000000000000000000e+00
1.234047054336413021e+04
1.404667010588852281e+04
1.711504925953711427e+04
0.000000000000000000e+00
0.000000000000000000e+00
0.000000000000000000e+00
0.000000000000000000e+00
0.000000000000000000e+00
0.000000000000000000e+00
0.000000000000000000e+00
0.000000000000000000e+00
