1.835953471676456950e-01
2.333784561561834947e-01
3.746245838058220312e-01
4.124222836116627766e-01
5.900308877178289668e-01
1.766203549345328083e+00
8.889144262839118182e-01
1.060359696672387830e+00
1.751067022595109712e+00
1.806616335791087380e+00
1.450274033995976986e+00
2.314956480265448757e+00
2.367810326258782183e+00
3.194117982170769032e+00
6.036696080562463429e+00
3.914216910675154981e+00
2.361873917596587269e+00
2.542827074210317395e+00
3.675116918437041580e+00
4.834550298402231050e+00
9.115968646647187867e+00
1.162708377408483607e+01
1.192053498517234189e+01
1.113092571447450929e+01
8.790573675439324219e+00
1.620165026825366539e+01
8.085920683766740780e+00
5.910247807352866367e+00
1.034340491470293344e+01
1.097185522076695818e+01
2.578876673583560830e+01
1.404820656368442933e+01
2.068526389950408273e+01
1.395950418761187883e+01
2.774336075230907639e+01
1.566010996440664904e+01
2.116376820843077411e+01
2.729587352641047104e+01
2.853065059740264786e+01
2.897936195812176763e+01
3.135268460783425937e+01
2.227038645656368132e+01
3.473269955160893829e+01
1.440207767539805417e+01
2.066028302591848487e+01
3.715251994165741678e+01
2.814892184958985766e+01
2.054671642737500648e+01
2.861719467191586475e+01
3.621901751875846998e+01
4.403982158049848294e+01
2.561417459364402305e+01
3.196205191200704476e+01
2.049529536007795016e+01
2.049677043248600583e+01
1.795960457920996234e+01
3.224029766762745197e+01
3.789869752296102234e+01
2.631324291608673249e+01
2.733131434515713210e+01
2.695771139661191995e+01
2.851990363817161267e+01
4.535286209974987059e+01
5.166753334130011410e+01
5.091246044415573380e+01
4.857022513193977176e+01
4.461610252522632436e+01
4.067326168380608920e+01
4.447188466391048678e+01
3.367282454365927435e+01
3.565875840976077882e+01
4.677294831165088596e+01
4.483439345669487608e+01
4.613622688745446254e+01
4.543987543301928156e+01
4.282387178578414932e+01
4.485893461571721019e+01
4.955624965600661369e+01
4.981985824819062714e+01
5.234239962680240410e+01
5.003268195803498486e+01
4.507824580917539947e+01
6.149317358798207067e+01
5.782955542994483977e+01
1.286467721299640630e+02
1.810301497888368374e+02
1.913599190867761354e+04
1.585640739544467942e+04
1.232009426021373292e+04
1.978194198134645194e+04
1.930475287759987987e+04
1.958192690443969695e+04
0.000000000000000000e+00
0.000000000000000000e+00
0.000000000000000000e+00
0.000000000000000000e+00
0.000000000000000000e+00
1.189378848253360593e+04
1.588143912731886485e+04
9.746533307307474388e+03
