2.654146810700933057e-01
4.187740493155918120e-01
7.100454393472673820e-01
1.193376389231309176e+00
1.042499172059579760e+00
1.564246772383770079e+00
1.696393822573440291e+00
2.482595678841796882e+00
6.943360287216097326e+00
2.163920701831483218e+00
2.666631905256602764e+00
2.353454082780260581e+00
3.132021731326467773e+00
3.256183686115756704e+00
7.297021526829982285e+00
4.854346940735116078e+00
6.884156790655860725e+00
4.116837895382863266e+00
4.947846414469249332e+00
6.151056294792727641e+00
7.746074791652354463e+00
1.019585182245657506e+01
7.365512012534876085e+00
1.234181048582308016e+01
1.293628681282822335e+01
1.504121312886976014e+01
1.463178599526633583e+01
8.946315941863225873e+00
9.734828221352353594e+00
8.871605599891191574e+00
1.385132735685829708e+01
8.438159698235102368e+00
1.038484241774855832e+01
1.389691521267926255e+01
2.099031003530263462e+01
1.529303217669238890e+01
1.750786722929850470e+01
3.613156274410745539e+01
2.587265095270099735e+01
2.035466901818680441e+01
1.672928191162482747e+01
1.499397065392669681e+01
1.055121789558485546e+01
1.400803162470505825e+01
1.930585637056414328e+01
2.223810495293055567e+01
2.477006497511753480e+01
2.339531774077095960e+01
2.077138272109177208e+01
2.194486310849150001e+01
2.304744533315615485e+01
2.184901001972259138e+01
1.735050268069883472e+01
2.155829333381660362e+01
2.857353260348688195e+01
3.313849680099591666e+01
2.772970681728012465e+01
2.667930005780504743e+01
2.858366257608530603e+01
3.371961894254817338e+01
3.411289768440991566e+01
3.313706335305659678e+01
3.038525532863515366e+01
3.450349710671438430e+01
4.282867061753051274e+01
4.602908030441773946e+01
4.015777696324973078e+01
3.851348247142939840e+01
3.810353068659278364e+01
3.456297437997884003e+01
3.353941821730663975e+01
4.299185439792931618e+01
4.281828248576258744e+01
3.759022438720086257e+01
3.811592738924741752e+01
3.585620710168280567e+01
4.127453317002083821e+01
4.732561102311326806e+01
4.831331667608171898e+01
4.703536181720914300e+01
4.111471361388586132e+01
4.168210125996908744e+01
4.109646468698613120e+01
3.182358529667579816e+01
3.464131204057623137e+01
3.745630958389760679e+01
4.310746589787861183e+01
5.781237241021916162e+01
5.156200344462866525e+01
5.878760421082142074e+01
8.146092571988185682e+01
1.020973424392547884e+02
1.262661015459695619e+02
2.077501228243105288e+04
1.688969256553512969e+04
6.862514163560695124e+03
0.000000000000000000e+00
2.024167552255074042e+04
1.723440479170246249e+02
1.738402547853686144e+02
