7.629204313447701669e-01
1.069750724047232593e+00
1.386688501654090411e+00
1.842767051599149664e+00
6.969764065362749506e+00
4.631406588146343317e+00
3.877350147977603356e+00
1.491010890888178153e+01
1.003383347957223748e+01
1.306876933803864915e+01
1.604816084245882024e+01
6.308121821498936299e+00
9.536070345380450064e+00
1.235680488942490385e+01
3.767160405793222822e+01
1.739447973593186703e+01
1.551528970045320222e+01
2.217691933979071095e+01
1.709406513638961655e+01
3.895317043247533206e+01
2.659189774838938902e+01
4.247830644871779526e+01
3.868311431413567902e+01
4.688053727950212846e+01
6.130993667772359856e+01
5.199735904802455622e+01
5.871017574929644667e+01
5.487930063799834102e+01
6.112575769486474542e+01
6.840293841488305304e+01
6.237193947135678940e+01
7.004345663631200125e+01
7.010969331779354263e+01
6.460102896322655397e+01
5.180273202694574053e+01
4.966955173445388994e+01
8.549445894866832418e+01
8.156392936890598833e+01
5.940130219535453904e+01
1.293504405748728345e+02
1.510388764287374386e+02
8.925393329201671122e+01
8.933488085404174228e+01
1.462006828950124202e+02
1.414523399102093890e+02
1.887637866290313866e+02
8.221482562351589252e+01
6.378193256759509921e+01
8.029600803115150143e+01
1.864680149273685288e+02
1.197867910404929717e+04
1.187078661421404468e+04
1.706043025079893880e+02
1.645041734210765298e+02
1.890898693976958782e+02
1.313625319763966104e+02
1.524991746822824155e+02
1.361654943847277536e+04
1.325132363392454499e+04
1.371430941738592628e+04
1.278830575611221502e+04
8.039354437043863982e+03
9.109412178212065555e+03
1.165930090165424190e+04
1.355799574136448609e+04
1.554554441936148760e+04
1.516092953824139113e+04
1.371416812168727665e+04
1.440198317246473380e+04
1.440033539088037469e+04
1.072360129792115913e+04
4.951231994071772533e+03
0.000000000000000000e+00
8.814137893849991087e+03
0.000000000000000000e+00
0.000000000000000000e+00
6.244742673813193505e+03
0.000000000000000000e+00
5.683397556712186997e+03
0.000000000000000000e+00
0.000000000000000000e+00
0.000000000000000000e+00
0.000000000000000000e+00
0.000000000000000000e+00
6.341526031692614197e+03
1.305872679147399685e+04
8.596094542990711489e+03
0.000000000000000000e+00
0.000000000000000000e+00
0.000000000000000000e+00
0.000000000000000000e+00
0.000000000000000000e+00
0.000000000000000000e+00
0.000000000000000000e+00
0.000000000000000000e+00
0.000000000000000000e+00
0.000000000000000000e+00
0.000000000000000000e+00
0.000000000000000000e+00
0.000000000000000000e+00
