4.374713557316480261e-01
8.413882167335731133e-01
7.708568621177466218e-01
6.809272474959189303e-01
9.776341972075436315e-01
9.376511491319329261e-01
3.436211308680094945e+00
2.238006070003272452e+00
2.641708076280008921e+00
3.336987455204059039e+00
3.805806378259158240e+00
3.934917597726335536e+00
5.730417983007787264e+00
1.057803219991519228e+01
9.094401318762782793e+00
7.296811540843692434e+00
1.137776328215091404e+01
2.624507522815885352e+01
1.071637261972725241e+01
2.182527926426714160e+01
1.205261761057432679e+01
2.446851084972720258e+01
1.790416775768231261e+01
1.651359629365644821e+01
2.911315262368648504e+01
3.353544140246662408e+01
1.976297037827100667e+01
2.687267664713882809e+01
4.147608543496480848e+01
3.646513169709420055e+01
3.295096842734742637e+01
3.146010345031243460e+01
3.945501677171660049e+01
5.312715870840763444e+01
3.963371938909717329e+01
3.382577390026881403e+01
4.671481928152806518e+01
3.760791660157194372e+01
4.084162437663851364e+01
3.592073854389056464e+01
4.372382920770527193e+01
5.526435946681608158e+01
5.938284446105272707e+01
6.303002659059906421e+01
5.823532058244898479e+01
3.210493528574776434e+01
3.476620474736774469e+01
3.599330889408636835e+01
5.888952463564159245e+01
5.116733544048179283e+01
4.585268661024827708e+01
7.162387988209468404e+01
5.707082334092515907e+01
6.999613332537596477e+01
4.158841666379387902e+01
6.609004021820403807e+01
6.810107158889886136e+01
5.711444884547715617e+01
5.613247517424215260e+01
6.096063312105867027e+01
7.695719134914453718e+01
8.613695522902543189e+01
7.933625553533295260e+01
7.042872698188288894e+01
5.505946285439258503e+01
7.990150540736070184e+01
1.096709711039741109e+02
1.082244914752488256e+02
1.058339082649293061e+02
1.083440980725534928e+02
1.245280449626230421e+02
1.441614659229729796e+02
1.670762784552136111e+02
1.623633744000471779e+02
1.734211352593698905e+02
1.791982677128175783e+04
1.816179215986616327e+04
1.830842332956791142e+04
1.785419505988067249e+04
1.817168005225826346e+04
1.613607520204485991e+04
1.094880359465162110e+04
8.605714540242153817e+03
9.854591774538945174e+03
1.630939944891474443e+04
1.723468809711216454e+04
8.892363895154592683e+03
0.000000000000000000e+00
0.000000000000000000e+00
0.000000000000000000e+00
0.000000000000000000e+00
0.000000000000000000e+00
0.000000000000000000e+00
0.000000000000000000e+00
0.000000000000000000e+00
0.000000000000000000e+00
0.000000000000000000e+00
0.000000000000000000e+00
0.000000000000000000e+00
0.000000000000000000e+00
