3.982379628771808289e-01
6.467690829040996237e-01
6.744425027830688313e-01
7.020856854789211399e-01
9.051534726108474427e-01
1.155987736808433253e+00
1.327016686480584795e+00
2.832083248344857918e+00
1.662763635500289272e+00
2.709020922013113619e+00
3.195250105474918279e+00
2.941301138720961994e+00
4.160218101144554481e+00
7.855324670772977136e+00
8.144425998066269656e+00
4.932976273676591639e+00
3.983646914219952428e+00
4.217073772412724963e+00
9.833547335205889084e+00
7.338877189318347760e+00
1.159565624869513556e+01
5.546281433361111901e+00
1.246116992620962449e+01
9.593485964688914791e+00
1.167525578067300174e+01
1.263902115286799521e+01
9.226423513207119953e+00
8.515594912849115516e+00
1.022538920227209047e+01
1.770968374731289074e+01
2.083118201310747253e+01
1.285692032082664582e+01
2.663386430380769099e+01
3.150719001503705741e+01
2.628345865449577090e+01
1.598535591427232028e+01
1.702824050241254028e+01
2.031251948589498824e+01
1.952222250641977652e+01
2.348374828074135579e+01
1.613890929271650165e+01
2.376610215904638679e+01
2.729218724511244787e+01
1.973485528365024422e+01
3.741750555156028923e+01
3.514545477029562193e+01
2.430870387403796329e+01
1.849855906090517621e+01
1.695348912108262951e+01
3.010183256697539633e+01
2.748969611053387752e+01
2.972915550486434810e+01
2.613679113555997446e+01
2.490465087524409071e+01
2.409741185899990157e+01
2.025508982431660954e+01
2.214594075297394227e+01
2.450591532428440900e+01
2.562732052886576284e+01
3.303703115804086110e+01
4.436306364677202652e+01
4.369475725702666580e+01
4.635390819150574515e+01
3.617648937578925938e+01
2.586293031818734178e+01
3.118872817278138143e+01
3.745339215809997313e+01
4.722472201904959377e+01
5.496062646084118342e+01
5.158859016194819702e+01
5.554176538057667045e+01
5.720894593639781789e+01
6.222236890747284832e+01
6.558967926329478360e+01
7.256304045597106267e+01
8.374659097148403930e+01
6.358397052768754776e+01
4.894744998940544178e+01
4.498654040631335249e+01
4.720983980657707235e+01
6.620209832931125504e+01
1.445883256772578989e+02
1.918031428589109782e+04
1.740607760610615514e+04
2.882244449325162350e+02
1.956738918456147439e+04
1.920570158580591669e+04
0.000000000000000000e+00
0.000000000000000000e+00
0.000000000000000000e+00
0.000000000000000000e+00
7.055995692588100610e+03
1.077839964051794595e+04
1.384415584300028604e+04
1.557395601985238500e+04
1.506213348421215414e+04
9.778127586310660263e+03
8.029990343615758320e+03
0.000000000000000000e+00
0.000000000000000000e+00
