5.455258109663206900e-01
1.903690035065126906e+00
7.086208972033183340e-01
5.277940860123148115e-01
7.065478759528578401e-01
7.168249412409054555e-01
9.259865696618206909e-01
1.140196798548196888e+00
2.738404239496353476e+00
1.541673296640633462e+00
1.695212868005166129e+00
2.079923312764760723e+00
2.130115925549600941e+00
3.942653431343974724e+00
5.526595494522306140e+00
3.007922190637446036e+00
5.447481584652347664e+00
2.969292274129431419e+00
4.561638636625727550e+00
5.548460708577358069e+00
3.950340713752277022e+00
5.865087020315547406e+00
6.809908611543480816e+00
1.007197800448764724e+01
4.172758897032943892e+00
6.934490199295891166e+00
6.764095835781435362e+00
7.082039204699880131e+00
1.006704726013010109e+01
6.076875407019236341e+00
9.978055111855006487e+00
7.922414855483901341e+00
6.112566362133298625e+00
8.059362007114065918e+00
1.181886284179371849e+01
2.375950605425704509e+01
1.360486456763873875e+01
1.727239097449848870e+01
1.801487428224227472e+01
9.877434962445500233e+00
1.139964350648700098e+01
2.010818382453705055e+01
1.692054123026213475e+01
8.411900794660946090e+00
9.178821665877038072e+00
1.111387724257735776e+01
8.931122393658586844e+00
9.607211543537676590e+00
1.761261807285758607e+01
1.315286287459689163e+01
1.504807436966609302e+01
1.554962843993629917e+01
1.371452055303252315e+01
1.114686445763744338e+01
1.076522930943847456e+01
1.583798206863038693e+01
1.109999859452405069e+01
1.548693602128841817e+01
2.070771532030633111e+01
2.510109317686280050e+01
2.690215841029478128e+01
2.693369386761846940e+01
2.671878142313779492e+01
3.193495812331077133e+01
3.212620602533979053e+01
2.778813836806148529e+01
2.266623853959007562e+01
2.454349424541116065e+01
3.969124547091794852e+01
2.974986633812024550e+01
3.541848515740565517e+01
2.713177407847595290e+01
3.212158751754824237e+01
5.055875071175454138e+01
5.973576211944234160e+01
4.904732473252089164e+01
3.959055521936118538e+01
3.599962131360274498e+01
3.213051824950626667e+01
4.146336189254971316e+01
3.042278158647346586e+01
2.122593590515959505e+01
4.275338247272625836e+01
5.334716031073372733e+01
7.187529734455765151e+01
3.654775544155686617e+01
2.158990076703342709e+02
2.072079487127382890e+04
1.694883873892568590e+04
1.209123756677116216e+04
1.347341815838721232e+04
1.583835561768268235e+04
2.074743859206002890e+04
2.128476234344999102e+04
2.160004377367602501e+04
1.960799263624909145e+04
2.016145797118239352e+04
1.816405859108030927e+04
2.050822728712912431e+04
2.051843211720874751e+04
