4.409336075328528781e-01
1.845591450594196825e+00
2.177641477078992693e+00
8.601538626477939431e+00
4.783670874840664666e+00
3.035666989666525151e+00
3.090277643598412727e+00
1.344972645109736398e+01
5.231638248670899216e+00
2.291729995409939846e+01
1.004613326481841362e+01
5.789097694250600767e+01
7.554432119846981486e+00
1.363372362068832899e+01
2.274761005280696224e+01
1.364098609837268050e+01
3.519177217295845139e+01
4.116133353381472659e+01
3.851309319987572621e+01
3.896574803001345799e+01
4.986231691879962824e+01
4.778324809061228962e+01
3.156519041715928964e+01
5.993404068427940956e+01
5.375171619848157434e+01
6.199092714137729132e+01
6.163864289082827952e+01
5.627833580733791052e+01
5.942859825951144614e+01
5.439910764031811397e+01
5.627573267107353416e+01
4.396609697768096936e+01
5.508336190051156933e+01
7.743625192176422445e+01
1.399593749482907299e+02
1.262827023219437592e+02
1.848641495907415617e+02
1.238444603067247982e+02
1.039820084723680509e+02
1.255958621038932534e+02
1.901108085057772428e+02
1.284890922834538856e+02
1.035972680860406945e+04
8.489120709142036958e+01
5.636725329775313043e+01
1.268128811809032612e+02
1.048837767955179334e+04
7.592679907257902414e+03
7.788495076939298997e+03
5.363085170279699014e+03
3.385179621501726615e+03
5.282739030894895222e+03
0.000000000000000000e+00
8.102921530810102922e+03
8.484044875454968860e+03
6.330565581248460148e+03
5.423106720257332199e+03
0.000000000000000000e+00
4.284682869958834090e+03
4.230578006973448282e+03
0.000000000000000000e+00
0.000000000000000000e+00
0.000000000000000000e+00
6.424704360614296093e+03
4.430097601412609038e+03
9.344512842603180616e+03
4.594653704182155707e+03
0.000000000000000000e+00
0.000000000000000000e+00
0.000000000000000000e+00
0.000000000000000000e+00
0.000000000000000000e+00
0.000000000000000000e+00
0.000000000000000000e+00
0.000000000000000000e+00
0.000000000000000000e+00
5.299532984090586069e+03
0.000000000000000000e+00
0.000000000000000000e+00
0.000000000000000000e+00
1.676359489256836969e+04
1.483916030127795966e+04
0.000000000000000000e+00
0.000000000000000000e+00
0.000000000000000000e+00
0.000000000000000000e+00
0.000000000000000000e+00
0.000000000000000000e+00
0.000000000000000000e+00
0.000000000000000000e+00
0.000000000000000000e+00
0.000000000000000000e+00
0.000000000000000000e+00
0.000000000000000000e+00
0.000000000000000000e+00
0.000000000000000000e+00
0.000000000000000000e+00
0.000000000000000000e+00
0.000000000000000000e+00
0.000000000000000000e+00
