7.422974796135743680e-02
3.946408025233523742e-01
2.406131544318615978e-01
3.710467369191381981e-01
2.475989921355257473e-01
3.178828314819693857e-01
3.642695530706182572e-01
4.485110015751259671e-01
5.004671059747582973e-01
4.544671596577841699e-01
5.737168590328206585e-01
6.792215465237386729e-01
9.667569342242132713e-01
1.056249144515209570e+00
1.017178277430108357e+00
8.908364371870659548e-01
9.215014423785687914e-01
1.078236309424017492e+00
1.042686696908515787e+00
1.154019119365882196e+00
1.240641520356005723e+00
1.343692847641145605e+00
1.457343881855907464e+00
1.372967898969023048e+00
1.369822601967736864e+00
1.608501158501159045e+00
1.683424767077266848e+00
1.509965802839259075e+00
1.602951506609295640e+00
1.650158022869225638e+00
1.983100748903228849e+00
2.375373766114977858e+00
2.234229950095799389e+00
2.432587252990227267e+00
2.271800011716782919e+00
2.607389687248947929e+00
3.877692531245930496e+00
3.178257464349286021e+00
2.807409611083808709e+00
2.750820420701091784e+00
3.206531320859545620e+00
2.964146400992352604e+00
3.496719256315979241e+00
4.531814570657057395e+00
5.203462750679463511e+00
3.956114198450816577e+00
4.917074548829670988e+00
4.608601094456334479e+00
5.621639917405134135e+00
4.941373521104780231e+00
4.387274698849437549e+00
4.229273870881626429e+00
5.394747216918710286e+00
5.031512222493449649e+00
5.228748019934820412e+00
5.039786687357074690e+00
6.166254177589923557e+00
6.800201660443669027e+00
7.045697045217923282e+00
6.012357111595976633e+00
5.963834345066352682e+00
5.532204792016890416e+00
5.742852369037994897e+00
5.964948624709847103e+00
5.788545631705112271e+00
6.254670746264037184e+00
6.545678016869319826e+00
6.286572107762174788e+00
7.911116632986229469e+00
7.873043797267614607e+00
8.488482606438285671e+00
8.973746871551771420e+00
8.521422305121836516e+00
6.555005288180449696e+00
6.384457859511725175e+00
7.012208415367359393e+00
8.457922144674641984e+00
1.087682455987267183e+01
7.214104647101098777e+00
9.477680611331077642e+00
8.946616446574950032e+00
7.269802069540316047e+00
7.939213236623637648e+00
9.038939695989071765e+00
9.783412925854554132e+00
1.054785313988396744e+01
1.036669014872970429e+01
1.222376266434483227e+01
1.206367094807841056e+01
9.924288160749412668e+00
1.026811600349493503e+01
1.000650139582486098e+01
1.002714392657126474e+01
1.063058698970541371e+01
2.399421142505048010e+01
3.709896861949505364e+01
5.033414917395337795e+01
8.628913449786437923e+03
1.140605874915936283e+03
0.000000000000000000e+00
