2.525360595238512751e-01
1.207034506685886077e+00
1.116108102243008382e+00
1.687052488079090917e+00
1.335578253308672192e+00
1.529980447294700285e+00
2.387351978643645456e+00
3.996289960088653892e+00
2.907486915891555945e+00
4.390305542814181727e+00
7.090188845780104998e+00
5.029856927308724579e+00
8.555923260043000411e+00
1.559017768540747362e+01
7.625957486656857576e+00
7.467587027586485071e+00
1.413842047933207624e+01
1.354804880579395565e+01
1.175437809372525955e+01
1.758304662923113426e+01
2.000879429415382660e+01
1.200782059899431786e+01
2.652359992028003433e+01
2.977064051425411861e+01
2.892021282691655415e+01
3.010110665928243634e+01
2.623262934219960840e+01
2.713600107772663605e+01
3.902432721355399536e+01
3.700064186949835943e+01
2.032786837747593367e+01
2.325851898671898965e+01
2.777755433135307683e+01
3.847984331597423591e+01
4.237368329186220706e+01
4.722462257105411965e+01
4.901151602668509355e+01
3.134642322655248847e+01
3.635356149268677228e+01
4.769490246829634827e+01
4.639002904358710566e+01
2.832123814655680150e+01
3.523964449251732844e+01
3.460118135206503354e+01
2.654114009306269750e+01
3.034211425416513563e+01
4.320316378101676946e+01
4.459081183652535429e+01
6.000402960722720280e+01
6.150384257402478738e+01
6.591180461816526304e+01
7.078217105093277439e+01
6.969313335764989858e+01
6.313361311962623290e+01
6.519338648439396877e+01
7.889853369143952477e+01
6.437049725270094314e+01
5.739745528930297525e+01
7.246534771647144169e+01
6.963287787454825661e+01
6.656402539957859688e+01
6.502544866370182319e+01
7.889201714732563175e+01
8.005701859871466297e+01
7.838447863641154356e+01
6.725314797866032279e+01
7.196843960487795755e+01
8.657780148372316376e+01
9.412619711644168774e+01
1.373151239315474754e+02
1.768084952865730202e+02
1.796385504578033942e+04
2.048179371219185327e+02
1.907687884135478384e+02
1.867164866821994292e+04
1.874180273149774803e+04
1.742730759477772881e+04
8.836586370540264397e+03
8.021033608520374401e+03
1.383715083459742709e+04
1.755564740420362068e+04
1.407003046507493491e+04
5.730088900337363157e+03
0.000000000000000000e+00
0.000000000000000000e+00
0.000000000000000000e+00
0.000000000000000000e+00
6.353761687623768921e+03
1.096772780081779456e+04
0.000000000000000000e+00
0.000000000000000000e+00
0.000000000000000000e+00
0.000000000000000000e+00
0.000000000000000000e+00
0.000000000000000000e+00
0.000000000000000000e+00
0.000000000000000000e+00
0.000000000000000000e+00
0.000000000000000000e+00
0.000000000000000000e+00
