1.846236300869184555e-01
8.909258075529342680e-01
7.820167402284277092e-01
8.165174704999312860e-01
8.707841867556969095e-01
1.033693027791575458e+00
1.290135409376691467e+00
1.528405287939108792e+00
2.437794097596924114e+00
1.042036825240709774e+01
4.912090289932098841e+00
4.257369058559820729e+00
3.693098921880096697e+00
3.527736261912506333e+00
4.045419251060371479e+00
4.983507212356907523e+00
6.397738680453938898e+00
6.747646674529950594e+00
9.459842682285920290e+00
1.368433086924686393e+01
8.210861154293294106e+00
9.531225000430335825e+00
8.175808115979213753e+00
7.865248324681746617e+00
8.501732300008988830e+00
7.845679926226106993e+00
1.762082414105145034e+01
2.127542303651271283e+01
1.227864014059453801e+01
2.008967059068216088e+01
9.526360205533871195e+00
1.340012171856161238e+01
1.673910735260598770e+01
1.412706962610311301e+01
2.981965348135251759e+01
1.819559821658007692e+01
1.645409595134702130e+01
2.705176174181705306e+01
3.606522433440724029e+01
2.038964533004860868e+01
2.028672199433499657e+01
2.112960809042790089e+01
1.621559424023616103e+01
1.681139981946975936e+01
2.410029983961542044e+01
1.601708308969379146e+01
3.003915679623966284e+01
4.216006315412291627e+01
3.373431654285714387e+01
3.411310025499497556e+01
2.623905239262153799e+01
3.415794074693069149e+01
2.985388735685589978e+01
2.318795508756389623e+01
3.194437497665205683e+01
3.246591274400957872e+01
3.506587791744184557e+01
3.875874743234154352e+01
4.570252752373927052e+01
4.394678962696185920e+01
3.923255526648927827e+01
3.735410089583100302e+01
3.786154891860253713e+01
3.440125011174398395e+01
3.641262193693299309e+01
4.497360376097896761e+01
5.142474807323888797e+01
6.152515381127007288e+01
6.109444214283478658e+01
6.096817281458509541e+01
6.186425092079899457e+01
5.927915615914066194e+01
4.548085079334330771e+01
5.368851653097305388e+01
6.799017831703280024e+01
1.002711615929166129e+02
1.013017551241508158e+02
1.533921512904984752e+02
1.963035381423779108e+04
1.980082769665133674e+04
2.008073939827422873e+04
1.952072887522149540e+04
0.000000000000000000e+00
0.000000000000000000e+00
0.000000000000000000e+00
0.000000000000000000e+00
1.259878961690790129e+04
1.918441362138339900e+04
1.972489775611384539e+04
1.931507073861648678e+04
1.680669267508503253e+04
0.000000000000000000e+00
6.732773107889423954e+03
9.471253257501108237e+03
0.000000000000000000e+00
0.000000000000000000e+00
0.000000000000000000e+00
0.000000000000000000e+00
0.000000000000000000e+00
0.000000000000000000e+00
