2.544733711131721976e-01
4.704619598696813121e-01
8.720970584880077814e-01
2.008318974104670307e+00
1.160497067100529245e+00
2.115506094879870069e+00
3.243548388324679621e+00
2.716022254038268802e+00
2.105978849119070961e+00
3.742142778942281645e+00
3.126316759339991425e+00
4.433697746003044671e+00
4.758366848894572954e+00
3.291551687056028630e+00
6.466717116732978887e+00
3.929764343197399423e+00
8.542295174163971438e+00
6.755223160415020800e+00
8.736530816058756699e+00
1.000245185845459517e+01
7.940574268045438089e+00
1.014211270082010863e+01
1.294221396710008776e+01
8.738793650596694107e+00
1.373916311989092165e+01
1.038601046248922444e+01
1.235816581464140462e+01
9.098510920385010081e+00
8.363178694682190439e+00
1.046273295954316396e+01
1.027409170908748415e+01
1.076598328300631913e+01
1.581735151549831997e+01
1.359879656889111921e+01
1.286815723844677706e+01
1.140247557268739520e+01
1.285773556108899029e+01
1.642485350231695662e+01
1.462890135859279006e+01
1.538905803242693082e+01
1.727366485015791753e+01
1.493035346385952877e+01
1.365044329172748583e+01
1.949798920622507481e+01
1.226522761894017677e+01
1.939947291147853292e+01
2.648214026278309774e+01
2.292859998528166088e+01
1.305352501208823135e+01
1.441530503828901644e+01
2.228793122030226925e+01
1.795344508815959372e+01
2.411202263918459465e+01
2.138677962787087949e+01
1.993395612396673755e+01
1.886418380265406469e+01
3.675747628874184159e+01
2.944146525594141295e+01
3.909820082370849548e+01
3.742569235169749220e+01
2.151095105348387193e+01
2.200136371867071361e+01
2.756821905430238928e+01
3.565203308930595938e+01
4.276107031440866280e+01
4.005998230696051365e+01
4.195323754916373105e+01
4.830584288568925899e+01
4.565876389762256338e+01
4.563911360650442361e+01
3.964088556299770261e+01
3.671874636685463145e+01
3.761512141401067311e+01
4.260562596207550001e+01
4.424746489947104777e+01
4.938763755754437312e+01
4.247168544158190429e+01
4.783904247455981107e+01
4.417497966795657049e+01
4.621306542299522135e+01
5.978876767352547716e+01
8.249325727785793561e+01
8.331911562713179364e+01
1.263165198049218532e+02
2.071252485394508767e+04
1.751576119445166114e+04
2.036900173767484432e+02
6.997090780524941067e+01
6.573636672484326482e+01
8.070787272372015764e+01
8.344387821182426990e+01
1.049543787637119721e+02
1.579791264144659806e+02
2.283252505491187185e+04
2.228285360678733923e+04
2.157532160496995857e+04
0.000000000000000000e+00
0.000000000000000000e+00
0.000000000000000000e+00
0.000000000000000000e+00
