3.939632567732034296e-01
1.555242851192700115e+00
1.591100545279612088e+00
4.485176131791611454e+00
1.615352562024017402e+01
3.390711264287791238e+01
1.227161257105701964e+01
9.977783205758639085e+00
1.871777394527541460e+01
8.793903009803438309e+00
6.512969487425185555e+00
8.737836108711624306e+00
1.159782348926317930e+01
2.259549580073806041e+01
2.550518452221515986e+01
2.004107681172033040e+01
3.218652282918744589e+01
2.461568938692822783e+01
3.203238464688763543e+01
4.675169672365139206e+01
4.334205963671173834e+01
6.232095702294073902e+01
3.914049093203980334e+01
5.161161604551480764e+01
6.427740880591959183e+01
6.151891119164376676e+01
5.013630597183886550e+01
5.503988945579449421e+01
7.069371779008632473e+01
5.584955368236024498e+01
5.362423488372007796e+01
7.664834015527679867e+01
6.935211013201174524e+01
8.039297211602129778e+01
1.502009617932969832e+02
1.107358682854493992e+02
7.754676791192065366e+01
6.861328445244497232e+01
6.834505490633264913e+01
1.439817936954904098e+02
1.415719593995366949e+02
7.449271952058144564e+01
9.120264166334217748e+01
8.657707861311307340e+01
1.512224299017952944e+02
1.736275547669980028e+02
1.241156819647418524e+04
1.202578358619866776e+04
1.239398325045640559e+04
1.300644019580753229e+04
1.176307350302646955e+04
1.162444711472603012e+04
1.153261562451938335e+04
1.321934966463120691e+04
1.300330865287812958e+04
1.391901619410809872e+04
1.434567540376840589e+04
1.295656603872383494e+04
1.419611105663313901e+04
1.575176404042475042e+04
1.208938967878248877e+04
1.458564277995758312e+04
1.472024194837017239e+04
6.991874918548564892e+03
0.000000000000000000e+00
4.971262563673976729e+03
0.000000000000000000e+00
0.000000000000000000e+00
7.493187382698853980e+03
9.800684507400172151e+03
0.000000000000000000e+00
0.000000000000000000e+00
0.000000000000000000e+00
0.000000000000000000e+00
0.000000000000000000e+00
1.756574471017131509e+04
1.530111988375542569e+04
0.000000000000000000e+00
0.000000000000000000e+00
0.000000000000000000e+00
0.000000000000000000e+00
0.000000000000000000e+00
0.000000000000000000e+00
0.000000000000000000e+00
0.000000000000000000e+00
0.000000000000000000e+00
0.000000000000000000e+00
0.000000000000000000e+00
0.000000000000000000e+00
0.000000000000000000e+00
0.000000000000000000e+00
0.000000000000000000e+00
0.000000000000000000e+00
0.000000000000000000e+00
0.000000000000000000e+00
0.000000000000000000e+00
0.000000000000000000e+00
0.000000000000000000e+00
0.000000000000000000e+00
0.000000000000000000e+00
