3.197656850674289730e-01
1.243984017323979341e+00
2.203330170226645457e+00
1.969463873489458505e+00
2.153001554042620835e+00
6.054517498261271058e+00
4.868652693058406200e+00
3.580087223011141351e+00
3.341088073440627415e+00
3.592349653287271849e+00
4.617026987115023573e+00
1.067473676337443145e+01
6.730231617609491401e+00
7.796716294457750607e+00
9.457044191267746314e+00
3.191158958544322743e+01
1.994505317180716730e+01
2.628879403859454200e+01
1.496895988404505573e+01
2.176803945281949737e+01
1.856654687871359144e+01
2.745894070787238306e+01
2.924394726463871663e+01
2.678769090119156004e+01
3.267259951680546948e+01
3.576344013224590412e+01
2.127657313163039987e+01
2.398960810896307194e+01
4.444447153736677336e+01
5.290642828409563947e+01
4.077741496471910665e+01
3.968187148059984537e+01
5.597581227126279657e+01
4.649177505379831388e+01
5.454393351703059523e+01
3.972836452478080105e+01
6.820994044567567016e+01
5.389612012942544084e+01
6.449604449338887946e+01
4.063268183147360446e+01
3.496524880596722795e+01
4.798669980444424965e+01
3.374909875976853613e+01
5.119272051622782982e+01
6.052692109605706605e+01
3.985501673099996367e+01
6.590670289268216209e+01
5.361009439077172800e+01
5.656580284700697092e+01
4.921006037207575190e+01
6.149162136352983765e+01
5.258637702091257182e+01
5.849487663922753455e+01
5.579466576483734741e+01
7.303841972968450591e+01
6.418557697907147030e+01
8.481839276376987868e+01
8.698483494396953120e+01
9.672038579082882848e+01
1.151842131942816536e+02
1.130265812626541475e+02
1.279058716929698534e+02
1.091838799619343376e+02
1.443880712657978620e+02
1.668779554159637257e+02
1.740527043308211796e+04
1.745296117434779808e+04
1.516677919760092118e+04
1.776669819605629527e+04
1.627361548121898238e+02
1.874555416168388183e+04
1.659165905968458537e+04
1.036416509574989868e+04
6.246185221921533412e+03
0.000000000000000000e+00
1.808483212730300147e+04
1.652173854409365231e+04
0.000000000000000000e+00
0.000000000000000000e+00
0.000000000000000000e+00
0.000000000000000000e+00
0.000000000000000000e+00
1.028125906196974756e+04
6.661304833684512232e+03
0.000000000000000000e+00
0.000000000000000000e+00
0.000000000000000000e+00
0.000000000000000000e+00
0.000000000000000000e+00
0.000000000000000000e+00
0.000000000000000000e+00
0.000000000000000000e+00
0.000000000000000000e+00
0.000000000000000000e+00
0.000000000000000000e+00
0.000000000000000000e+00
0.000000000000000000e+00
0.000000000000000000e+00
0.000000000000000000e+00
0.000000000000000000e+00
