3.041533356076309702e-01
6.579118470172788946e-01
1.043211655250851910e+00
1.136430315118583723e+00
1.805706243086500518e+00
1.862741105559730714e+00
3.598633368731889437e+00
2.373411544262694850e+00
2.384705917423628918e+00
2.937892642937184107e+00
3.195129234520101225e+00
3.614414167842975534e+00
3.834212262499057111e+00
5.888519494701508705e+00
4.537648525538686251e+00
4.707562034665639494e+00
6.609953348445124277e+00
6.661244163539381091e+00
6.908830973968226985e+00
6.266799645122520523e+00
6.279280684680980329e+00
1.157926832339520473e+01
8.541829205119658042e+00
9.809908080150147924e+00
7.352204789646068939e+00
8.891271754250054116e+00
7.949000521023021903e+00
7.952892931674602650e+00
1.110132965691725637e+01
1.129207713284751868e+01
1.688878338452471795e+01
2.002058242901877705e+01
1.474448457702444060e+01
1.453130271432338461e+01
1.161694478568313471e+01
1.697489205647325505e+01
1.220646716655510211e+01
1.402182454704084869e+01
1.866082666016299640e+01
1.480000668656716734e+01
1.600311743638352979e+01
1.763092246712299271e+01
1.613721068234738354e+01
1.647020773206071453e+01
1.620584707587283546e+01
1.805496991943516960e+01
1.260825533230844009e+01
1.512174366955017923e+01
1.969720675597885418e+01
1.686509275446785594e+01
1.606583501168960026e+01
1.784509781916532489e+01
2.352144858726645893e+01
2.869381622968345980e+01
2.876443078474694914e+01
4.365826548648829686e+01
3.960725111128825660e+01
3.333729658602407397e+01
2.770132798187193046e+01
2.990558377836014259e+01
3.106805055402181281e+01
3.616176331388167853e+01
3.749555511849620615e+01
3.441347762295439594e+01
4.239256262428682476e+01
4.368706890796457287e+01
3.580680849820264910e+01
3.700054670972449600e+01
4.352125107427423956e+01
4.772279395980049799e+01
5.575715632763106555e+01
4.088622762251539200e+01
8.313995111051258391e+01
1.539607876757966949e+02
1.002843110951666432e+02
1.351940573890557857e+02
1.520696287426229958e+02
1.707148494320807367e+04
0.000000000000000000e+00
7.223496085474086613e+03
7.079206673853677785e+03
1.810028426505819516e+04
2.111676129970039619e+04
2.045660968867448173e+04
1.979010144964217398e+04
0.000000000000000000e+00
8.468115765876924343e+03
8.985178949610146447e+03
7.780254610141420017e+03
0.000000000000000000e+00
0.000000000000000000e+00
0.000000000000000000e+00
0.000000000000000000e+00
0.000000000000000000e+00
0.000000000000000000e+00
0.000000000000000000e+00
0.000000000000000000e+00
0.000000000000000000e+00
0.000000000000000000e+00
0.000000000000000000e+00
