3.655870512504880709e-01
8.692042088619964524e-01
1.041001354431264625e+00
1.310920701927428045e+00
1.834345236789583389e+00
3.080227798227835212e+00
3.610249223740561231e+00
2.994651429025552147e+00
3.430237035704096993e+00
3.533471703366190209e+00
4.411032787471098615e+00
6.100982397975252880e+00
5.382199313895677406e+00
6.131141553208780515e+00
7.161343299463465151e+00
5.791868229696183867e+00
8.159119787691256676e+00
7.507734825495140818e+00
1.021245848623458841e+01
7.155429422392874272e+00
8.621165180534109851e+00
7.963973232929164148e+00
9.142058378912285121e+00
1.059407385390352729e+01
1.329933931073479414e+01
1.527046610682070238e+01
1.086315157574315649e+01
9.801431195694613407e+00
1.191742182357829272e+01
1.364601855598906077e+01
1.314248720815785632e+01
1.066363311773916678e+01
1.100437418760205333e+01
1.140098172647738117e+01
1.629265666956755254e+01
2.185136678465767446e+01
1.856455362437376522e+01
1.813847310817723724e+01
2.729836949331103568e+01
2.016529195210670622e+01
1.892827946901016389e+01
1.397541252741208240e+01
1.666282791131290253e+01
2.347265204281504580e+01
2.466862565269314089e+01
1.885103847320483084e+01
2.298332300897558866e+01
2.006073570159654906e+01
1.802753788089547271e+01
1.638539935037741557e+01
2.267727049774554970e+01
2.494015336108628489e+01
2.774460657753567006e+01
2.159309665783600707e+01
2.145083288393121634e+01
3.075620214875696234e+01
3.350356603464391725e+01
1.871737398589102952e+01
1.922142572629170232e+01
2.621947058027002342e+01
2.377168583721158512e+01
2.761528896214000994e+01
3.585052720398383030e+01
4.277903305420195323e+01
4.211227132604125956e+01
4.146645126675574744e+01
4.156739914345004649e+01
3.537716465023410706e+01
3.672872738328613451e+01
3.704819602640359477e+01
4.120475139946666587e+01
4.067076382216841068e+01
4.141823779722775356e+01
4.894019459336867328e+01
5.525767370268154366e+01
6.876487469684778375e+01
9.857127600197181039e+01
1.357063782539875660e+02
2.460716542930450146e+02
2.002728017124765756e+04
2.033859791962525924e+04
2.386538629303157677e+02
8.193555226899532329e+01
7.343680335027002570e+01
1.105553946429704837e+02
1.561962989240691684e+02
2.291355169392098469e+04
2.197479562076227376e+04
2.068022757061714583e+04
1.778307097412550502e+04
0.000000000000000000e+00
0.000000000000000000e+00
0.000000000000000000e+00
0.000000000000000000e+00
0.000000000000000000e+00
0.000000000000000000e+00
0.000000000000000000e+00
0.000000000000000000e+00
0.000000000000000000e+00
0.000000000000000000e+00
