6.635324076134854199e-01
8.747702274874223916e-01
1.197385903377616190e+00
1.698741107691445817e+00
2.755528934073658398e+00
4.061939561473583815e+00
4.633173176621710354e+00
4.491891520626784207e+00
1.394060356597804606e+01
1.969683640002885028e+01
8.702578875661956204e+00
3.040800922855342137e+01
1.119338751207479987e+01
2.308437392435169144e+01
2.146974650709858778e+01
2.302966646561900177e+01
2.053292074914197585e+01
4.439270192594940312e+01
4.989206994887236846e+01
3.829405981788063684e+01
4.640142671318932344e+01
4.013097184586369082e+01
3.898288908066430025e+01
4.896463395946187802e+01
4.748143909212252112e+01
6.378459011617209740e+01
5.890695778683362960e+01
7.556065648148880598e+01
6.082646007404235888e+01
5.019975518882553445e+01
6.699984881386340874e+01
7.020701294891861721e+01
7.112290084699081660e+01
7.711010904246015230e+01
9.982735710531879647e+01
8.835828969537011801e+01
1.289208043041502947e+02
1.454760752348804829e+02
9.322093255416177726e+01
6.009000877137637531e+01
6.408942196013558146e+01
8.234224495042474246e+01
1.052124696714844276e+02
1.779210979335274203e+02
1.225074166916139620e+04
1.266435508711643524e+04
1.291732262683235240e+04
1.210595143107807780e+04
5.979681205739183497e+03
1.010625135193064307e+04
4.032978546846376958e+03
8.537801900065092923e+03
8.953545062858644087e+03
9.238544597319341847e+03
4.682596821015404203e+03
9.509304326410228896e+03
1.296216352883411128e+04
1.152716691044974868e+04
1.286276399619030235e+04
1.347354157561646571e+04
1.110233597293792809e+04
9.283597975056682117e+03
7.743761658556086331e+03
0.000000000000000000e+00
0.000000000000000000e+00
0.000000000000000000e+00
5.274151158760158069e+03
0.000000000000000000e+00
0.000000000000000000e+00
0.000000000000000000e+00
0.000000000000000000e+00
5.868475178680050703e+03
1.200818794194164002e+04
8.819555533921804454e+03
0.000000000000000000e+00
0.000000000000000000e+00
0.000000000000000000e+00
0.000000000000000000e+00
0.000000000000000000e+00
0.000000000000000000e+00
0.000000000000000000e+00
0.000000000000000000e+00
0.000000000000000000e+00
0.000000000000000000e+00
0.000000000000000000e+00
0.000000000000000000e+00
0.000000000000000000e+00
0.000000000000000000e+00
0.000000000000000000e+00
0.000000000000000000e+00
0.000000000000000000e+00
0.000000000000000000e+00
0.000000000000000000e+00
0.000000000000000000e+00
0.000000000000000000e+00
0.000000000000000000e+00
0.000000000000000000e+00
0.000000000000000000e+00
0.000000000000000000e+00
0.000000000000000000e+00
