4.378242966071512754e-01
7.593991429144195671e-01
7.519799465495564661e-01
9.700108804659862693e-01
1.145553104363474350e+00
2.815609942981352365e+00
3.097318872124997124e+00
2.339559326551674090e+00
6.644957965422195301e+00
5.108251700248660931e+00
3.361481764493245095e+00
1.320573414048648075e+01
6.627761509363907066e+00
1.264936527287613188e+01
5.984106523722569015e+00
9.589878350343425950e+00
1.644106382129249866e+01
2.100746275554286768e+01
1.070355504831558591e+01
1.420833546979238982e+01
2.327216340474961953e+01
1.804609232550607345e+01
2.057378962830446412e+01
2.178211777086304934e+01
1.783427247243077574e+01
2.306921468362451222e+01
4.441602307518336801e+01
3.352401290375694032e+01
2.146515074511211907e+01
2.409416399499635730e+01
3.888672346921078571e+01
4.734550754423307950e+01
4.566103628165205919e+01
3.134919454101399694e+01
5.015250440867900039e+01
4.312758879901976883e+01
4.238598997641048527e+01
3.949901066624754975e+01
2.832081592131575221e+01
3.806732466119599678e+01
3.633019322459396250e+01
4.377056849431738073e+01
3.662642598832922403e+01
5.567883327964708684e+01
6.704784038899724408e+01
6.952377494948453318e+01
7.844341238683753659e+01
6.204426923920903647e+01
7.238521886471929179e+01
6.759776761685795066e+01
6.870361509641013242e+01
8.637971276119928632e+01
8.193666564691011445e+01
1.018295201532842356e+02
9.904860783932146262e+01
8.770253783665843628e+01
1.336249325452624532e+02
1.220107808668830245e+02
9.780788762607552655e+01
1.290333469538585121e+02
1.120911135843883670e+02
1.907106061184143471e+02
1.748940239452218884e+04
1.674146386936175622e+04
1.800019440789981309e+04
1.749434918464184011e+04
1.708728287131202524e+04
1.368677041606264720e+04
1.305724349285256176e+04
1.071294592304268554e+04
7.440661153180441033e+03
1.237915584600518923e+04
1.525177087383827529e+04
1.049422784821752430e+04
0.000000000000000000e+00
0.000000000000000000e+00
0.000000000000000000e+00
0.000000000000000000e+00
0.000000000000000000e+00
9.779144701882572917e+03
9.613515928360397083e+03
0.000000000000000000e+00
0.000000000000000000e+00
0.000000000000000000e+00
0.000000000000000000e+00
0.000000000000000000e+00
0.000000000000000000e+00
0.000000000000000000e+00
0.000000000000000000e+00
0.000000000000000000e+00
0.000000000000000000e+00
0.000000000000000000e+00
0.000000000000000000e+00
0.000000000000000000e+00
0.000000000000000000e+00
0.000000000000000000e+00
0.000000000000000000e+00
0.000000000000000000e+00
0.000000000000000000e+00
0.000000000000000000e+00
