4.303965227486150069e-01
6.201570183637274969e-01
7.227744003638857384e-01
8.402684979244674501e-01
1.088547133269101463e+00
1.479837878943951690e+00
1.657771626933212783e+00
1.828376511896431911e+00
3.739918238608721524e+00
4.042459293458985137e+00
5.542794888256420194e+00
8.293179254305998782e+00
5.369992525330320454e+00
4.766747406031737633e+00
5.202199486644538240e+00
5.690679408123985539e+00
9.345444483448755335e+00
7.427314602428457313e+00
7.619144978570494331e+00
7.770751417308976450e+00
8.926253612195631959e+00
1.002549049148098703e+01
1.031859270629013281e+01
1.133680627187803047e+01
1.555522626735923630e+01
1.208907625990199008e+01
1.253621852603153819e+01
1.861633840081153579e+01
2.096766343567215074e+01
2.066722790232185147e+01
2.393627982716153468e+01
1.708509759777887638e+01
1.984193032109023846e+01
2.988109229085774388e+01
2.173452309515971947e+01
2.381515871134095974e+01
2.337503559047065593e+01
3.402843403817254142e+01
2.696431424563993318e+01
4.312784840690706289e+01
2.890660434702909498e+01
2.820535855952797277e+01
1.879743148598643288e+01
2.880254315329156256e+01
3.088761406421446765e+01
2.741527245118461664e+01
2.384448795140804478e+01
2.112902538523733753e+01
2.214199776024775090e+01
2.712082371307883122e+01
4.267426318898029791e+01
5.453615892410708454e+01
6.567235091806946912e+01
5.490601749421963262e+01
5.030807958429732452e+01
5.203679178480258116e+01
8.304888018458879628e+01
6.319357538329754220e+01
7.980801976144988430e+01
7.365388795044633241e+01
8.951050565743562970e+01
1.315703166371334589e+02
2.038193172444061929e+02
1.783028293385355209e+04
1.814404024108541489e+04
2.040543435390223124e+02
1.514223999536448559e+02
1.865051407190743703e+04
1.666370229933211886e+04
1.267152040173452224e+04
1.113491621504493742e+04
1.552868129756210692e+04
8.443085144609796771e+03
0.000000000000000000e+00
0.000000000000000000e+00
0.000000000000000000e+00
0.000000000000000000e+00
0.000000000000000000e+00
6.557827603117874787e+03
6.272256498178232505e+03
0.000000000000000000e+00
0.000000000000000000e+00
0.000000000000000000e+00
0.000000000000000000e+00
0.000000000000000000e+00
0.000000000000000000e+00
0.000000000000000000e+00
0.000000000000000000e+00
0.000000000000000000e+00
0.000000000000000000e+00
0.000000000000000000e+00
0.000000000000000000e+00
0.000000000000000000e+00
0.000000000000000000e+00
0.000000000000000000e+00
0.000000000000000000e+00
0.000000000000000000e+00
0.000000000000000000e+00
0.000000000000000000e+00
0.000000000000000000e+00
