1.300438839775519273e-01
3.889992692748042713e-01
3.362342017230619540e-01
4.468851884180130574e-01
5.471481192411878913e-01
7.540303580099176894e-01
7.216009606074198501e-01
7.929580359835571857e-01
8.608343211750537627e-01
1.081560989649006821e+00
1.100797309616994513e+00
1.298039201861719283e+00
1.304465053554870968e+00
1.547931659294137230e+00
1.439070267499288569e+00
1.586482844830495065e+00
2.058748748378961491e+00
1.778781448070124283e+00
1.935467236080965936e+00
2.274367577553102038e+00
2.149117160084667244e+00
2.327298926363755349e+00
2.459445360016845772e+00
2.533896547738371030e+00
2.636258258609059713e+00
2.973538492909373332e+00
3.058951383609505470e+00
3.008710154407197024e+00
3.298945204690320487e+00
3.256227335347291252e+00
2.981120116658202424e+00
3.550490405398362803e+00
4.103406508647069906e+00
3.494312725545080323e+00
3.822159542923724285e+00
3.726407831850561791e+00
4.118612974203933241e+00
3.816666899344698827e+00
3.693358556909443369e+00
4.277601119685079389e+00
4.370146576851394293e+00
3.970504574572593093e+00
4.979182105494788679e+00
5.052457536733295562e+00
5.083074349089297783e+00
5.503910326751033644e+00
5.083592378766737419e+00
4.501886215222466348e+00
4.841557783957951777e+00
5.289592127782202446e+00
4.948716446698617766e+00
5.624463534965808087e+00
6.182327871183592727e+00
6.333867725455949227e+00
6.052289014288497526e+00
6.167353276427370190e+00
6.384905158432174765e+00
6.786301666748880024e+00
5.674795017095741301e+00
6.886647555913512520e+00
7.748600968844426617e+00
7.941005510170543680e+00
8.048074057959217598e+00
8.446586261497275316e+00
8.527215666494520008e+00
8.898462971269898603e+00
7.723850497625412537e+00
7.672569089928125585e+00
8.043864098544009522e+00
7.502648267093823264e+00
7.207002584715630711e+00
8.778525632504557308e+00
8.584728383668933205e+00
8.143082786072680435e+00
8.562497075899953458e+00
1.136094225210948849e+01
1.028579259280525804e+01
9.930787835107164341e+00
1.244230000605041297e+01
1.229713840962720184e+01
1.059258775416173748e+01
1.050225551886624942e+01
1.187186676520543749e+01
1.165206461323138853e+01
1.256811447437301510e+01
1.179778824920957625e+01
1.269558830256122306e+01
1.053163384880953046e+01
1.098673456080796029e+01
1.186251439361257987e+01
1.164726538055474059e+01
1.531277639856850392e+01
1.498298106848861089e+01
1.454823512716038181e+01
1.396400941078532831e+01
2.294882442167926584e+01
5.021591799713392845e+01
7.913636119930458790e+01
1.689320794047959453e+03
1.498798441247353139e+03
