4.016199034961538961e-01
6.314257414564291571e-01
6.399097493690836247e-01
7.981148798760784313e-01
9.984847369911434845e-01
1.276109763916047024e+00
1.701633006213987942e+00
1.677319651882062335e+00
3.865924278439857087e+00
2.339705405839018759e+00
2.447225666402939481e+00
3.347043287415133683e+00
3.697747613598668881e+00
3.652882839989462838e+00
6.811200220346721679e+00
5.039709416943945364e+00
7.671974714564433917e+00
5.799549527324167286e+00
5.481532241403762384e+00
6.199592517259517876e+00
6.230395381733810467e+00
7.547786311917278113e+00
7.679518263299054404e+00
8.425896200449360052e+00
8.472214310329677645e+00
1.057027728014767298e+01
1.250347274454996516e+01
7.993643516790895021e+00
9.074871970111702879e+00
7.738368403678121510e+00
1.076776572525395892e+01
1.340864389039164806e+01
1.593389998558845022e+01
1.212983705698580650e+01
1.769002158324659035e+01
1.904339559143073046e+01
1.874407280732044256e+01
1.644304840627993158e+01
1.329949538789146324e+01
1.063455925511438771e+01
1.233586900446766244e+01
1.358007149996206486e+01
1.068590799722321272e+01
1.501218383639417553e+01
1.197546486275035527e+01
1.312482879955719817e+01
1.438661192295730729e+01
1.362077623543468441e+01
1.296616602569153365e+01
1.392039497268558712e+01
1.394977354365348710e+01
1.493588301397026008e+01
1.962845695829824066e+01
2.109499832134017794e+01
2.819361043998178573e+01
1.796208349740327392e+01
1.519340502292027217e+01
1.899445159968801278e+01
2.190199825920459986e+01
2.282913981083485311e+01
2.863743171928605236e+01
3.565858556595472351e+01
4.642166467988580791e+01
4.313259717771563118e+01
4.780652236456649717e+01
3.597392955106060697e+01
3.569908331763133447e+01
4.014515370166218844e+01
4.125259857612500269e+01
4.874345657559774736e+01
5.824467993584247694e+01
9.045961233670495005e+01
3.798671644529081703e+01
2.143856591067740283e+02
1.939224496782568531e+04
1.400605258726419743e+04
1.115211485621836255e+04
1.948960770204578148e+04
1.602169962473747660e+02
1.903679642861253001e+02
2.144422101330571240e+04
1.141755867107748963e+04
1.772783559872712067e+04
1.321816956730228776e+04
1.276407531561823998e+04
0.000000000000000000e+00
0.000000000000000000e+00
0.000000000000000000e+00
0.000000000000000000e+00
0.000000000000000000e+00
0.000000000000000000e+00
0.000000000000000000e+00
0.000000000000000000e+00
0.000000000000000000e+00
0.000000000000000000e+00
0.000000000000000000e+00
0.000000000000000000e+00
0.000000000000000000e+00
0.000000000000000000e+00
0.000000000000000000e+00
