8.503849605912495724e-01
5.623959999635771423e-01
1.213795663784774437e+00
1.427228371295168108e+00
2.536793973978543892e+00
3.919952815655445733e+00
3.726410048370729644e+00
5.722404328654223882e+00
4.537428471673591091e+00
5.133912517539418907e+00
6.836345632055477850e+00
8.712053447923450378e+00
1.042556444242374170e+01
1.376272678561247886e+01
1.622906635068000369e+01
2.259981843951577218e+01
1.364099374281201271e+01
2.510877435000744384e+01
2.926863720004161706e+01
3.695541896299194207e+01
3.516091555358123344e+01
3.062961755111494710e+01
3.795878996228221069e+01
4.163088401130858074e+01
4.084724087650242552e+01
5.339524280889561680e+01
4.340435545211776258e+01
4.951083684550321351e+01
5.556368559986311340e+01
7.718631344114584181e+01
6.275012666600251521e+01
7.368478345567669408e+01
9.757117095888050073e+01
1.139495118011513881e+02
1.004335392201957438e+04
2.262579027492119167e+03
1.778511054456444072e+03
1.363608423674870892e+03
7.489159990768306443e+02
0.000000000000000000e+00
0.000000000000000000e+00
0.000000000000000000e+00
0.000000000000000000e+00
0.000000000000000000e+00
0.000000000000000000e+00
0.000000000000000000e+00
0.000000000000000000e+00
0.000000000000000000e+00
0.000000000000000000e+00
0.000000000000000000e+00
0.000000000000000000e+00
0.000000000000000000e+00
0.000000000000000000e+00
0.000000000000000000e+00
0.000000000000000000e+00
0.000000000000000000e+00
0.000000000000000000e+00
0.000000000000000000e+00
0.000000000000000000e+00
0.000000000000000000e+00
0.000000000000000000e+00
0.000000000000000000e+00
0.000000000000000000e+00
0.000000000000000000e+00
0.000000000000000000e+00
0.000000000000000000e+00
0.000000000000000000e+00
0.000000000000000000e+00
0.000000000000000000e+00
0.000000000000000000e+00
0.000000000000000000e+00
0.000000000000000000e+00
0.000000000000000000e+00
0.000000000000000000e+00
0.000000000000000000e+00
0.000000000000000000e+00
0.000000000000000000e+00
0.000000000000000000e+00
0.000000000000000000e+00
0.000000000000000000e+00
0.000000000000000000e+00
0.000000000000000000e+00
0.000000000000000000e+00
0.000000000000000000e+00
0.000000000000000000e+00
0.000000000000000000e+00
0.000000000000000000e+00
0.000000000000000000e+00
0.000000000000000000e+00
0.000000000000000000e+00
0.000000000000000000e+00
0.000000000000000000e+00
0.000000000000000000e+00
0.000000000000000000e+00
0.000000000000000000e+00
0.000000000000000000e+00
0.000000000000000000e+00
0.000000000000000000e+00
0.000000000000000000e+00
0.000000000000000000e+00
