1.009533450815228273e+00
5.023956204242033818e-01
1.415634304407668687e+00
1.771382234182205417e+00
5.338896191789374690e+00
1.460680008962641097e+01
8.925696042537778041e+00
7.496672616356010010e+00
7.892588613560963751e+00
5.998225710846581293e+00
6.270483949244911592e+00
1.660889247584638184e+01
1.361965623603044584e+01
1.324832598946193940e+01
1.304878668975680434e+01
2.721177322856189207e+01
1.672387266778528314e+01
2.354418177779349719e+01
3.549410341567002547e+01
3.292989337926701410e+01
4.684737974266002425e+01
3.916013341798974778e+01
4.057175797011812080e+01
3.568648913678214996e+01
3.966088855467349106e+01
5.113015504351476181e+01
3.695522909310324877e+01
4.495084195830773410e+01
6.881585312508883590e+01
7.174478518129268423e+01
6.103822557348232181e+01
5.533238404658413145e+01
7.195910290921990793e+01
7.070732955422454324e+01
6.129401670068956776e+01
5.061402298210775541e+01
6.228767706488110889e+01
3.846954395183416153e+01
4.633505130227607793e+01
7.745623446055901695e+01
1.285237842962320940e+02
1.489892158295297691e+02
1.082707328930214885e+02
1.317977732542291847e+02
1.636945949451597926e+02
1.500885603665606425e+02
1.329822116328168158e+04
1.411469863160266868e+04
1.438944517463609554e+04
1.382363937509346579e+04
1.505466548055017483e+04
1.946043381748526144e+02
1.813435514868230030e+02
1.563631395349799823e+04
1.445349261011280760e+04
1.300423922359250719e+04
1.478550640990685315e+04
9.893485293360301512e+03
1.007973470253159030e+04
1.126269297724146600e+04
1.052968171413509481e+04
9.047060219188657356e+03
7.845379281889138838e+03
5.897473319115331833e+03
0.000000000000000000e+00
0.000000000000000000e+00
0.000000000000000000e+00
1.180797425645696603e+04
1.255414393618132272e+04
6.730419787657179768e+03
0.000000000000000000e+00
0.000000000000000000e+00
0.000000000000000000e+00
0.000000000000000000e+00
0.000000000000000000e+00
0.000000000000000000e+00
0.000000000000000000e+00
0.000000000000000000e+00
0.000000000000000000e+00
0.000000000000000000e+00
0.000000000000000000e+00
0.000000000000000000e+00
0.000000000000000000e+00
0.000000000000000000e+00
0.000000000000000000e+00
0.000000000000000000e+00
0.000000000000000000e+00
0.000000000000000000e+00
0.000000000000000000e+00
0.000000000000000000e+00
0.000000000000000000e+00
0.000000000000000000e+00
0.000000000000000000e+00
0.000000000000000000e+00
0.000000000000000000e+00
0.000000000000000000e+00
0.000000000000000000e+00
0.000000000000000000e+00
0.000000000000000000e+00
0.000000000000000000e+00
