6.611813968133191111e-01
6.641932265631991239e-01
9.984057389230522883e-01
1.537945686482873109e+00
1.675369073214900695e+00
2.616271128382849032e+00
2.934225691520465418e+00
2.327950862160730772e+00
3.868872467777956015e+00
5.345998915408660679e+00
4.987169513925044484e+00
4.206738377961738884e+00
4.210085494985340127e+00
6.017020435690269231e+00
8.926417385058202925e+00
7.176627541901014595e+00
6.770925143019060677e+00
7.912814884274381733e+00
7.231081763978723487e+00
8.234838864869887587e+00
1.079268811855991395e+01
1.065807785104277094e+01
1.314556357286732613e+01
9.967773666983186232e+00
1.216329741457607128e+01
1.246105711603750699e+01
1.385174948675658513e+01
3.238945776174431757e+01
2.061292169497719229e+01
2.047536553837039364e+01
1.704895793806268856e+01
1.943912427191871117e+01
3.277842605760999106e+01
3.407413943791956967e+01
1.892446971135202816e+01
2.134525596232057154e+01
1.666436726456876727e+01
2.337453448640548714e+01
2.811807473275814218e+01
4.324510065311433493e+01
2.112425778416335831e+01
3.814126605068106102e+01
2.916059298715310533e+01
4.672826238170280533e+01
3.829669024750246820e+01
2.735618477257009218e+01
3.886174956349753273e+01
3.858073795459503685e+01
4.296660630022632432e+01
4.823160495469649334e+01
5.298540371130931703e+01
3.558063089058015294e+01
3.582004434906115620e+01
4.255851775165473327e+01
5.374394563443799200e+01
5.202819168765415725e+01
4.923955656975323336e+01
6.989021159887909107e+01
7.532732199963579944e+01
7.323324166444633931e+01
8.918770144534815358e+01
9.529096907030667296e+01
8.904129620181139160e+01
2.107523190162550009e+02
1.836875934130033420e+04
1.746510820675010837e+04
1.278896083156460554e+04
1.991887896815842032e+04
2.031678581575357748e+04
0.000000000000000000e+00
0.000000000000000000e+00
6.458064222488193991e+03
0.000000000000000000e+00
0.000000000000000000e+00
9.745029666707900105e+03
1.036615446385660107e+04
0.000000000000000000e+00
0.000000000000000000e+00
0.000000000000000000e+00
0.000000000000000000e+00
0.000000000000000000e+00
0.000000000000000000e+00
0.000000000000000000e+00
0.000000000000000000e+00
0.000000000000000000e+00
0.000000000000000000e+00
0.000000000000000000e+00
0.000000000000000000e+00
0.000000000000000000e+00
0.000000000000000000e+00
0.000000000000000000e+00
0.000000000000000000e+00
0.000000000000000000e+00
0.000000000000000000e+00
0.000000000000000000e+00
0.000000000000000000e+00
0.000000000000000000e+00
0.000000000000000000e+00
0.000000000000000000e+00
0.000000000000000000e+00
