4.834940432027344803e-01
4.211009277762697289e-01
8.241630885322169808e-01
1.006767807812200211e+00
1.258485602882624343e+00
1.520405405445234504e+00
1.694091672014944816e+00
2.246238309072449368e+00
2.250414469690961372e+00
2.499927806154111032e+00
3.227486209286110963e+00
3.444359348144837352e+00
3.465431972908648461e+00
4.964702660470631912e+00
6.165917294547140770e+00
5.412224212552261271e+00
4.995798314189159761e+00
5.088751310636197012e+00
5.097193852149642268e+00
5.205564572886700603e+00
6.090575454862668714e+00
7.925907381004847707e+00
1.107773586038109848e+01
8.959894140472830060e+00
6.529182396235640340e+00
8.520906646125069983e+00
1.009222571839138283e+01
8.378833521665359996e+00
9.091017823073670456e+00
8.799949497715809699e+00
1.227073984351499902e+01
1.358637578276335667e+01
1.416711905227967705e+01
1.478186962089422707e+01
1.255417831182971078e+01
1.165711831260325582e+01
1.284020740536840322e+01
1.175868231742456871e+01
1.555243707836124401e+01
1.362415723978440063e+01
1.314086048917463323e+01
1.218743044345886695e+01
1.753297052604641948e+01
1.540938887161733462e+01
1.602393701300958284e+01
1.434061577186067638e+01
1.633756583783109662e+01
2.210475132060607706e+01
2.450525195974447712e+01
2.715443569693196935e+01
2.959154534685128723e+01
2.429223305733804139e+01
2.159639449807151124e+01
2.533287331632618589e+01
2.873285131220091415e+01
3.335656299601773611e+01
3.420226479045648205e+01
3.332082381802280935e+01
2.774225683342302062e+01
2.842292530201424938e+01
2.888127842700562908e+01
2.546495163341460710e+01
3.377288491898754330e+01
3.635842531686165557e+01
3.266830126062198048e+01
4.084675921412379296e+01
3.751503852402718309e+01
4.792109362575810394e+01
8.337637608793832555e+01
2.062085156341726179e+04
1.264644879052230499e+04
0.000000000000000000e+00
1.615065911113209040e+04
1.348788846437239215e+02
9.588931570546515104e+01
2.222308082818096295e+02
2.214470050938432905e+04
1.780258443998396251e+04
2.141844477443539654e+04
1.434907087377274183e+04
0.000000000000000000e+00
0.000000000000000000e+00
0.000000000000000000e+00
0.000000000000000000e+00
0.000000000000000000e+00
0.000000000000000000e+00
0.000000000000000000e+00
0.000000000000000000e+00
0.000000000000000000e+00
0.000000000000000000e+00
0.000000000000000000e+00
0.000000000000000000e+00
0.000000000000000000e+00
0.000000000000000000e+00
0.000000000000000000e+00
0.000000000000000000e+00
0.000000000000000000e+00
0.000000000000000000e+00
0.000000000000000000e+00
0.000000000000000000e+00
