1.288794728443501070e+00
1.597003805159112000e+00
1.990861248366072145e+00
8.480260810627415324e+00
3.734393292391526842e+00
6.969497612791117902e+00
1.858882465086795222e+01
1.995624626540729452e+01
1.025783237760406585e+01
1.770303751028020756e+01
8.345192797090167147e+00
5.307758460292276226e+01
3.377301177114996733e+01
3.030110718425716598e+01
4.735699955779696779e+01
3.993726710129315904e+01
4.800480046036459925e+01
4.595364265628600720e+01
5.523800393130353825e+01
5.038037691899462800e+01
4.673155455251746559e+01
6.924083368558864038e+01
6.886507063002829909e+01
6.623379387153005382e+01
6.500096876890209785e+01
5.565036236897443445e+01
6.450519975721455523e+01
1.061563065057570867e+02
7.602622306918665629e+01
1.754547066682665104e+02
1.987430698525747630e+02
1.020031096592388451e+02
1.019080275376203986e+02
1.705898537798432812e+02
9.070896031167740148e+01
7.810675393829163227e+01
1.314202084680287328e+02
1.085853393082946059e+04
9.292239494660940181e+03
9.359389700471892866e+03
9.026773383486815874e+03
1.190857648734858776e+04
8.362203183045829064e+03
7.483655386184074814e+03
5.503339431104545838e+03
9.776198322563235706e+03
8.175868846417167333e+03
5.668092523653713215e+03
4.120947655055061659e+03
6.930717014037806621e+03
8.536669993104882451e+03
1.051038766126279006e+04
1.200683797278839302e+04
5.067719375293429948e+03
9.584312599198758107e+03
5.898655758874511776e+03
4.996666279969750576e+03
5.400752781033492283e+03
0.000000000000000000e+00
0.000000000000000000e+00
0.000000000000000000e+00
0.000000000000000000e+00
5.343611580315063293e+03
1.653253332985567249e+04
1.679044645513490832e+04
5.416570907527377130e+03
0.000000000000000000e+00
0.000000000000000000e+00
0.000000000000000000e+00
0.000000000000000000e+00
0.000000000000000000e+00
0.000000000000000000e+00
0.000000000000000000e+00
0.000000000000000000e+00
0.000000000000000000e+00
0.000000000000000000e+00
0.000000000000000000e+00
0.000000000000000000e+00
0.000000000000000000e+00
0.000000000000000000e+00
0.000000000000000000e+00
0.000000000000000000e+00
0.000000000000000000e+00
0.000000000000000000e+00
0.000000000000000000e+00
0.000000000000000000e+00
0.000000000000000000e+00
0.000000000000000000e+00
0.000000000000000000e+00
0.000000000000000000e+00
0.000000000000000000e+00
0.000000000000000000e+00
0.000000000000000000e+00
0.000000000000000000e+00
0.000000000000000000e+00
0.000000000000000000e+00
0.000000000000000000e+00
0.000000000000000000e+00
0.000000000000000000e+00
0.000000000000000000e+00
