7.425377297546515987e-01
9.973769185288682282e-01
1.128968351753828703e+00
8.799055046027407512e-01
1.636398037937494498e+00
1.589633837194716293e+00
2.114172928045107813e+00
6.953746242799693000e+00
4.111045143521946166e+00
4.163991279749213348e+00
3.600014702310686321e+00
4.582159346087284035e+00
7.062129036539150029e+00
7.286002570881683127e+00
1.323185025639748069e+01
9.766361770470068038e+00
9.149308523312191355e+00
8.708980939885806904e+00
1.230933771023036627e+01
1.552019444685083727e+01
1.009058346037802067e+01
1.351614040899529279e+01
1.496558650181850680e+01
1.382635306909555339e+01
2.195189167669647290e+01
2.422471278539826756e+01
3.215404889253816378e+01
3.474305276060169945e+01
1.753201705817233602e+01
2.517411005581521266e+01
3.196092570047036574e+01
3.708230712532787265e+01
2.108596352370779314e+01
1.748781823352440767e+01
2.709142624698120017e+01
2.550316749935911176e+01
3.707507485609216502e+01
2.371473683707427682e+01
3.154991385116352376e+01
5.713986124967490809e+01
3.701729227960544222e+01
3.714776337506861381e+01
2.667606833289103463e+01
3.256478617369262452e+01
4.130357773723908821e+01
7.073122374837912218e+01
1.111929439510513333e+02
4.978811065520330459e+01
3.068700632071924872e+01
3.774040176373680566e+01
7.169756517152995912e+01
7.804767426671865849e+01
8.665160757833638172e+01
1.192139828407268851e+02
1.305477512417889159e+02
1.876173508102235132e+02
2.647677108107384356e+02
1.490439401054358655e+02
1.215591225406802494e+02
2.458511783364077417e+02
1.486321640695246788e+04
7.694025093050036958e+03
8.337253753529583264e+03
1.717963693732583124e+04
1.639423699353786651e+04
0.000000000000000000e+00
0.000000000000000000e+00
0.000000000000000000e+00
6.930703106880097039e+03
0.000000000000000000e+00
9.724075527364750087e+03
6.320386433003056482e+03
0.000000000000000000e+00
0.000000000000000000e+00
0.000000000000000000e+00
0.000000000000000000e+00
0.000000000000000000e+00
0.000000000000000000e+00
0.000000000000000000e+00
0.000000000000000000e+00
0.000000000000000000e+00
0.000000000000000000e+00
0.000000000000000000e+00
0.000000000000000000e+00
0.000000000000000000e+00
0.000000000000000000e+00
0.000000000000000000e+00
0.000000000000000000e+00
0.000000000000000000e+00
0.000000000000000000e+00
0.000000000000000000e+00
0.000000000000000000e+00
0.000000000000000000e+00
0.000000000000000000e+00
0.000000000000000000e+00
0.000000000000000000e+00
0.000000000000000000e+00
0.000000000000000000e+00
0.000000000000000000e+00
0.000000000000000000e+00
