6.852077587448243134e-01
6.567707619753578863e-01
1.063452723109342246e+00
1.213962011674901920e+00
1.732473887371365873e+00
2.099467323352946391e+00
2.902692330199150739e+00
2.397134198353955803e+00
3.397476772019996982e+00
3.288554586542307145e+00
4.178365149252263322e+00
6.716955603747923220e+00
5.884716623537421754e+00
6.274660481889364760e+00
8.749782659282802300e+00
1.252615582886513934e+01
5.520441354310243298e+00
7.186746569478766666e+00
6.804827949035395562e+00
8.347317966357342911e+00
6.588679544600314131e+00
1.190064127382272297e+01
1.047991451258892148e+01
9.904505449938232786e+00
1.043278469698853073e+01
3.227658264079946804e+01
2.134499062397796365e+01
1.473063165223603654e+01
1.637800802360592556e+01
2.281017724483661624e+01
2.323137082236078754e+01
1.548091988893566295e+01
1.609292009977465199e+01
1.505156456921748820e+01
1.173815712918158738e+01
1.655664590688364157e+01
2.074637958866787812e+01
1.905119525233824973e+01
2.035200844553785515e+01
3.448747279493529305e+01
2.843490241412819941e+01
1.825601596517756064e+01
1.974391246809532419e+01
2.194326189687631867e+01
3.213569741277185443e+01
3.795213722391158484e+01
4.560722437525593165e+01
4.186295917189227822e+01
2.689871749450717786e+01
3.353787193320383153e+01
3.985217442734193583e+01
4.178649918073778480e+01
5.035041000269986711e+01
5.615694628376755304e+01
5.718191254477631702e+01
5.948624262284144493e+01
6.259934947617469447e+01
5.956066572596174069e+01
6.615012236874107998e+01
1.048647754767467006e+02
2.304489201464157873e+02
1.861413779612863800e+04
1.797545805903911605e+04
1.765630092807615438e+04
1.478609648626207672e+04
0.000000000000000000e+00
0.000000000000000000e+00
8.069962636975227724e+03
1.902954799924029794e+04
2.012584309287445285e+04
9.911055743228540450e+03
0.000000000000000000e+00
0.000000000000000000e+00
0.000000000000000000e+00
0.000000000000000000e+00
0.000000000000000000e+00
0.000000000000000000e+00
0.000000000000000000e+00
0.000000000000000000e+00
0.000000000000000000e+00
0.000000000000000000e+00
0.000000000000000000e+00
0.000000000000000000e+00
0.000000000000000000e+00
0.000000000000000000e+00
0.000000000000000000e+00
0.000000000000000000e+00
0.000000000000000000e+00
0.000000000000000000e+00
0.000000000000000000e+00
0.000000000000000000e+00
0.000000000000000000e+00
0.000000000000000000e+00
0.000000000000000000e+00
0.000000000000000000e+00
0.000000000000000000e+00
0.000000000000000000e+00
0.000000000000000000e+00
0.000000000000000000e+00
0.000000000000000000e+00
