5.163472290287747235e-01
4.989275391504073842e-01
7.058910084653294836e-01
8.087986353453017196e-01
1.405122020949540529e+00
1.145550718632883047e+00
1.326490363293269636e+00
1.876834504503577250e+00
2.481007146897324933e+00
2.621585796396415535e+00
4.529443232267059471e+00
3.641510751669248869e+00
6.013512830626772221e+00
5.625780834924928975e+00
4.872813410639605713e+00
4.850181574163626053e+00
5.162110581644467011e+00
4.773561767379237430e+00
5.094950234990422544e+00
6.787899499330200648e+00
8.323510455094400129e+00
6.410056473590681314e+00
1.064275556726548722e+01
8.107131800413402090e+00
1.089685157740771615e+01
8.839124812629162165e+00
9.468814686185559992e+00
8.819418266628854752e+00
9.722703555173714207e+00
8.479449728927852092e+00
1.322606221905334678e+01
1.521942633285719282e+01
1.227269431692394797e+01
1.103184079611600055e+01
8.305520044073318786e+00
1.093978353386803626e+01
1.216508538004165985e+01
1.004626721513140808e+01
1.097199008065827286e+01
1.146156082138299759e+01
1.543492070604787436e+01
1.234862531221216386e+01
1.366672753843602628e+01
1.511206287085220268e+01
1.967832160033017885e+01
1.974954316453369785e+01
2.634436023993852771e+01
2.339099231258449407e+01
1.312033472423370384e+01
1.691410146887056953e+01
2.126720719683232375e+01
2.732611746159294341e+01
3.355655174953980691e+01
3.516798905430334798e+01
4.018005490466563856e+01
3.246544874206321651e+01
3.358107803112847023e+01
2.870093232417715967e+01
3.289657710380279809e+01
2.581165988005093581e+01
2.612019092148243615e+01
3.362155820525369165e+01
4.384915281699206702e+01
3.387330102675420562e+01
9.636583769579461034e+01
1.803840680179695539e+02
2.117877983500828850e+04
2.110990539417819673e+04
7.371786269697345517e+01
6.446669568647615733e+01
8.782422347439725741e+01
2.225115840067107274e+04
3.314303128341035745e+02
2.663950361595962590e+02
2.334256329497898696e+04
0.000000000000000000e+00
0.000000000000000000e+00
0.000000000000000000e+00
0.000000000000000000e+00
0.000000000000000000e+00
0.000000000000000000e+00
0.000000000000000000e+00
0.000000000000000000e+00
0.000000000000000000e+00
0.000000000000000000e+00
0.000000000000000000e+00
0.000000000000000000e+00
0.000000000000000000e+00
0.000000000000000000e+00
0.000000000000000000e+00
0.000000000000000000e+00
0.000000000000000000e+00
0.000000000000000000e+00
0.000000000000000000e+00
0.000000000000000000e+00
0.000000000000000000e+00
0.000000000000000000e+00
0.000000000000000000e+00
0.000000000000000000e+00
0.000000000000000000e+00
