1.285612109886236976e+00
8.060523191381770980e-01
2.051577252108887528e+00
3.753431378388064843e+00
4.381669537837868944e+00
3.095063434868288610e+00
4.321592249741833314e+00
4.069816891197268305e+00
4.960115837585556520e+00
5.008975213747860700e+00
7.633870513575708117e+00
8.475489837568815688e+00
1.084704635275129725e+01
1.042252514242969852e+01
1.888373693899545103e+01
2.600639940823963059e+01
2.482171775276132664e+01
3.318298965187094751e+01
3.457548573804854897e+01
3.470511639548370653e+01
3.765385177179542353e+01
4.749772457580332485e+01
5.069848917418163836e+01
4.011304773439555760e+01
5.964686773593143698e+01
5.235486358445729138e+01
5.374229266628232438e+01
1.064548136293480383e+02
1.063208478194362385e+02
1.079040279477056146e+02
1.006865115209348551e+04
8.638322821102982516e+02
0.000000000000000000e+00
0.000000000000000000e+00
0.000000000000000000e+00
0.000000000000000000e+00
0.000000000000000000e+00
0.000000000000000000e+00
0.000000000000000000e+00
0.000000000000000000e+00
0.000000000000000000e+00
0.000000000000000000e+00
0.000000000000000000e+00
0.000000000000000000e+00
0.000000000000000000e+00
0.000000000000000000e+00
0.000000000000000000e+00
0.000000000000000000e+00
0.000000000000000000e+00
0.000000000000000000e+00
0.000000000000000000e+00
0.000000000000000000e+00
0.000000000000000000e+00
0.000000000000000000e+00
0.000000000000000000e+00
0.000000000000000000e+00
0.000000000000000000e+00
0.000000000000000000e+00
0.000000000000000000e+00
0.000000000000000000e+00
0.000000000000000000e+00
0.000000000000000000e+00
0.000000000000000000e+00
0.000000000000000000e+00
0.000000000000000000e+00
0.000000000000000000e+00
0.000000000000000000e+00
0.000000000000000000e+00
0.000000000000000000e+00
0.000000000000000000e+00
0.000000000000000000e+00
0.000000000000000000e+00
0.000000000000000000e+00
0.000000000000000000e+00
0.000000000000000000e+00
0.000000000000000000e+00
0.000000000000000000e+00
0.000000000000000000e+00
0.000000000000000000e+00
0.000000000000000000e+00
0.000000000000000000e+00
0.000000000000000000e+00
0.000000000000000000e+00
0.000000000000000000e+00
0.000000000000000000e+00
0.000000000000000000e+00
0.000000000000000000e+00
0.000000000000000000e+00
0.000000000000000000e+00
0.000000000000000000e+00
0.000000000000000000e+00
0.000000000000000000e+00
0.000000000000000000e+00
0.000000000000000000e+00
0.000000000000000000e+00
0.000000000000000000e+00
0.000000000000000000e+00
0.000000000000000000e+00
0.000000000000000000e+00
0.000000000000000000e+00
