1.541076655896223280e-01
2.792391492548318976e-01
2.451598336369576192e-01
3.640052041205935063e-01
5.999372114578508386e-01
2.320545617043825448e+00
2.143228081241238314e+00
1.298441166525846180e+00
2.307396562605494417e+00
1.480603166955390737e+00
2.188719732004709151e+00
2.590502874764806229e+00
1.893087327474247461e+00
1.867073674851941867e+00
2.474874626527791222e+00
4.406167805510221136e+00
2.889945633917123669e+00
2.840468359446052471e+00
2.599853208609531396e+00
3.533428245478239749e+00
3.511601419538609381e+00
3.032704784687154209e+00
4.511105630535938715e+00
6.237286162128078182e+00
4.936603806164984398e+00
4.853097902739929914e+00
5.201895226146762141e+00
5.062875692298709041e+00
5.970937716440290366e+00
6.337862217680020116e+00
7.861467868846482077e+00
7.747510503065903720e+00
1.042273804791104475e+01
9.534315221128469631e+00
9.675529831816723103e+00
1.059411070153459811e+01
1.019840169180979395e+01
1.123168055784095110e+01
1.132737762315162655e+01
1.184587774498565516e+01
1.411835206084329464e+01
1.602962019676904148e+01
1.575163973498563053e+01
1.595209686514885128e+01
1.489283911213974143e+01
1.403796742241801709e+01
1.465692191763256602e+01
1.460406276102584400e+01
1.327133358103869654e+01
1.430504410477587385e+01
1.516334945847069093e+01
1.459232038239062668e+01
1.428303194301880730e+01
1.460907209867945866e+01
1.475625510967697451e+01
1.621891644524588116e+01
1.483017633601841467e+01
1.832645646472024836e+01
1.805100220601400807e+01
1.780373903304242589e+01
1.527225406052294510e+01
1.697205895956388488e+01
1.605009084155465260e+01
1.935197272606217567e+01
1.688804578442113780e+01
1.587137154157850638e+01
1.556082180712417795e+01
1.673933156142650702e+01
1.452149737053813894e+01
1.832324459165172215e+01
1.795680214570824162e+01
1.871225732332519343e+01
2.155843228538798684e+01
2.180304310790417333e+01
2.145288802821259111e+01
2.198190371142766253e+01
2.167978238183235362e+01
2.205223197502358090e+01
2.665423778284283074e+01
2.502532002339411221e+01
2.361917652375102961e+01
2.879205253481033466e+01
2.989432895895033582e+01
3.519362105937085516e+01
3.276969527618103228e+01
4.149499592285555138e+01
6.595957497360267041e+01
1.348558059723093550e+02
9.937813463046455581e+03
6.884518300646135685e+03
1.115205831972149326e+03
1.005923854802178653e+03
8.777045360372964069e+02
0.000000000000000000e+00
0.000000000000000000e+00
0.000000000000000000e+00
0.000000000000000000e+00
0.000000000000000000e+00
0.000000000000000000e+00
0.000000000000000000e+00
