1.400896251926933678e+00
5.672598283834986432e-01
8.716364424973834790e-01
1.313105665660520449e+00
1.454732343781749870e+00
1.812973279875790711e+00
2.482072962268293992e+00
2.568344984498197370e+00
3.743961136050982130e+00
3.880720674931068981e+00
3.746995380320932600e+00
4.205114947343642662e+00
5.216428327444919688e+00
6.056800881697570915e+00
5.742306117457524728e+00
6.575213742135297856e+00
7.237091817136570349e+00
7.620159012030495838e+00
9.686746294772424548e+00
1.027648270962162691e+01
1.471873284874209631e+01
1.439731119143385740e+01
1.985656752495431121e+01
2.438989311912802194e+01
1.537328097993282761e+01
1.868868009949976283e+01
2.292444995475987568e+01
2.995916272416248916e+01
2.825855025242578833e+01
2.902288339370996439e+01
5.138567320045173403e+01
1.068594410415147422e+02
1.053644220463005695e+03
0.000000000000000000e+00
0.000000000000000000e+00
0.000000000000000000e+00
0.000000000000000000e+00
0.000000000000000000e+00
0.000000000000000000e+00
0.000000000000000000e+00
0.000000000000000000e+00
0.000000000000000000e+00
0.000000000000000000e+00
0.000000000000000000e+00
0.000000000000000000e+00
0.000000000000000000e+00
0.000000000000000000e+00
0.000000000000000000e+00
0.000000000000000000e+00
0.000000000000000000e+00
0.000000000000000000e+00
0.000000000000000000e+00
0.000000000000000000e+00
0.000000000000000000e+00
0.000000000000000000e+00
0.000000000000000000e+00
0.000000000000000000e+00
0.000000000000000000e+00
0.000000000000000000e+00
0.000000000000000000e+00
0.000000000000000000e+00
0.000000000000000000e+00
0.000000000000000000e+00
0.000000000000000000e+00
0.000000000000000000e+00
0.000000000000000000e+00
0.000000000000000000e+00
0.000000000000000000e+00
0.000000000000000000e+00
0.000000000000000000e+00
0.000000000000000000e+00
0.000000000000000000e+00
0.000000000000000000e+00
0.000000000000000000e+00
0.000000000000000000e+00
0.000000000000000000e+00
0.000000000000000000e+00
0.000000000000000000e+00
0.000000000000000000e+00
0.000000000000000000e+00
0.000000000000000000e+00
0.000000000000000000e+00
0.000000000000000000e+00
0.000000000000000000e+00
0.000000000000000000e+00
0.000000000000000000e+00
0.000000000000000000e+00
0.000000000000000000e+00
0.000000000000000000e+00
0.000000000000000000e+00
0.000000000000000000e+00
0.000000000000000000e+00
0.000000000000000000e+00
0.000000000000000000e+00
0.000000000000000000e+00
0.000000000000000000e+00
0.000000000000000000e+00
0.000000000000000000e+00
0.000000000000000000e+00
0.000000000000000000e+00
