1.567372746691408913e+00
6.106120979126621329e-01
1.127022953849083020e+00
1.724188775023372200e+00
1.557104219871223050e+00
1.704947842102196853e+00
2.471008968934838013e+00
3.502898634778776721e+00
3.366092134710613415e+00
3.877692309882089461e+00
4.555881166751296618e+00
4.388364109685164216e+00
6.226822898381027649e+00
5.730044719584725499e+00
6.835253696389329114e+00
6.664247050908314485e+00
6.253578481899561226e+00
6.459495581053541713e+00
9.753729740880819676e+00
1.111331887273111008e+01
1.336445607729626595e+01
1.464906668959094382e+01
1.863805071309615968e+01
1.386474701675803445e+01
1.218397096242164679e+01
1.394309188205592775e+01
1.339308852261514993e+01
1.203364049212181008e+01
1.721028247966392755e+01
1.861306502301919963e+01
2.697048538183464927e+01
3.323656665603899540e+01
1.378961469852423072e+01
2.051075196725744121e+01
1.547024828692438270e+01
1.688389986701747603e+01
3.654712833970042141e+01
2.265700340348421093e+01
2.516102055528718751e+01
2.570033147275737662e+01
2.664404973854112413e+01
3.997124821066542211e+01
3.377479617404635803e+01
7.825199288418357924e+01
6.172843173208110557e+01
7.690326129493338669e+01
5.137817879829231060e+01
4.634067559180160600e+01
5.452896622933583615e+01
7.187525103925719350e+01
9.109139679870287409e+01
9.395542701786092721e+01
7.756845314995983642e+01
9.413745078292478752e+01
1.149289120197052938e+02
1.368734874815270075e+02
2.835255654577167093e+02
1.898330988310014800e+04
1.494774055932199553e+04
2.003990027359816304e+04
1.984854032583792286e+04
5.733633647373175336e+03
0.000000000000000000e+00
0.000000000000000000e+00
1.016500304771446099e+04
1.376298944682942420e+04
1.087068171261743191e+04
0.000000000000000000e+00
0.000000000000000000e+00
0.000000000000000000e+00
0.000000000000000000e+00
0.000000000000000000e+00
0.000000000000000000e+00
0.000000000000000000e+00
0.000000000000000000e+00
0.000000000000000000e+00
0.000000000000000000e+00
0.000000000000000000e+00
0.000000000000000000e+00
0.000000000000000000e+00
0.000000000000000000e+00
0.000000000000000000e+00
0.000000000000000000e+00
0.000000000000000000e+00
0.000000000000000000e+00
0.000000000000000000e+00
0.000000000000000000e+00
0.000000000000000000e+00
0.000000000000000000e+00
0.000000000000000000e+00
0.000000000000000000e+00
0.000000000000000000e+00
0.000000000000000000e+00
0.000000000000000000e+00
0.000000000000000000e+00
0.000000000000000000e+00
0.000000000000000000e+00
0.000000000000000000e+00
0.000000000000000000e+00
0.000000000000000000e+00
