9.176368892561126422e-01
3.030912142453596303e+00
4.891233396291624902e-01
1.274752439993583231e+00
1.293960667042618695e+00
1.931577671691751874e+00
7.965719526755462576e-01
1.259808020317814359e+00
1.263536734682478846e+00
2.093033376152022118e+00
2.346272136258374275e+00
2.097438385151162432e+00
3.503047517595594851e+00
5.247265915139977643e+00
3.681393921130436730e+00
3.510684789381326443e+00
3.651364065259500968e+00
3.832168878492095754e+00
4.114434422313978601e+00
4.862954791184866288e+00
6.041564548464045892e+00
8.145684931946830076e+00
6.279581431342396769e+00
5.924437673448076147e+00
6.731901306414422415e+00
6.804054749443348982e+00
8.236926925765306606e+00
1.125117902158972072e+01
1.106935824055482342e+01
1.018692925588142906e+01
9.306785441348528920e+00
1.108897797983132527e+01
9.854277529570254046e+00
7.245024889757163855e+00
9.927703027708682626e+00
9.135163815804453691e+00
1.397436922844621954e+01
9.733095034636750853e+00
1.013100698934563049e+01
1.241285699632409489e+01
1.320438072726879497e+01
2.040096287532584185e+01
1.363370199698462670e+01
1.393076524592909315e+01
1.036802619053637464e+01
2.119539623726840105e+01
1.493719550446926370e+01
2.112795643880737018e+01
2.315258355578968974e+01
2.746155438217662947e+01
4.958142463772401243e+01
1.217652651383226292e+01
1.997241139714711267e+01
3.245907731855680112e+01
2.148332159131084040e+01
1.998712391801210586e+01
2.027522799771661965e+01
3.288796798920449049e+01
7.047126969102298233e+01
1.955376092701975358e+04
1.405034880417265981e+02
2.031820064022566294e+04
1.517087309230958999e+04
0.000000000000000000e+00
7.963137163835225692e+03
1.866414071251793575e+04
2.139454104794750674e+04
2.247993093414162649e+04
1.876539199429624205e+04
1.377152617257863130e+04
0.000000000000000000e+00
0.000000000000000000e+00
0.000000000000000000e+00
0.000000000000000000e+00
0.000000000000000000e+00
0.000000000000000000e+00
0.000000000000000000e+00
0.000000000000000000e+00
0.000000000000000000e+00
0.000000000000000000e+00
0.000000000000000000e+00
0.000000000000000000e+00
0.000000000000000000e+00
0.000000000000000000e+00
0.000000000000000000e+00
0.000000000000000000e+00
0.000000000000000000e+00
0.000000000000000000e+00
0.000000000000000000e+00
0.000000000000000000e+00
0.000000000000000000e+00
0.000000000000000000e+00
0.000000000000000000e+00
0.000000000000000000e+00
0.000000000000000000e+00
0.000000000000000000e+00
0.000000000000000000e+00
0.000000000000000000e+00
0.000000000000000000e+00
0.000000000000000000e+00
