5.717408143467739290e-01
1.302453526686444985e+00
1.476359559577606229e+00
2.427328561130781992e+00
4.473124634102538799e+00
5.693743359871128007e+00
4.824089621313985887e+00
4.996753721517931623e+00
9.072705228842265157e+00
7.150438208574040111e+00
8.962453204631572135e+00
1.691845474371232427e+01
1.907394765251133961e+01
1.049381867059526208e+01
2.465864979146533287e+01
1.831283443242188369e+01
2.836037519381500616e+01
3.571761360482958025e+01
3.304785649921294777e+01
3.320911402347268648e+01
4.069041758414521581e+01
4.222858773664178500e+01
3.125458038139170824e+01
5.045875478667998948e+01
5.633157629863687532e+01
4.702639621850737939e+01
6.932330807206908219e+01
5.708066175133503606e+01
6.027812571171696021e+01
7.285061704361167756e+01
6.277880487735247783e+01
5.783488981495361259e+01
6.631391096336412261e+01
1.151506284471375494e+02
2.009175223143182052e+02
1.233514722203718702e+04
1.251348171866091252e+04
1.317920012984748610e+04
1.978538311376190393e+02
1.625388348630082760e+02
1.445644063576493681e+04
1.375461545306140397e+04
1.414102235164213198e+04
1.291350245658994027e+04
1.292615996144773089e+04
1.549517211342361043e+04
1.503119558785043773e+04
1.319398218455467031e+04
1.197875222144740655e+04
8.737974492914376242e+03
8.765804580344198257e+03
6.030307036675388190e+03
7.399856843609838506e+03
0.000000000000000000e+00
0.000000000000000000e+00
0.000000000000000000e+00
1.844665181683282208e+04
1.703146455708440772e+04
0.000000000000000000e+00
0.000000000000000000e+00
0.000000000000000000e+00
0.000000000000000000e+00
0.000000000000000000e+00
0.000000000000000000e+00
0.000000000000000000e+00
0.000000000000000000e+00
0.000000000000000000e+00
0.000000000000000000e+00
0.000000000000000000e+00
0.000000000000000000e+00
0.000000000000000000e+00
0.000000000000000000e+00
0.000000000000000000e+00
0.000000000000000000e+00
0.000000000000000000e+00
0.000000000000000000e+00
0.000000000000000000e+00
0.000000000000000000e+00
0.000000000000000000e+00
0.000000000000000000e+00
0.000000000000000000e+00
0.000000000000000000e+00
0.000000000000000000e+00
0.000000000000000000e+00
0.000000000000000000e+00
0.000000000000000000e+00
0.000000000000000000e+00
0.000000000000000000e+00
0.000000000000000000e+00
0.000000000000000000e+00
0.000000000000000000e+00
0.000000000000000000e+00
0.000000000000000000e+00
0.000000000000000000e+00
0.000000000000000000e+00
0.000000000000000000e+00
0.000000000000000000e+00
0.000000000000000000e+00
0.000000000000000000e+00
0.000000000000000000e+00
