4.677345351421055564e-01
1.126742392886884936e+00
1.403069061565707543e+00
2.087683118362206880e+00
2.731290110054124920e+00
3.779529375195982421e+00
1.080233945021679531e+01
5.024651732308599961e+00
5.541399109762749298e+00
7.731660196249849903e+00
9.107355064921069498e+00
1.843577081305713961e+01
1.253912274024826168e+01
9.643627474094047969e+00
1.062341260620976868e+01
1.186829891418955540e+01
1.684922512864851640e+01
2.923478319945657233e+01
1.870514519816649823e+01
1.977527823151982389e+01
2.343112654722509092e+01
3.577919849836381161e+01
2.730951371942562034e+01
2.805347657307038034e+01
3.143190617921249697e+01
3.408596010820946987e+01
3.025719217118667714e+01
2.948193196789809534e+01
3.680951505044937733e+01
4.192954328343066095e+01
2.377450012697715209e+01
2.909354660390053127e+01
3.423204323415212258e+01
3.750794372460870107e+01
4.871491245268882864e+01
4.929872797906873672e+01
6.363131440918328252e+01
4.215574911322764251e+01
4.987078873041340898e+01
5.712197301203755728e+01
5.696364882936433816e+01
5.934547634044572106e+01
4.975190804068145667e+01
4.896630848621418153e+01
5.767793348427170486e+01
6.512791618812009631e+01
6.121169764730232998e+01
6.549426852105628427e+01
6.432696430717787450e+01
8.865966081952797140e+01
9.562073242738743772e+01
1.356491046723595844e+02
1.554217998451000130e+04
1.576155058173023281e+04
1.037508534534192040e+04
1.266792576871163510e+04
1.932719295914819304e+04
2.022444136212857484e+04
6.106115919131896590e+03
0.000000000000000000e+00
0.000000000000000000e+00
6.702772123516650026e+03
6.384188020452111232e+03
0.000000000000000000e+00
0.000000000000000000e+00
0.000000000000000000e+00
0.000000000000000000e+00
0.000000000000000000e+00
0.000000000000000000e+00
0.000000000000000000e+00
0.000000000000000000e+00
0.000000000000000000e+00
0.000000000000000000e+00
0.000000000000000000e+00
0.000000000000000000e+00
0.000000000000000000e+00
0.000000000000000000e+00
0.000000000000000000e+00
0.000000000000000000e+00
0.000000000000000000e+00
0.000000000000000000e+00
0.000000000000000000e+00
0.000000000000000000e+00
0.000000000000000000e+00
0.000000000000000000e+00
0.000000000000000000e+00
0.000000000000000000e+00
0.000000000000000000e+00
0.000000000000000000e+00
0.000000000000000000e+00
0.000000000000000000e+00
0.000000000000000000e+00
0.000000000000000000e+00
0.000000000000000000e+00
0.000000000000000000e+00
0.000000000000000000e+00
0.000000000000000000e+00
0.000000000000000000e+00
0.000000000000000000e+00
0.000000000000000000e+00
