2.865418874090369661e-01
6.624380064044419480e-01
6.868115562329374368e-01
1.232978795987732301e+00
1.249643901972327109e+00
1.680473553759479266e+00
2.801793487888044165e+00
3.206590618467218601e+00
3.071580654629729068e+00
3.733643239488928955e+00
5.074777338171166718e+00
4.590113249140503449e+00
6.140718991628367540e+00
5.283718453120280323e+00
5.948298465973193672e+00
6.647756134593368671e+00
6.551366353142583421e+00
1.117522767541514028e+01
1.816578682136256973e+01
1.006397754014508372e+01
1.526587950163978746e+01
1.453323438847032456e+01
1.551406185438583130e+01
1.973135389983125521e+01
1.173635729069470379e+01
1.609541610800644662e+01
1.540372413252831052e+01
1.643515223701807315e+01
1.891082027684905853e+01
2.877323825198605434e+01
2.014642600376432569e+01
1.357323995592757804e+01
1.994785634118973405e+01
1.477570510119232772e+01
2.011855944988772293e+01
2.041256578788437892e+01
1.883360257247890246e+01
2.158795693296850260e+01
2.564529643365207789e+01
3.104371726945264953e+01
4.684816649066054595e+01
4.566039351919454248e+01
4.505108191459474654e+01
3.641341061463567996e+01
2.780375686465177765e+01
3.982832151641034102e+01
3.039444116948929064e+01
3.795052703769423630e+01
4.242204766643641278e+01
4.789500542566189267e+01
3.725186728791121737e+01
4.935300426838379195e+01
6.729594509238341971e+01
8.429353445054231031e+01
1.761951792305612798e+02
1.819676796019785456e+02
1.376349366907175522e+02
2.607332173909685480e+02
1.176785583005610715e+04
0.000000000000000000e+00
6.927703352253837693e+03
8.205198701977753444e+03
1.242349922740913644e+04
7.245114411979983743e+03
7.267564545239907602e+03
7.375186245559830240e+03
0.000000000000000000e+00
0.000000000000000000e+00
0.000000000000000000e+00
0.000000000000000000e+00
0.000000000000000000e+00
0.000000000000000000e+00
0.000000000000000000e+00
0.000000000000000000e+00
0.000000000000000000e+00
0.000000000000000000e+00
0.000000000000000000e+00
0.000000000000000000e+00
0.000000000000000000e+00
0.000000000000000000e+00
0.000000000000000000e+00
0.000000000000000000e+00
0.000000000000000000e+00
0.000000000000000000e+00
0.000000000000000000e+00
0.000000000000000000e+00
0.000000000000000000e+00
0.000000000000000000e+00
0.000000000000000000e+00
0.000000000000000000e+00
0.000000000000000000e+00
0.000000000000000000e+00
0.000000000000000000e+00
0.000000000000000000e+00
0.000000000000000000e+00
0.000000000000000000e+00
0.000000000000000000e+00
0.000000000000000000e+00
0.000000000000000000e+00
0.000000000000000000e+00
