3.133022852657330604e-01
5.609461932561135011e-01
6.975965111736757152e-01
1.103595552052130557e+00
1.326292906302301899e+00
1.723146483008221930e+00
3.465134649492998875e+00
2.034456890604614987e+00
3.204129052804510547e+00
2.936204676920549428e+00
4.067255947128945337e+00
4.355255787223481612e+00
4.295674414683223752e+00
5.349933259928890017e+00
5.165391399204973588e+00
5.216493098818923535e+00
5.869819835851848744e+00
7.137170037088240271e+00
9.689453671876286478e+00
5.991819130374309132e+00
1.250183623862362303e+01
7.302589716033451417e+00
9.864949320624692319e+00
7.522160934350557326e+00
7.824181242985947193e+00
1.092118080175347750e+01
1.100326920561353639e+01
1.571442639910718775e+01
1.265676130916157405e+01
1.293862289107435970e+01
1.445027143831440064e+01
1.286451001135548999e+01
1.119902374587685756e+01
1.177872321775582520e+01
1.225680719998977430e+01
2.322893746835232420e+01
1.252879193051126983e+01
1.075423150724674848e+01
1.476714516045028347e+01
1.607092102482589624e+01
2.244844398332284641e+01
3.794974589661233466e+01
1.726426879880821375e+01
2.340323405201288409e+01
2.221182999257661095e+01
2.674001344634922717e+01
5.062341931001721207e+01
3.866956271683331181e+01
2.543117895392900607e+01
3.448852636007107719e+01
4.238211521971413021e+01
3.310453922447577924e+01
3.814149353456088676e+01
5.382154457355673571e+01
1.091124964140843474e+02
1.367737703480630387e+02
1.038993494071409600e+02
2.018012953387402320e+02
1.796656593615239763e+04
0.000000000000000000e+00
1.253578154007100420e+04
2.190418580310904508e+04
2.212199362684381776e+04
2.239986227097545270e+04
2.206670186502960132e+04
1.668464707097441351e+04
1.230986160561867473e+04
0.000000000000000000e+00
0.000000000000000000e+00
0.000000000000000000e+00
0.000000000000000000e+00
0.000000000000000000e+00
0.000000000000000000e+00
0.000000000000000000e+00
0.000000000000000000e+00
0.000000000000000000e+00
0.000000000000000000e+00
0.000000000000000000e+00
0.000000000000000000e+00
0.000000000000000000e+00
0.000000000000000000e+00
0.000000000000000000e+00
0.000000000000000000e+00
0.000000000000000000e+00
0.000000000000000000e+00
0.000000000000000000e+00
0.000000000000000000e+00
0.000000000000000000e+00
0.000000000000000000e+00
0.000000000000000000e+00
0.000000000000000000e+00
0.000000000000000000e+00
0.000000000000000000e+00
0.000000000000000000e+00
0.000000000000000000e+00
0.000000000000000000e+00
0.000000000000000000e+00
0.000000000000000000e+00
0.000000000000000000e+00
0.000000000000000000e+00
