6.740847361267455762e-01
3.989184313046266972e+00
1.962556233622832158e+00
2.619862636048906346e+00
5.500511462479626523e+00
7.355648968888623962e+00
1.009578556505011626e+01
6.193718020587578366e+00
1.224529132323870861e+01
1.136588699744745057e+01
1.335856007348628083e+01
2.973251744565718724e+01
2.253209023438154546e+01
1.923846857113221986e+01
3.291486743843513096e+01
3.124859318935697416e+01
2.950778985029954171e+01
5.117761959140084826e+01
4.720463922074530672e+01
3.122621701785388382e+01
3.129339005299567589e+01
5.846758796352484921e+01
5.458487429555320603e+01
6.246434839827286822e+01
7.350728983376431813e+01
5.689408786484258940e+01
5.735641494791743611e+01
6.554076697201290358e+01
7.360567514232039343e+01
4.110651456494646538e+01
9.203171403350086166e+01
1.180861797542586100e+04
1.367578611688876720e+02
1.565355386311686630e+02
1.808607875362951063e+02
1.314948693007124530e+04
1.343302558698277244e+04
1.266926917588532342e+04
1.172586010961296961e+04
1.091660395991173755e+04
1.409710761594456380e+04
1.250739138879312122e+04
1.063747161022185537e+04
1.452961966297772960e+04
1.515977481604275818e+04
1.505486666411034275e+04
1.373070204439325607e+04
1.066935183935217901e+04
1.177698996335627817e+04
4.880151496386049075e+03
0.000000000000000000e+00
0.000000000000000000e+00
0.000000000000000000e+00
1.431126970818779046e+04
1.431090976000676892e+04
0.000000000000000000e+00
0.000000000000000000e+00
0.000000000000000000e+00
0.000000000000000000e+00
6.199122205167512220e+03
0.000000000000000000e+00
6.539441750340130056e+03
0.000000000000000000e+00
0.000000000000000000e+00
0.000000000000000000e+00
0.000000000000000000e+00
0.000000000000000000e+00
0.000000000000000000e+00
0.000000000000000000e+00
0.000000000000000000e+00
0.000000000000000000e+00
0.000000000000000000e+00
0.000000000000000000e+00
0.000000000000000000e+00
0.000000000000000000e+00
0.000000000000000000e+00
0.000000000000000000e+00
0.000000000000000000e+00
0.000000000000000000e+00
0.000000000000000000e+00
0.000000000000000000e+00
0.000000000000000000e+00
0.000000000000000000e+00
0.000000000000000000e+00
0.000000000000000000e+00
0.000000000000000000e+00
0.000000000000000000e+00
0.000000000000000000e+00
0.000000000000000000e+00
0.000000000000000000e+00
0.000000000000000000e+00
0.000000000000000000e+00
0.000000000000000000e+00
0.000000000000000000e+00
0.000000000000000000e+00
0.000000000000000000e+00
0.000000000000000000e+00
0.000000000000000000e+00
0.000000000000000000e+00
0.000000000000000000e+00
