8.376548792672058319e-01
4.194486341423192322e+00
2.501607799246199804e+00
3.889563246037308630e+00
4.630910582469814685e+00
5.480970449481493034e+00
7.447311465496548877e+00
7.319384228760942079e+00
7.590557036761996557e+00
1.282279289767704178e+01
1.443493251815178446e+01
1.901683393087903085e+01
2.144744299987434033e+01
1.930088616321449990e+01
2.194414903339323075e+01
4.451289713374882950e+01
2.249091048099014856e+01
2.988159072237057501e+01
3.749590773746362515e+01
2.872879442667821692e+01
2.553029247808269631e+01
3.718390811717902267e+01
5.206839400659538342e+01
4.758946495918643649e+01
5.494795729092327008e+01
4.110019832455201083e+01
6.306184657173156438e+01
4.540544707915095302e+01
6.175114233864420754e+01
3.076731990828524843e+01
5.526249730023258877e+01
6.259484126789944014e+01
6.345067932006190148e+01
6.759995262831601792e+01
6.190340321696669434e+01
8.347966097979320921e+01
7.160399193539370799e+01
8.261523512520315649e+01
9.653427460579077035e+01
8.774204860499419567e+01
9.325203227690563779e+01
1.202516393183078094e+02
1.081900224966529152e+02
1.077000097420868059e+02
1.894775339093517630e+02
1.683792678046162621e+02
2.366770934154139638e+02
1.673701983755723995e+04
1.520970037908635641e+04
1.081109188959321000e+04
6.433078477965926140e+03
0.000000000000000000e+00
5.728737668445973213e+03
1.603975527995418815e+04
1.428092915470425032e+04
0.000000000000000000e+00
0.000000000000000000e+00
0.000000000000000000e+00
0.000000000000000000e+00
0.000000000000000000e+00
0.000000000000000000e+00
0.000000000000000000e+00
0.000000000000000000e+00
0.000000000000000000e+00
0.000000000000000000e+00
0.000000000000000000e+00
0.000000000000000000e+00
0.000000000000000000e+00
0.000000000000000000e+00
0.000000000000000000e+00
0.000000000000000000e+00
0.000000000000000000e+00
0.000000000000000000e+00
0.000000000000000000e+00
0.000000000000000000e+00
0.000000000000000000e+00
0.000000000000000000e+00
0.000000000000000000e+00
0.000000000000000000e+00
0.000000000000000000e+00
0.000000000000000000e+00
0.000000000000000000e+00
0.000000000000000000e+00
0.000000000000000000e+00
0.000000000000000000e+00
0.000000000000000000e+00
0.000000000000000000e+00
0.000000000000000000e+00
0.000000000000000000e+00
0.000000000000000000e+00
0.000000000000000000e+00
0.000000000000000000e+00
0.000000000000000000e+00
0.000000000000000000e+00
0.000000000000000000e+00
0.000000000000000000e+00
0.000000000000000000e+00
0.000000000000000000e+00
0.000000000000000000e+00
0.000000000000000000e+00
