3.570521440903028365e-01
2.032321521380125340e+00
1.256064707360066590e+00
1.901293573413377347e+00
1.830571719969799283e+00
2.061766763158647375e+00
2.258123799822873590e+00
3.911462690011596521e+00
4.671120943470370435e+00
4.320146781591573948e+00
4.942695970230096769e+00
7.763822885167257937e+00
6.169934932310243703e+00
5.894396550400361257e+00
6.035619678614329686e+00
7.739241371001204683e+00
9.835450312061400524e+00
1.408998744130371783e+01
1.126905165400068931e+01
1.603501016105529686e+01
8.913586468935772444e+00
1.213278179679168467e+01
1.666224255574953972e+01
1.302153755682546610e+01
2.504502141182035757e+01
2.817584739310319364e+01
3.319583911838549284e+01
2.025137857953634679e+01
1.790477273412321324e+01
1.418006734234253230e+01
2.504954569584641533e+01
1.774027912078542712e+01
2.165980867262738485e+01
2.224132400187253111e+01
2.168642614660982559e+01
3.781468464722136247e+01
3.779376425734719191e+01
5.019167456316817777e+01
4.874836734704269503e+01
5.539911104837178613e+01
3.321879106085211220e+01
3.455089942081993826e+01
4.825416092132758905e+01
5.673995786507496319e+01
5.454575156965307769e+01
4.668113391966340942e+01
4.359182462433593486e+01
7.761607393413515865e+01
7.508571620330434371e+01
1.866375295620045290e+04
1.808584731967332846e+04
1.586447544278344321e+04
1.440785691296449113e+04
1.902286930872899393e+04
7.840781804571576686e+03
0.000000000000000000e+00
0.000000000000000000e+00
0.000000000000000000e+00
7.083706175777772842e+03
9.639536550328837620e+03
0.000000000000000000e+00
0.000000000000000000e+00
0.000000000000000000e+00
0.000000000000000000e+00
0.000000000000000000e+00
0.000000000000000000e+00
0.000000000000000000e+00
0.000000000000000000e+00
0.000000000000000000e+00
0.000000000000000000e+00
0.000000000000000000e+00
0.000000000000000000e+00
0.000000000000000000e+00
0.000000000000000000e+00
0.000000000000000000e+00
0.000000000000000000e+00
0.000000000000000000e+00
0.000000000000000000e+00
0.000000000000000000e+00
0.000000000000000000e+00
0.000000000000000000e+00
0.000000000000000000e+00
0.000000000000000000e+00
0.000000000000000000e+00
0.000000000000000000e+00
0.000000000000000000e+00
0.000000000000000000e+00
0.000000000000000000e+00
0.000000000000000000e+00
0.000000000000000000e+00
0.000000000000000000e+00
0.000000000000000000e+00
0.000000000000000000e+00
0.000000000000000000e+00
0.000000000000000000e+00
0.000000000000000000e+00
0.000000000000000000e+00
0.000000000000000000e+00
0.000000000000000000e+00
0.000000000000000000e+00
