1.020986351623407729e-01
2.520592911893108634e-01
2.531219443316783391e-01
3.630864953094600778e-01
3.833513150122292990e-01
5.132439820388940976e-01
9.369892288580470296e-01
7.974448588748523914e-01
1.057047970875123477e+00
9.471362980825002165e-01
1.031132800149314299e+00
1.117767279251753010e+00
1.203020214074138394e+00
1.395948958638565607e+00
1.592122800370258107e+00
2.223142401703928073e+00
1.695529532383885929e+00
1.795038932401553211e+00
1.764182714042933364e+00
1.925323613784542420e+00
2.277073818903289748e+00
2.252506161973044652e+00
2.357315919680852190e+00
2.427067179809017539e+00
2.544016977645996214e+00
2.477321876406724410e+00
3.303272722296854091e+00
2.903737867959052643e+00
3.012982347822934059e+00
3.388523116161256343e+00
4.401334789125921354e+00
3.844424691679466211e+00
3.981079436354538537e+00
4.458367418067461507e+00
4.263020289759094084e+00
5.472736421462717438e+00
6.177913037713171462e+00
5.388302537363484745e+00
7.250347421060701514e+00
7.660634830993198641e+00
1.075298439159930908e+01
1.156002592618317593e+01
1.060065123795727793e+01
8.228089182124332268e+00
9.360130031989685406e+00
9.768047482287309791e+00
9.836104388420661593e+00
9.786432248280881652e+00
9.317534076362735007e+00
1.147024539353104622e+01
1.068669578567870282e+01
1.100383064609143169e+01
1.140644750644576710e+01
1.166996971756374002e+01
1.066634661633756842e+01
1.084326920408442518e+01
1.212461766114474671e+01
1.161633308589131097e+01
1.238412813059178497e+01
1.200958518786504747e+01
1.259122197440626323e+01
1.202329097363242560e+01
1.222334049696873670e+01
1.388458815962362713e+01
1.217206857281257015e+01
1.163120929837508832e+01
1.141009112360793409e+01
1.367144247344769958e+01
1.500031230247566860e+01
1.403183432238068740e+01
1.217949140338841119e+01
1.631408125849143786e+01
1.416496253834882957e+01
1.364533816067689109e+01
1.437444928723119020e+01
1.448933974071599806e+01
1.452096568823874456e+01
1.885636512268379050e+01
1.619838756583376949e+01
1.636208339341519746e+01
1.679564131183374087e+01
1.826640013780865246e+01
1.988166371400514976e+01
2.182875122984820138e+01
2.203578281265293981e+01
2.571428729839289318e+01
3.069226183283143783e+01
8.507782365302661276e+01
1.365487306357433965e+02
1.031866220716570569e+04
2.068984303667448330e+03
9.216193675352484433e+02
9.336454886842768701e+02
9.413751367929515936e+02
0.000000000000000000e+00
0.000000000000000000e+00
0.000000000000000000e+00
0.000000000000000000e+00
0.000000000000000000e+00
0.000000000000000000e+00
