5.240622139110654443e-01
1.897542079018873284e+00
1.665528859447759746e+00
2.012344607150889253e+00
2.516295065707348400e+00
3.145682194473164106e+00
4.265060458770293828e+00
4.206189687552257084e+00
4.532644238930656044e+00
5.641143411724081069e+00
6.902719011480631828e+00
6.113116180932077093e+00
8.813883601306343962e+00
7.364953523577814742e+00
8.288113536994707431e+00
8.231948407667838197e+00
9.362849756009619995e+00
1.033165938210512103e+01
1.599645548748519630e+01
1.265627677638205384e+01
1.386906129354665751e+01
1.282271210115315796e+01
1.351825880954182502e+01
1.374987937416971384e+01
1.728863468265010539e+01
1.518417420453652333e+01
1.719903227799941092e+01
1.960728377246908138e+01
2.302474308355915866e+01
1.665838440852088098e+01
1.604112834024549628e+01
1.969206211989208199e+01
2.322298066736145117e+01
2.472530251109822785e+01
2.020304198283366404e+01
2.826029663446274398e+01
2.345335104281548411e+01
2.797228155247325176e+01
3.226476717321713039e+01
2.983963856765451084e+01
2.853409891104985974e+01
3.266617281094846703e+01
3.015208887098465951e+01
3.190148324592459872e+01
4.053401579503050556e+01
3.901229809466280329e+01
3.508539331401188122e+01
3.356672306605341305e+01
3.458163189088151057e+01
3.774467065627261064e+01
4.316886947542377584e+01
5.437564897826463550e+01
5.113295945007188692e+01
8.630093411299789352e+01
1.619022596063497588e+02
1.749981389610218685e+04
0.000000000000000000e+00
1.636822174229201482e+04
1.467449679019742916e+02
1.244334135410600908e+02
2.248247848979882110e+04
1.708504104420504882e+04
1.317190874614612585e+04
0.000000000000000000e+00
0.000000000000000000e+00
0.000000000000000000e+00
0.000000000000000000e+00
0.000000000000000000e+00
0.000000000000000000e+00
0.000000000000000000e+00
0.000000000000000000e+00
0.000000000000000000e+00
0.000000000000000000e+00
0.000000000000000000e+00
0.000000000000000000e+00
0.000000000000000000e+00
0.000000000000000000e+00
0.000000000000000000e+00
0.000000000000000000e+00
0.000000000000000000e+00
0.000000000000000000e+00
0.000000000000000000e+00
0.000000000000000000e+00
0.000000000000000000e+00
0.000000000000000000e+00
0.000000000000000000e+00
0.000000000000000000e+00
0.000000000000000000e+00
0.000000000000000000e+00
0.000000000000000000e+00
0.000000000000000000e+00
0.000000000000000000e+00
0.000000000000000000e+00
0.000000000000000000e+00
0.000000000000000000e+00
0.000000000000000000e+00
0.000000000000000000e+00
0.000000000000000000e+00
0.000000000000000000e+00
0.000000000000000000e+00
