1.192945501571718081e+00
1.835565082440325790e+00
4.474916760611228561e+00
4.753365692167798251e+00
6.995367321069271505e+00
9.337497978468082493e+00
5.802673008610449656e+00
7.848076486677189934e+00
1.073317102003744772e+01
1.187963897673444436e+01
1.750490034766245984e+01
2.246856145443103614e+01
2.506815916309464498e+01
3.152640365954916390e+01
3.718486697744184255e+01
4.161684407195747326e+01
4.708468982343105580e+01
5.354908179113387945e+01
5.232504535304124005e+01
4.292511474146662209e+01
5.259990401999850462e+01
5.862540287459197685e+01
8.990490362804435165e+01
1.220125732564631420e+02
1.438284961442643066e+02
1.252525201540020277e+02
1.794012175462664231e+02
8.964897827528058372e+01
6.484880547046728339e+01
1.175492674366474239e+04
1.105787332859715752e+04
1.262436097955624427e+04
1.292722959594319946e+04
1.243759319843647972e+04
1.204056111802912346e+04
1.071662613528901420e+04
1.126669485706337946e+04
8.543733565186757914e+03
1.132465094763601519e+04
4.777255024331535424e+03
8.605545322629974180e+03
7.772326552080630790e+03
1.281461411669648260e+04
1.322133443322915991e+04
9.536705882982661933e+03
0.000000000000000000e+00
0.000000000000000000e+00
4.824726867935391056e+03
0.000000000000000000e+00
5.550958732094163679e+03
1.366365503082165742e+04
1.473363116969879957e+04
0.000000000000000000e+00
0.000000000000000000e+00
0.000000000000000000e+00
0.000000000000000000e+00
0.000000000000000000e+00
0.000000000000000000e+00
0.000000000000000000e+00
0.000000000000000000e+00
0.000000000000000000e+00
0.000000000000000000e+00
0.000000000000000000e+00
0.000000000000000000e+00
0.000000000000000000e+00
0.000000000000000000e+00
0.000000000000000000e+00
0.000000000000000000e+00
0.000000000000000000e+00
0.000000000000000000e+00
0.000000000000000000e+00
0.000000000000000000e+00
0.000000000000000000e+00
0.000000000000000000e+00
0.000000000000000000e+00
0.000000000000000000e+00
0.000000000000000000e+00
0.000000000000000000e+00
0.000000000000000000e+00
0.000000000000000000e+00
0.000000000000000000e+00
0.000000000000000000e+00
0.000000000000000000e+00
0.000000000000000000e+00
0.000000000000000000e+00
0.000000000000000000e+00
0.000000000000000000e+00
0.000000000000000000e+00
0.000000000000000000e+00
0.000000000000000000e+00
0.000000000000000000e+00
0.000000000000000000e+00
0.000000000000000000e+00
0.000000000000000000e+00
0.000000000000000000e+00
0.000000000000000000e+00
0.000000000000000000e+00
0.000000000000000000e+00
0.000000000000000000e+00
0.000000000000000000e+00
