7.221313728888745231e-01
9.695183341215333206e-01
1.876307602708622735e+00
2.291776273456686663e+00
3.205803566627388523e+00
5.187202952115402610e+00
9.341667057543931563e+00
5.711503935551185407e+00
8.101869865054510456e+00
8.845350238150571087e+00
8.040888630871794618e+00
1.187538463831057278e+01
1.121240859517722477e+01
1.030294402386071617e+01
1.429656299098128613e+01
1.495833486577443594e+01
2.313158821733095039e+01
1.842328538066520949e+01
1.857634969279379433e+01
1.542803719292413689e+01
2.680543857517814743e+01
3.408144002469304468e+01
3.129038067661558387e+01
2.684431535090834942e+01
4.150432864943403644e+01
4.096130099528798496e+01
3.808284634907177235e+01
3.953554796035673036e+01
4.225308370555945459e+01
3.689168950629944277e+01
5.441298369560478676e+01
9.258999889446670295e+01
3.994223414423782259e+01
4.209058148868331273e+01
6.136138670943407902e+01
6.714536417503494192e+01
1.587813495238507357e+02
1.501995072378210352e+04
1.175154957853641093e+02
1.095677962676696495e+02
7.928522714760333656e+01
9.493695182523497067e+01
1.022066617251014691e+02
1.960023349786773679e+02
1.763298311878798631e+04
1.612917516993036588e+04
1.254839422606584958e+04
1.259468682191892367e+04
5.236259021351976116e+03
0.000000000000000000e+00
1.720469302498548132e+04
1.290704948995386439e+04
0.000000000000000000e+00
0.000000000000000000e+00
0.000000000000000000e+00
0.000000000000000000e+00
0.000000000000000000e+00
0.000000000000000000e+00
0.000000000000000000e+00
0.000000000000000000e+00
0.000000000000000000e+00
0.000000000000000000e+00
0.000000000000000000e+00
0.000000000000000000e+00
0.000000000000000000e+00
0.000000000000000000e+00
0.000000000000000000e+00
0.000000000000000000e+00
0.000000000000000000e+00
0.000000000000000000e+00
0.000000000000000000e+00
0.000000000000000000e+00
0.000000000000000000e+00
0.000000000000000000e+00
0.000000000000000000e+00
0.000000000000000000e+00
0.000000000000000000e+00
0.000000000000000000e+00
0.000000000000000000e+00
0.000000000000000000e+00
0.000000000000000000e+00
0.000000000000000000e+00
0.000000000000000000e+00
0.000000000000000000e+00
0.000000000000000000e+00
0.000000000000000000e+00
0.000000000000000000e+00
0.000000000000000000e+00
0.000000000000000000e+00
0.000000000000000000e+00
0.000000000000000000e+00
0.000000000000000000e+00
0.000000000000000000e+00
0.000000000000000000e+00
0.000000000000000000e+00
0.000000000000000000e+00
0.000000000000000000e+00
0.000000000000000000e+00
0.000000000000000000e+00
0.000000000000000000e+00
