5.466194937790230801e-01
1.004305721222066516e+00
1.819330139760150455e+00
2.463042205145342223e+00
4.104556940478246041e+00
3.172979330463443048e+00
3.020025453211085065e+00
4.100506570480076718e+00
5.562959535701406111e+00
6.573703655734820295e+00
7.532052252576852958e+00
9.145009635258087854e+00
8.710197038946214221e+00
8.013696078320997174e+00
8.776806061987992180e+00
1.528936587279252635e+01
2.166694153786174937e+01
1.268896275144907548e+01
1.769065249756497948e+01
1.386584753309345963e+01
2.046411035746733376e+01
1.625186976798680760e+01
1.498467362317324003e+01
2.268429257289637135e+01
1.909315659191225123e+01
2.272989329198895092e+01
3.616898819588663372e+01
2.726228912812247529e+01
1.861600280549662401e+01
2.078975292039259415e+01
2.567364960647574890e+01
3.863333008050972950e+01
2.409977110478021345e+01
2.118218165025789546e+01
4.495629677200103202e+01
4.660271015685806617e+01
4.015045894384641656e+01
3.163503594968439714e+01
3.209374520114749885e+01
3.389167742178491949e+01
3.222691040722410349e+01
4.116073081736546158e+01
5.847218915707850329e+01
5.626871067278911198e+01
5.835269892694147842e+01
5.362432106377719521e+01
5.959557580921345021e+01
1.235663444681551510e+02
3.229884538738807578e+02
1.877721104625590306e+04
2.023526651488990319e+04
1.734708226138594182e+04
0.000000000000000000e+00
0.000000000000000000e+00
9.730436351834081506e+03
1.514986830243750228e+04
1.139125599246585080e+04
6.844022720147268046e+03
0.000000000000000000e+00
0.000000000000000000e+00
0.000000000000000000e+00
0.000000000000000000e+00
0.000000000000000000e+00
0.000000000000000000e+00
0.000000000000000000e+00
0.000000000000000000e+00
0.000000000000000000e+00
0.000000000000000000e+00
0.000000000000000000e+00
0.000000000000000000e+00
0.000000000000000000e+00
0.000000000000000000e+00
0.000000000000000000e+00
0.000000000000000000e+00
0.000000000000000000e+00
0.000000000000000000e+00
0.000000000000000000e+00
0.000000000000000000e+00
0.000000000000000000e+00
0.000000000000000000e+00
0.000000000000000000e+00
0.000000000000000000e+00
0.000000000000000000e+00
0.000000000000000000e+00
0.000000000000000000e+00
0.000000000000000000e+00
0.000000000000000000e+00
0.000000000000000000e+00
0.000000000000000000e+00
0.000000000000000000e+00
0.000000000000000000e+00
0.000000000000000000e+00
0.000000000000000000e+00
0.000000000000000000e+00
0.000000000000000000e+00
0.000000000000000000e+00
0.000000000000000000e+00
0.000000000000000000e+00
0.000000000000000000e+00
0.000000000000000000e+00
