4.331109699652233580e-01
6.559968581875085247e-01
9.810648746575815204e-01
1.485361070388369509e+00
1.378844852475032745e+00
2.180478275412816913e+00
2.109664243080576540e+00
3.079843611284834637e+00
3.100097833600401920e+00
3.146994128775155275e+00
3.639227239838352279e+00
7.884714400401050760e+00
6.110348644149905972e+00
5.848478265053028480e+00
6.363570133465472622e+00
5.578486919778746334e+00
1.023174348287337132e+01
8.826496350097107424e+00
1.360020235993915172e+01
7.526357535645763264e+00
1.294276499169163053e+01
1.188437286898529877e+01
1.138839012208704027e+01
1.469382773111751384e+01
1.828727869471093470e+01
1.354611506957942524e+01
1.850923031836157762e+01
1.490881590884904284e+01
1.187266883406241291e+01
1.713227455924990394e+01
1.291649597181830345e+01
1.557907989475853050e+01
1.566913371539446764e+01
2.235651009416547552e+01
1.900015768082753809e+01
2.124694392026396628e+01
2.181390992886279179e+01
2.785918940848066683e+01
2.719204756592284156e+01
2.807640443393470164e+01
2.771552293432153391e+01
3.236225826450704091e+01
3.355680786455690168e+01
2.745310990892631864e+01
3.309168275672351456e+01
3.072645590748683730e+01
4.443234937930558459e+01
4.622332839409341432e+01
5.955923849480975463e+01
7.708561822638604610e+01
8.760478257207621766e+01
2.340500002241424227e+02
7.877450438874116116e+03
8.258850706379427720e+03
2.103862687837335761e+04
1.821628038910964449e+02
2.649939617317579064e+02
1.846541489512579574e+04
9.184487619567311413e+03
8.105900101037731474e+03
0.000000000000000000e+00
0.000000000000000000e+00
0.000000000000000000e+00
0.000000000000000000e+00
0.000000000000000000e+00
0.000000000000000000e+00
0.000000000000000000e+00
0.000000000000000000e+00
0.000000000000000000e+00
0.000000000000000000e+00
0.000000000000000000e+00
0.000000000000000000e+00
0.000000000000000000e+00
0.000000000000000000e+00
0.000000000000000000e+00
0.000000000000000000e+00
0.000000000000000000e+00
0.000000000000000000e+00
0.000000000000000000e+00
0.000000000000000000e+00
0.000000000000000000e+00
0.000000000000000000e+00
0.000000000000000000e+00
0.000000000000000000e+00
0.000000000000000000e+00
0.000000000000000000e+00
0.000000000000000000e+00
0.000000000000000000e+00
0.000000000000000000e+00
0.000000000000000000e+00
0.000000000000000000e+00
0.000000000000000000e+00
0.000000000000000000e+00
0.000000000000000000e+00
0.000000000000000000e+00
0.000000000000000000e+00
0.000000000000000000e+00
0.000000000000000000e+00
0.000000000000000000e+00
0.000000000000000000e+00
