1.919554971893737416e-01
4.049882118783664220e-01
7.688904560412073153e-01
7.667516129356442001e-01
1.148300409508054010e+00
3.426263791371823686e+00
2.171182293276502140e+00
1.935483761298555150e+00
5.787665151265586339e+00
3.653597491362501781e+00
2.642489031970822300e+00
4.785006730839574729e+00
3.094299350209948951e+00
9.513080465614430992e+00
7.525392606091042325e+00
4.743259586558193242e+00
1.191845336496589702e+01
5.060377651893293915e+00
8.004436017742543541e+00
7.541684231272983041e+00
9.086531590557630267e+00
1.110941784262883125e+01
1.431721046764967475e+01
2.265709230868548829e+01
2.293483618486979125e+01
2.808469678256378543e+01
3.284300022718023371e+01
1.782112185686045436e+01
2.145888336439952582e+01
3.021944503219711819e+01
1.787049490395214235e+01
4.150105272482765173e+01
3.211015314025308953e+01
2.598387618708025570e+01
1.467048408920524594e+01
2.264518773431551324e+01
3.693460428960774067e+01
4.866277837527440653e+01
2.836261056817413717e+01
2.973469380246288196e+01
3.526289436450572623e+01
4.555058467712093062e+01
3.485627332504756026e+01
5.917983094457399318e+01
2.557493831281055918e+01
6.366473682201848305e+01
7.958822518965435222e+01
5.090675996220109312e+01
7.017246693510094246e+01
3.580209585187825638e+01
5.839389705718678414e+01
5.365222815859542749e+01
6.044787197941418810e+01
7.957674834204661352e+01
9.980052276033758574e+01
1.235407959610427861e+04
1.638279075884701115e+02
1.274224070296317223e+04
1.268135754824209471e+04
1.281996336835300644e+04
1.349320269916356665e+04
1.357977007477460211e+04
1.327707735114279239e+04
1.167914320209949256e+04
1.416346814487035408e+04
1.407810169695145248e+02
9.143766781025335888e+01
1.500489896704686726e+04
1.465429889306974292e+04
1.828461728082808406e+02
1.266524136519766586e+02
1.585917898256768058e+04
1.581987753706896001e+04
1.356089708305940258e+04
1.397498312715552493e+04
1.272559722766732557e+04
1.313401288872456280e+04
1.516149836567083184e+04
1.024923254985413405e+04
1.221286729365647079e+04
8.992793035844573751e+03
0.000000000000000000e+00
0.000000000000000000e+00
0.000000000000000000e+00
5.143304215654687141e+03
0.000000000000000000e+00
0.000000000000000000e+00
0.000000000000000000e+00
5.217327757906703482e+03
0.000000000000000000e+00
1.285055775616247047e+04
1.328634849094498713e+04
8.117467648615119288e+03
0.000000000000000000e+00
0.000000000000000000e+00
0.000000000000000000e+00
0.000000000000000000e+00
0.000000000000000000e+00
0.000000000000000000e+00
0.000000000000000000e+00
