2.328638408041143193e-01
5.949500857066631898e-01
8.453986246557454454e-01
9.750532897946821986e-01
1.326886814948260440e+00
1.611929425968531726e+00
1.862505034127032166e+00
2.253102768467899253e+00
3.096646649437562004e+01
5.167283121250890510e+00
3.046888914658662184e+00
3.494726274607357741e+00
3.573545725200566014e+00
3.782231888681172993e+00
4.963307451315527530e+00
7.391369124953934389e+00
8.712505500633165312e+00
9.258537176324253437e+00
8.309786548754152236e+00
7.183757628585972554e+00
1.169469551189266987e+01
1.064395958565494738e+01
1.438342296873254966e+01
3.276145260796033654e+01
1.399247524423416777e+01
1.931571690888022630e+01
2.775479843458103701e+01
1.724620725333858573e+01
1.376258217185781341e+01
1.159339801450952123e+01
2.467977197299503800e+01
2.427419561507256773e+01
2.921302504015964985e+01
2.798124660770795202e+01
2.129519431629549331e+01
3.128969321294166761e+01
4.649663197900654410e+01
2.525397446920964839e+01
2.848730173731537363e+01
4.648982799727185267e+01
3.339768778116345516e+01
2.959689958455246028e+01
2.764483451017408555e+01
5.895277169023300701e+01
5.572695977442382542e+01
5.822916961989070472e+01
7.073456909707658724e+01
1.019049843194008105e+02
4.466241820020700715e+01
3.869027003245779639e+01
2.737752204736596084e+01
4.539186224586627816e+01
6.152219853880007605e+01
4.916318270897842524e+01
4.288192923978912319e+01
7.180863626872491068e+01
1.087455103990768635e+02
1.599790623774119638e+02
1.112961396589998486e+02
7.763349238782038242e+01
1.594178198603196677e+02
1.346462908879944735e+04
1.212478069451383362e+02
1.705762763929460277e+02
1.429364758365477712e+02
1.128391967822751809e+02
7.882812802818477849e+01
7.065992151396828547e+01
8.203500531018100617e+01
7.844779167768629691e+01
7.507142481228517283e+01
1.021883206490465597e+02
1.612311899097244350e+04
1.498672868602526194e+02
1.765277480220157713e+02
1.631158350233430428e+04
1.652629273035249571e+04
1.697162925259163967e+04
1.466346765270678407e+04
1.383663000842064866e+04
1.302415104504589726e+04
1.642095026856039112e+04
1.807286220655454599e+04
1.735982286745317469e+04
1.330648008153498631e+04
6.057918260939788524e+03
5.564755798548100756e+03
5.277746103504008715e+03
0.000000000000000000e+00
0.000000000000000000e+00
1.386713547649252905e+04
1.332894138816838131e+04
1.263056456112823435e+04
0.000000000000000000e+00
0.000000000000000000e+00
0.000000000000000000e+00
0.000000000000000000e+00
0.000000000000000000e+00
0.000000000000000000e+00
0.000000000000000000e+00
