2.505872883037760790e-01
5.279988398795442128e-01
8.413282614171231355e-01
1.130242660773493890e+00
1.425132490928899820e+00
1.779278918272594767e+00
1.813218226892928664e+00
1.868850930872474114e+00
3.411109080888253153e+00
3.264980929429877055e+00
2.992386350637183501e+00
3.429605630461893373e+00
3.730795594693901762e+00
4.910676750548451430e+00
5.001352653716205410e+00
4.466535677369226853e+00
4.733388576098816358e+00
6.127259616307374479e+00
6.252674027344520269e+00
5.279824937795563500e+00
6.357295178121519008e+00
8.756021317546061056e+00
1.167822171350258920e+01
1.065463996019841453e+01
1.998974123387118951e+01
1.111987048917831800e+01
1.242758786231369683e+01
8.443132155999341748e+00
1.553783940194335145e+01
1.142185101233371114e+01
9.915895299501213955e+00
2.064233181506024550e+01
1.210631641796364200e+01
2.272354602100309151e+01
1.376676324591684875e+01
2.280900587658002721e+01
2.884285403226071054e+01
2.748323360934238835e+01
1.662124198378035089e+01
2.445108896373188756e+01
1.659732619873822301e+01
1.775782857636430023e+01
1.620002172801007490e+01
1.817630634470990003e+01
2.340972474557549177e+01
3.249461593562579509e+01
2.835048995183116816e+01
2.358364497131432103e+01
2.730042958992186186e+01
2.615081640782635830e+01
1.946637488887889944e+01
2.620185151264671930e+01
2.201257019327372433e+01
3.259262405572186339e+01
3.146778132100448033e+01
2.946863162188651941e+01
3.379522511543487440e+01
3.901575636037654959e+01
3.864608711342147274e+01
2.774171232792966890e+01
3.050626971724425474e+01
3.485206743905745697e+01
3.209858465995922927e+01
3.459855501542748613e+01
3.978217412893145166e+01
3.891207854144842315e+01
4.563803799549447859e+01
4.183787871998480767e+01
4.207569407929620553e+01
4.061718903212295118e+01
3.360031935004769821e+01
4.567130198547221909e+01
4.575409663908848756e+01
4.778428642274021598e+01
5.647111336323806796e+01
6.134614558322606115e+01
5.730734965879828735e+01
6.101211371118066751e+01
6.394001449834123463e+01
6.279780060528645436e+01
6.655513083344766301e+01
5.425533708500655905e+01
6.441223640920503613e+01
6.977537746054537138e+01
6.654515905753197558e+01
1.090222197875525012e+02
1.909432382919727024e+04
1.662678620372743899e+04
1.365059082671309079e+04
1.108365108450745538e+04
1.986535788539573696e+04
1.901500950430996090e+04
1.813033613699891794e+04
8.709226433174580961e+03
0.000000000000000000e+00
0.000000000000000000e+00
0.000000000000000000e+00
0.000000000000000000e+00
6.917907807657327794e+03
9.842601467202923232e+03
