2.115188161660125354e-01
2.690574044225659267e-01
4.547024781988882047e-01
5.738543270563811749e-01
7.297807644018426965e-01
1.007257036197636513e+00
8.603050120432104153e-01
7.683785040196726701e-01
1.667973696099558145e+00
1.086433117496541589e+00
1.388611703753979798e+00
1.807537517079262912e+00
1.572359479451191033e+00
2.602172875751090686e+00
1.666229812443986491e+00
1.725607341149554053e+00
2.263564434879072884e+00
2.951319169616754667e+00
2.515241181567895001e+00
2.556115899851698181e+00
2.325134729837788683e+00
2.758513163851641803e+00
4.212842599397938592e+00
5.008745231916780227e+00
4.335265152942811895e+00
3.303629790618513251e+00
5.813908714879977957e+00
4.890764682806764796e+00
6.156024665031992527e+00
7.668697067561314640e+00
8.695299819064821634e+00
4.806895443528952150e+00
6.869555958868894585e+00
6.423394554025871450e+00
4.887993459159547527e+00
5.011765037908354259e+00
6.851327326588112498e+00
7.027083554335797899e+00
6.574087138784699746e+00
1.046882818947645433e+01
9.840335566754459862e+00
6.327799263580223155e+00
6.706223544254695135e+00
6.568070093114508623e+00
8.123617878760216016e+00
1.015752605990177848e+01
6.775807822456554774e+00
8.217902146404705732e+00
9.432822493949606368e+00
6.967424198173605809e+00
1.123622309026862887e+01
1.336749049669632150e+01
9.496002728231173862e+00
8.808685194828202114e+00
1.102209372489026329e+01
1.253227759295457489e+01
1.007398802067881149e+01
1.029322359567856715e+01
9.930409831766722206e+00
1.214230365760842822e+01
9.822971160289178272e+00
9.404502787284728882e+00
9.528870729626190084e+00
9.803446619450689070e+00
1.302579785115859323e+01
1.588074388614651156e+01
1.287466634972576607e+01
1.725637971869593912e+01
1.623351834045058339e+01
1.187586340287661280e+01
1.671088566836152012e+01
1.108442172342951082e+01
2.758952284881561212e+01
1.981442030515117381e+01
2.084317190757402471e+01
2.022276701119525200e+01
1.624491999458035352e+01
1.269045338693653413e+01
1.584738168438387618e+01
1.380123629302929622e+01
1.560749717461341746e+01
1.789517720050809757e+01
1.551176006610313074e+01
2.924970284259072884e+01
1.659407277181947293e+01
1.857335343545847195e+01
2.651708200583605901e+01
3.787793199145819756e+01
5.553323786075542756e+01
4.746873868682487796e+01
4.285534960561658835e+01
4.796323011072178133e+01
8.293659456540970609e+01
9.763667064713321508e+01
2.144851579407433917e+02
2.087623933933281296e+04
2.073476912212400202e+04
1.465894317258674562e+02
8.346365591499687753e+01
7.409677951702379062e+01
