8.179512886773676605e-01
1.003801899568441014e+00
1.706241903200304666e+00
3.311173865729506005e+00
1.802435594433014376e+00
1.013169066765272142e+01
3.102503505984594234e+00
7.157999565751537396e+00
4.523863841604129021e+00
5.627485432431633683e+00
4.794685692535901822e+00
7.372728886446060059e+00
5.319118283332701935e+01
7.893384837101446116e+00
7.679085062909005721e+00
9.781545477161790458e+00
1.573474284469654449e+01
3.609158679755542209e+01
2.091459290691098261e+01
2.683978314302362733e+01
1.779547243318523186e+01
2.741327586725561716e+01
4.800720122530186273e+01
2.252455434689334979e+01
5.255059446885191932e+01
2.491484569245660197e+01
3.147057476814495303e+01
3.129811417628544490e+01
3.135175528629074648e+01
3.066916213569647809e+01
7.273648206866002397e+01
5.880907106242476345e+01
5.283758723375901667e+01
8.538956552714907389e+01
4.966243548244916894e+01
6.899546672735822028e+01
6.141314716545890207e+01
5.038967766680566029e+01
8.677379569778166513e+01
5.490492225246706681e+01
1.141542339891444158e+02
9.115157485598512721e+03
9.233707267199100897e+03
9.376200031550175481e+03
1.050841379704615247e+04
1.078685092141928726e+04
1.536902688403840500e+02
1.833024478617102204e+02
1.609823407538006279e+02
1.171729167768037769e+04
1.052327835369199056e+04
8.881070199225441684e+03
6.224611156961384950e+03
8.572349938944556925e+03
6.432259797222425732e+03
1.164049499697037936e+04
1.906094150398010356e+02
1.906802280150485558e+02
1.609449945819701213e+02
1.744651266213528231e+02
1.163453529997756959e+04
6.000087750113411857e+03
7.586554576076417106e+03
4.381377803158905408e+03
6.076122351004979464e+03
9.524250804042276286e+03
1.370610944637489592e+04
1.341909119195534549e+04
1.275753324938381229e+04
1.023048704713346342e+04
9.505075064496850246e+03
8.668081552690753597e+03
7.202072869553769124e+03
0.000000000000000000e+00
0.000000000000000000e+00
0.000000000000000000e+00
0.000000000000000000e+00
0.000000000000000000e+00
0.000000000000000000e+00
0.000000000000000000e+00
0.000000000000000000e+00
5.939069280833603443e+03
0.000000000000000000e+00
0.000000000000000000e+00
0.000000000000000000e+00
9.458770258940161511e+03
1.006852703254880180e+04
0.000000000000000000e+00
0.000000000000000000e+00
0.000000000000000000e+00
0.000000000000000000e+00
0.000000000000000000e+00
0.000000000000000000e+00
0.000000000000000000e+00
0.000000000000000000e+00
0.000000000000000000e+00
0.000000000000000000e+00
0.000000000000000000e+00
0.000000000000000000e+00
0.000000000000000000e+00
