1.240706900786756189e-01
2.411033655521358510e-01
2.552253270256846229e-01
3.813241062401449000e-01
4.117916421555242734e-01
5.339355342224276768e-01
7.120883699678898227e-01
7.046675770469420508e-01
8.544183732819355948e-01
8.754704020079870919e-01
1.061609708402111663e+00
1.085768153486175835e+00
1.318106869620550681e+00
1.755678834593906945e+00
2.125173841339832670e+00
1.565715086997209848e+00
1.527035233123190228e+00
1.547249106859633905e+00
1.684143424788410837e+00
1.715784634608261916e+00
1.930339704100610065e+00
1.900804259507266725e+00
2.545768971447457396e+00
2.602192441360537956e+00
2.603971261117933533e+00
2.422862465208312610e+00
2.609275170818269540e+00
2.612464712123087729e+00
2.742838212130637832e+00
3.070337896043659143e+00
2.879250018833143798e+00
3.367477422627937145e+00
3.589562919422427445e+00
4.790891546945237778e+00
3.990768290661742324e+00
4.558100782879420443e+00
4.056499417457764878e+00
4.056468285269032137e+00
4.511241016630981093e+00
4.560843098987762190e+00
4.908162550292827220e+00
5.311739625211719051e+00
6.917623679022803174e+00
6.468458039386951519e+00
6.867795679551464083e+00
6.117188912578145121e+00
5.274983355685221476e+00
5.326160687135703675e+00
5.185647395277103833e+00
6.428018018949902768e+00
6.247983414922444467e+00
7.574755950075361177e+00
8.347384300112484112e+00
8.649013824455519028e+00
8.947072475261403923e+00
8.254921154644836889e+00
6.283728963012134017e+00
6.654363488810349558e+00
7.050653309543224445e+00
6.815758715351836194e+00
7.687874508101528725e+00
7.841010966169021046e+00
8.326728374588697079e+00
9.394456729557800756e+00
1.084305737017362148e+01
8.873435573195797232e+00
7.456691343531718807e+00
7.792325525805891218e+00
9.082983367652575524e+00
8.747574604799693176e+00
9.860153585822969191e+00
1.134583098032343607e+01
1.187333124859940980e+01
1.102313376904792008e+01
9.881228026528619424e+00
1.030471361316710954e+01
9.802281338724746718e+00
1.049767824024641527e+01
1.237350353723281593e+01
1.338582403587788860e+01
1.266650536194967280e+01
1.160853550646981169e+01
1.146843529287854047e+01
1.192459443665969765e+01
1.293297599309194723e+01
1.306329607216751398e+01
1.442342749787103529e+01
1.554550028009326290e+01
2.837887988663101879e+01
5.417752080482134147e+01
7.546994649202741812e+01
6.148398706993801170e+03
9.615678471673509193e+02
9.722519196389603167e+02
0.000000000000000000e+00
0.000000000000000000e+00
0.000000000000000000e+00
0.000000000000000000e+00
0.000000000000000000e+00
0.000000000000000000e+00
