3.313164714613466844e-01
4.271774408226352016e-01
6.869029324926017033e-01
1.463438935651128370e+00
9.210798079387048087e-01
1.677999654314228817e+00
1.284153619160743887e+00
4.728451141871619967e+00
6.929261352484636483e+00
6.277470035938623738e+00
4.820410504625178838e+00
3.117005932620844355e+00
3.304118499579051349e+00
3.662904906754812728e+00
3.893590931048172887e+00
5.938758883226840091e+00
7.232150354879349763e+00
7.434985383185232166e+00
7.397211314528965964e+00
1.152721940505337450e+01
8.977474758332249394e+00
8.366083180747976300e+00
1.433583340950878160e+01
1.731542494126331277e+01
1.125601367889866466e+01
1.123129605586969149e+01
1.039272488629939772e+01
1.320307854916571344e+01
1.423696966707711731e+01
1.785090606355954534e+01
1.434838775291313873e+01
1.264779180047142582e+01
1.704299142285435309e+01
2.806995367448123346e+01
2.414837586373868206e+01
2.537845967404791736e+01
2.607022793217396028e+01
2.919570068706112309e+01
3.653471831398645264e+01
2.233703122431909094e+01
3.591552965701973221e+01
1.969852585367657483e+01
2.897631535562636174e+01
3.323025798572351874e+01
2.489271796683713589e+01
2.348192984368106906e+01
2.960976340961204301e+01
3.881972818769738609e+01
2.973937938436814932e+01
5.096859012423988133e+01
3.778976017515812202e+01
3.832371709278449856e+01
3.465268647260892010e+01
3.885713060034362343e+01
4.172952902372075101e+01
7.395129469222437990e+01
5.579790388516441624e+01
5.199363096394428396e+01
4.887642416710328774e+01
5.427663676696673889e+01
5.514016099040208019e+01
5.514950818769732876e+01
6.331309137773785523e+01
6.375611961099347269e+01
5.934977032459190838e+01
6.510799467120189377e+01
6.629483478847572542e+01
6.820721600118169192e+01
6.714202125405603283e+01
7.470346609808450467e+01
7.907656471567948131e+01
7.811189313594969974e+01
1.048616097023025162e+02
8.887016386085770137e+01
9.162158456317411037e+01
7.997964110752874944e+01
9.135207290571088379e+01
1.095129060609594944e+02
1.058389887233468869e+02
1.276966077636629109e+02
1.881637467509325143e+04
1.358974391388423101e+04
8.627400262301380280e+03
8.599496032069091598e+03
1.545265647447296942e+04
1.762384407429159182e+04
1.772623383372725584e+04
0.000000000000000000e+00
5.793519418151337959e+03
5.830646201364758781e+03
0.000000000000000000e+00
0.000000000000000000e+00
6.491960370412714838e+03
6.374394321229226080e+03
0.000000000000000000e+00
0.000000000000000000e+00
0.000000000000000000e+00
0.000000000000000000e+00
0.000000000000000000e+00
6.406773126277782467e+03
