3.287831586253203708e-01
3.027270320809566373e-01
5.755354357941359078e-01
9.042495284107900932e-01
6.465031380289272267e-01
9.157070813217307315e-01
9.130836089722847992e-01
1.159536457468766324e+00
1.350061107310715158e+00
3.245747940602559556e+00
3.782604233878708921e+00
2.478419049314688039e+00
1.984876624521291077e+01
4.145848144152926906e+00
3.938028654152253338e+00
3.447191431283412211e+00
4.001300195044525054e+00
5.561578611308998887e+00
4.039871776179373875e+00
4.554278680147067604e+00
3.750566445864278453e+00
4.872427592102852145e+00
9.138948067690096266e+00
6.649121810828363621e+00
9.565761520251079730e+00
5.883068946045391989e+00
7.447633200176352553e+00
9.343901059167841083e+00
1.288103950206091852e+01
2.658094282442192835e+01
1.658859723574286704e+01
1.244216016515725620e+01
1.760253279242653335e+01
2.676522310965426144e+01
2.229953081015717586e+01
1.323117757238349945e+01
2.148469892359147337e+01
1.685522580067215515e+01
2.090008097123453368e+01
1.548434933458930551e+01
2.130776430610728411e+01
1.525180608599676901e+01
2.168114847086138752e+01
2.098914866982425664e+01
3.975624141601441863e+01
3.049247362767782121e+01
3.991133279417179125e+01
3.200341652909770573e+01
1.735544021773828405e+01
3.985837479997596944e+01
4.122199269845668113e+01
3.383712330317458594e+01
5.492608671883441929e+01
6.251260127712633619e+01
4.734523691168748627e+01
4.278516837582218812e+01
2.705565479851816235e+01
2.441825583558285473e+01
1.956074510122110510e+01
3.008913219580687581e+01
5.167934231114546861e+01
5.361895617323684604e+01
5.486332478725830697e+01
5.680110182453497458e+01
4.710976087468896623e+01
2.621616357356427685e+01
2.335520310719156711e+01
3.507477763495820255e+01
5.475227452912111659e+01
6.248807200366212555e+01
8.300087986188795242e+01
9.367384783286610173e+01
7.845603858916153683e+01
6.168074663179033479e+01
7.491219181235470614e+01
5.468398997133659378e+01
1.235188314596448294e+02
2.210048447716597195e+02
1.861887764125183821e+04
1.759873011251990101e+04
8.644004986417654436e+03
1.040948727403453813e+04
1.006534897488065144e+04
1.092819456268538670e+04
1.875574943005536625e+04
1.882986905012503848e+04
1.582103484168666546e+04
0.000000000000000000e+00
0.000000000000000000e+00
0.000000000000000000e+00
0.000000000000000000e+00
0.000000000000000000e+00
5.791124483053448785e+03
9.072853773250042650e+03
9.028370080374750614e+03
6.211336303853177924e+03
0.000000000000000000e+00
0.000000000000000000e+00
0.000000000000000000e+00
0.000000000000000000e+00
