2.285768211039041486e-01
2.595566527720997163e-01
4.450047218055029896e-01
5.246382291328403058e-01
8.149984866053816557e-01
6.235349352122410149e-01
8.688043011418343786e-01
7.658881203852677677e-01
1.083559904489648229e+00
1.383742113647660421e+00
2.072556490658877593e+00
1.315347370083785883e+00
1.644243933604436325e+00
1.744212026340427268e+00
1.699101721501605766e+00
2.770899776479858634e+00
2.380282077713281375e+00
5.352257680186453648e+00
3.473081181610041757e+00
5.146292840651574885e+00
6.022161924709286573e+00
3.589259473880608287e+00
3.195852841279240408e+00
5.290582385981671187e+00
3.762914908506700407e+00
3.498613860009927912e+00
4.772370077151874668e+00
5.124213307641250381e+00
8.854315155148375638e+00
6.230931027286007229e+00
9.183234647597728895e+00
6.176955656162292030e+00
7.249629482058733920e+00
5.044105501125483393e+00
7.594008905228574413e+00
5.442988705966073759e+00
6.781906292485362364e+00
6.092320603010794144e+00
1.331492802427998967e+01
5.620436154168137577e+00
6.993172892611038804e+00
7.069046049403849175e+00
1.140260215141522693e+01
9.813849811113632526e+00
6.788441713959704416e+00
8.623498263718497370e+00
9.583143991686933205e+00
1.292515949722783297e+01
1.254170864484046533e+01
9.915671647359706853e+00
9.581003602395158580e+00
1.300227658944922560e+01
9.134934943437082566e+00
1.309117616388193461e+01
1.201474102383860121e+01
1.440238953599614469e+01
2.058151125033155537e+01
1.048210393089029147e+01
9.749137284662966252e+00
9.781287906535874654e+00
1.811102932479892047e+01
1.856103480534242678e+01
1.330657182679026107e+01
1.268976642547037059e+01
1.726750492381263058e+01
1.757644860396391451e+01
1.251361235995315901e+01
1.823633384864989537e+01
2.999206042540778228e+01
2.050068132076707528e+01
1.782913136094971662e+01
1.511682844224570843e+01
1.113419197925577286e+01
9.650897353436821646e+00
1.040949002125187661e+01
1.140288004468726513e+01
1.463821655786942166e+01
2.408520958314061033e+01
3.472149999231312734e+01
2.066102244142929223e+01
2.072769302083944609e+01
2.003159907200496193e+01
3.013600681797418446e+01
5.191819004714991337e+01
3.720244672236492534e+01
5.023560079872488870e+01
7.423731988159819650e+01
1.199113894380457737e+02
1.721813851976113483e+02
2.132429077923018849e+04
1.011812174729457325e+02
3.550329596849707769e+01
4.415057723912625676e+01
5.930836898218721132e+01
6.625524728121580154e+01
6.928269021956032248e+01
8.012330405453114679e+01
1.193300710392251602e+02
1.455413061310138403e+02
1.475387033213505958e+02
