3.272823147990078785e-01
1.095590921926802519e+00
1.490056023095447157e+00
1.652728415834104903e+00
2.426811258001405402e+00
4.530156035785235069e+00
2.889112462470981857e+00
4.754200762158855120e+00
3.380074200880478497e+00
6.047924001623560031e+00
8.065633601834363731e+00
1.904712453611219303e+01
7.367090850601734964e+00
8.349810435859692959e+00
1.489917269277552414e+01
6.232214634697722744e+00
1.170217107805731516e+01
1.362453731941202761e+01
1.696578777159686169e+01
2.225220142315202310e+01
1.789060268251246555e+01
1.664699354034641843e+01
1.470574048844281556e+01
3.112710195534887703e+01
2.727960486507949511e+01
2.414598257397683767e+01
2.658317835901394943e+01
3.784900044736100710e+01
2.936437723103241737e+01
2.885527167491472866e+01
3.356220274367346690e+01
2.677782034229752384e+01
5.394826257558899840e+01
3.645079779081275007e+01
2.654027240023073730e+01
3.146248395721944391e+01
5.437419944929480664e+01
3.581932420574848663e+01
4.754795596360312970e+01
6.557723061623255489e+01
6.842569391263364764e+01
8.794810410317492710e+01
6.466297238869749719e+01
1.213443416555640084e+02
1.193657895078423508e+02
1.179255600647181694e+02
8.424215221292026001e+01
1.302116949125058625e+02
8.613501614894015290e+01
1.109713629169357176e+02
1.040205279713503188e+02
9.080264739840076516e+01
1.339625906044610417e+02
1.311554110939529164e+04
1.173401354575491860e+04
1.269442599036750289e+04
1.398822501063197342e+04
1.513262001497618314e+02
1.133021149464996995e+02
1.444690687875980257e+04
1.307482003975602129e+04
1.290954673232546884e+04
9.831291770248955800e+03
7.078211229265896691e+03
1.129703997079395958e+04
1.520606876449319316e+04
1.541503763525394606e+04
1.431879255729792385e+04
1.605472884066835832e+04
1.521303713952426369e+04
1.573979300958084059e+04
1.223466154580086550e+04
1.381636867404029908e+04
1.147256415572472179e+04
8.784981838285624690e+03
0.000000000000000000e+00
0.000000000000000000e+00
0.000000000000000000e+00
0.000000000000000000e+00
0.000000000000000000e+00
1.523657475016267381e+04
1.337862226137986363e+04
0.000000000000000000e+00
0.000000000000000000e+00
0.000000000000000000e+00
0.000000000000000000e+00
0.000000000000000000e+00
0.000000000000000000e+00
6.370268022661620307e+03
0.000000000000000000e+00
0.000000000000000000e+00
0.000000000000000000e+00
0.000000000000000000e+00
0.000000000000000000e+00
0.000000000000000000e+00
0.000000000000000000e+00
0.000000000000000000e+00
0.000000000000000000e+00
0.000000000000000000e+00
0.000000000000000000e+00
