2.134935402306440133e-01
6.378381125983753064e-01
1.072518113354582248e+00
1.342913967014780496e+00
1.172112053118450348e+00
2.446933828989289683e+00
4.550757098316859484e+00
5.105295679578542689e+00
3.191562906437034552e+00
5.827891044741772220e+00
5.879729195119521634e+00
5.979243921434153286e+00
7.670039868060050559e+00
7.773451196901423721e+00
1.713983200445882460e+01
6.624880862874618970e+00
6.051899860179144497e+00
6.287745194575886210e+00
1.064645028195341503e+01
1.292233209010005268e+01
1.743000279230578897e+01
1.783785143505115656e+01
1.349025065510914168e+01
2.748016418319819110e+01
1.391752967678402619e+01
1.431565794465995545e+01
1.747392286490753222e+01
1.850509331971185034e+01
1.961534528210733086e+01
4.283436966049062278e+01
4.122883564617919916e+01
3.706385849927173837e+01
3.047912870765149407e+01
2.033901840885500434e+01
2.043968567024867511e+01
3.299688449722899719e+01
2.809322122980586656e+01
3.873383419468689937e+01
5.161459348623029086e+01
3.140510048297913315e+01
5.513950983000690087e+01
3.333332298011903561e+01
2.494252484201217257e+01
2.599196259192590830e+01
4.200469047157283597e+01
4.508882124022802174e+01
8.832368357321347219e+01
4.958909197699129834e+01
7.166508639465401131e+01
6.889400332709544728e+01
6.964531716869025502e+01
6.610061975886607399e+01
4.805726583640100813e+01
3.704843080069711192e+01
3.293414485534701441e+01
3.182027204190594105e+01
3.619401968366000233e+01
1.261365488524178886e+02
1.580033542161120579e+02
9.895494246933165527e+01
8.439851676302239980e+01
7.240278578999985371e+01
7.769856859616101019e+01
1.249264829179193725e+02
2.258980000858154256e+02
9.199596554695143880e+01
7.919605490927153824e+01
1.346775290918409098e+02
1.763837650001112536e+02
1.680125964130103966e+04
1.480207228804220904e+04
9.666305137918323453e+03
4.920770320618898950e+03
8.115238256251808707e+03
6.498899405004349319e+03
6.034287455068835698e+03
0.000000000000000000e+00
0.000000000000000000e+00
0.000000000000000000e+00
7.351181227710807434e+03
1.715489426250554243e+04
1.842473009599778379e+04
0.000000000000000000e+00
0.000000000000000000e+00
0.000000000000000000e+00
0.000000000000000000e+00
0.000000000000000000e+00
0.000000000000000000e+00
0.000000000000000000e+00
0.000000000000000000e+00
0.000000000000000000e+00
0.000000000000000000e+00
0.000000000000000000e+00
0.000000000000000000e+00
0.000000000000000000e+00
0.000000000000000000e+00
0.000000000000000000e+00
0.000000000000000000e+00
0.000000000000000000e+00
0.000000000000000000e+00
