9.256144853529900407e-02
3.469182150645591656e-01
7.404272894556241935e-01
7.231390058876582261e-01
5.265167612541710174e-01
7.772925898124761757e-01
8.555868381548802359e-01
2.195637037632480748e+00
1.394271407463942403e+00
2.519846880552094159e+00
3.304051746191071448e+00
1.689056596710201585e+00
1.953423367344616413e+00
5.471835935854211463e+00
5.741376787136633908e+00
2.685854720130214535e+00
3.599645144063179814e+00
4.681303639725014953e+00
4.922434362106396399e+00
5.124789045530294018e+00
3.851351912782656761e+00
5.040396708548231075e+00
4.563138571756930162e+00
5.666360033419461040e+00
6.161245951798764331e+00
5.327158307014752125e+00
6.523428861068460982e+00
6.473594240084510787e+00
1.004124207956142989e+01
7.576155800666142248e+00
1.554836010923317424e+01
1.551680777104789399e+01
9.371095260272188199e+00
2.542759736549665206e+01
2.635788015841955811e+01
1.258684260353751938e+01
1.001426522990062828e+01
9.642771929596047897e+00
8.953810472223125316e+00
1.193785707249106132e+01
1.100908519950694497e+01
1.515714917209246693e+01
1.345592884994344374e+01
9.547830166494822635e+00
1.912950885531831702e+01
1.332367847433500430e+01
2.624923586373179063e+01
1.036134150073704063e+01
3.271321174702431733e+01
1.814948984346521499e+01
1.868498410192519543e+01
2.819602956588489562e+01
2.647667016891112368e+01
2.203812557534840977e+01
1.359676318086957281e+01
1.583019069078657459e+01
2.110719426694495837e+01
2.914969372230305211e+01
1.768667096865006627e+01
1.564703689074905668e+01
1.482364709727414720e+01
2.076836735190776295e+01
4.762732210838902347e+01
4.755950278992671088e+01
4.206676548302741736e+01
4.533293907788151245e+01
4.898559506810710218e+01
4.680776189150515876e+01
3.619621635330181419e+01
5.665472935282779332e+01
4.904225608118353819e+01
4.893044589499224628e+01
5.281869229034188606e+01
5.541865447633698238e+01
3.649586225105582571e+01
9.231227539078143707e+01
1.748960164091635670e+04
1.334907986844969491e+04
1.059623452756290135e+04
1.350169814384996971e+04
2.011501054665069387e+04
1.984716888050371563e+04
6.162548428921745653e+03
0.000000000000000000e+00
5.844660887996422389e+03
0.000000000000000000e+00
5.784850808562816383e+03
1.340945735521116330e+04
1.232689460204414536e+04
9.464639675122907647e+03
0.000000000000000000e+00
0.000000000000000000e+00
0.000000000000000000e+00
0.000000000000000000e+00
0.000000000000000000e+00
0.000000000000000000e+00
0.000000000000000000e+00
0.000000000000000000e+00
0.000000000000000000e+00
0.000000000000000000e+00
