3.658798613501382802e-01
7.076327387567591387e-01
1.165970667560707330e+00
1.530823990883912966e+00
1.798549663135037502e+00
2.293002954431093254e+00
2.373087246905676295e+00
3.998652509507107489e+00
3.246928636342265140e+00
3.217674220576770328e+00
3.885282342938177980e+00
4.836206921890323862e+00
5.411002950332703954e+00
5.032052575027363694e+00
5.693746506534073326e+00
5.477187411444966791e+00
6.325815621472017369e+00
6.738068144894284295e+00
7.539813847561719129e+00
5.688430720824518616e+00
6.672702999427287729e+00
7.406346140887798413e+00
8.081407431410921660e+00
1.087823737239171251e+01
1.021510449577428759e+01
8.947705566699628577e+00
1.078300925338571226e+01
1.055329155539483210e+01
1.072818467774733975e+01
1.126779768995633546e+01
9.149642457059476541e+00
1.378037781861538313e+01
1.183910180833834147e+01
1.127599564131811505e+01
1.405645698811930622e+01
1.591561281268048589e+01
1.205035380149137936e+01
1.463553972820903937e+01
1.438313263220488558e+01
1.414070047954348830e+01
1.415274646804646252e+01
1.622712802532502607e+01
1.582810009224137282e+01
1.686655603446580542e+01
1.762070783099501270e+01
1.899881168190249525e+01
1.870371658768212342e+01
2.051191145707738528e+01
2.007274385247994175e+01
1.931853684559850493e+01
1.817949773211818254e+01
1.751173815476882822e+01
1.940270625925485959e+01
1.979197375873307507e+01
1.798105380098008510e+01
1.916775638556352845e+01
1.878505022570144689e+01
2.507403012004533949e+01
2.450389500750578264e+01
2.720226174518181494e+01
2.471120785275184772e+01
2.373132487177394978e+01
2.729713098652229419e+01
2.902372447561036495e+01
2.628371538615630243e+01
2.686207999012031067e+01
2.603097809315402600e+01
3.565671484896261489e+01
3.226920253132323779e+01
2.710164202447211679e+01
2.912879567607640041e+01
3.215531223265169558e+01
2.580915035714740924e+01
3.512099744054832939e+01
3.300113879035374964e+01
3.644065330242140277e+01
3.793978040522059558e+01
4.666206447359451914e+01
4.644977862278509662e+01
5.986305837685829800e+01
6.450837189177765651e+01
6.399602290908032387e+01
8.091263408329962203e+01
9.689227590623062270e+01
1.406121867452282288e+02
1.450990878411518850e+02
6.077981457635305418e+01
5.401259329536647869e+01
6.607376894977433324e+01
5.607351524603577531e+01
6.624641266858195365e+01
5.806513708309507393e+01
6.779955253821950123e+01
7.894282084648891384e+01
1.401555853787839396e+02
1.853757605219605864e+02
0.000000000000000000e+00
0.000000000000000000e+00
0.000000000000000000e+00
0.000000000000000000e+00
