2.869130845196237733e-01
1.064610362043732383e+00
6.642324941143248340e-01
5.906955073901099418e+00
4.719715620147619362e+00
1.759074977243941618e+01
5.202288100253947611e+00
3.268537791330441422e+00
4.439385967392911247e+00
3.224638803867316827e+00
5.904028803364791855e+00
7.665587446733352017e+00
2.466358184256208830e+01
2.376656123311853008e+01
7.061358451506726475e+00
7.641642511833906859e+00
1.537598317181047314e+01
2.479009272079114368e+01
1.960027783258146883e+01
1.412649728055144571e+01
1.727782104863046797e+01
3.315758405715229884e+01
1.676861231481537473e+01
1.719700000218870528e+01
2.722365803553300623e+01
2.472167907668793774e+01
4.167700743846371836e+01
3.389351420191692199e+01
4.410433807796132299e+01
4.627406175865000648e+01
3.318938367824327429e+01
4.409851302189768063e+01
3.742673517812998796e+01
4.359531087020068441e+01
3.170827169980763216e+01
4.081418521463890414e+01
4.603581816172308550e+01
7.029109436008519651e+01
3.485084486564090156e+01
4.878335553434989436e+01
6.644844395819649208e+01
6.752275191645263419e+01
4.942169038265927128e+01
4.398522076878808207e+01
1.357638926175687573e+02
5.419005944196744906e+01
6.274889346443787019e+01
6.992743696504049922e+01
7.541826819454499287e+01
1.379914502997853560e+02
1.483822228011796653e+02
1.368586606667524393e+04
7.689457413682623610e+01
6.863865621488490376e+01
1.831733779399229434e+02
1.403224625799056957e+04
1.081653566713939369e+02
6.311807679094582824e+01
7.835795600742291356e+01
2.368213253893153478e+02
1.529289132586788401e+04
1.548431086203134146e+04
1.549850808171170684e+04
1.190173061510840307e+04
1.252520948990176475e+04
8.773658585192937608e+03
0.000000000000000000e+00
4.987167283914162908e+03
0.000000000000000000e+00
0.000000000000000000e+00
5.509490920907143845e+03
0.000000000000000000e+00
0.000000000000000000e+00
0.000000000000000000e+00
0.000000000000000000e+00
1.689110661483919102e+04
1.721247545158473804e+04
1.206117017492201740e+04
0.000000000000000000e+00
0.000000000000000000e+00
0.000000000000000000e+00
0.000000000000000000e+00
0.000000000000000000e+00
6.829078594851935122e+03
0.000000000000000000e+00
0.000000000000000000e+00
0.000000000000000000e+00
0.000000000000000000e+00
0.000000000000000000e+00
0.000000000000000000e+00
0.000000000000000000e+00
0.000000000000000000e+00
0.000000000000000000e+00
0.000000000000000000e+00
0.000000000000000000e+00
0.000000000000000000e+00
0.000000000000000000e+00
0.000000000000000000e+00
0.000000000000000000e+00
0.000000000000000000e+00
