2.628383519573904703e-01
6.603458564945622333e-01
7.270124895115418484e-01
1.690983568710227036e+00
1.653672740505677474e+00
2.056308627302717795e+00
3.885287600830485299e+00
2.139390649458744686e+00
4.169723461337027537e+00
4.231201766012474330e+00
3.876708414284036230e+00
4.145023331199511496e+00
6.089272265282432706e+00
6.698689380854624176e+00
6.631922236465663367e+00
5.046263456851335150e+00
4.590018101983202037e+00
5.966013062145027135e+00
9.003964509102965863e+00
6.951217509093639002e+00
8.413372915206066338e+00
1.106237366330297611e+01
1.176834281614450539e+01
7.137274477812370677e+00
1.311224736431750770e+01
1.000349586360179366e+01
8.813334764717783543e+00
1.264218448216338331e+01
1.365471722644456065e+01
1.276186023146563464e+01
1.462534671997034330e+01
1.652355670125671949e+01
1.420398085222495155e+01
1.810961962718145912e+01
2.595717861125615045e+01
1.579736943431589680e+01
1.264836005314071166e+01
1.549261729595083636e+01
1.507472678600764660e+01
1.850834542059363130e+01
1.666451139140329474e+01
1.510644744763803260e+01
1.369039191737843808e+01
2.320320305470535160e+01
2.301921999751952086e+01
2.994343526911380593e+01
3.349107221863977912e+01
4.397336026787879604e+01
4.898245678078114196e+01
6.487595882690661142e+01
4.523647383469919703e+01
2.376435799900961854e+01
3.561608712989101377e+01
4.761512552978187074e+01
4.408508855891361833e+01
3.987053959531476011e+01
4.108112701088835195e+01
2.969928871593075570e+01
2.463246720691093117e+01
4.063491810776783808e+01
6.580885375194590381e+01
4.837131446176239535e+01
6.006306847914950708e+01
8.077912685444250940e+01
9.871762153914367843e+01
1.238308981478030830e+02
8.180100234975154194e+01
5.605934829703542022e+01
5.040789656270807484e+01
6.340181774645903090e+01
1.151218349790238022e+02
1.502017380998853184e+02
1.973400217582767766e+02
1.883375456739503716e+04
9.912605904941425251e+03
1.653502825931178450e+04
1.360527826302981703e+04
1.059680979335991469e+04
0.000000000000000000e+00
0.000000000000000000e+00
0.000000000000000000e+00
0.000000000000000000e+00
0.000000000000000000e+00
6.164422325461569926e+03
6.668918492088896528e+03
6.332502160059171729e+03
0.000000000000000000e+00
0.000000000000000000e+00
0.000000000000000000e+00
0.000000000000000000e+00
0.000000000000000000e+00
0.000000000000000000e+00
0.000000000000000000e+00
0.000000000000000000e+00
0.000000000000000000e+00
0.000000000000000000e+00
0.000000000000000000e+00
0.000000000000000000e+00
0.000000000000000000e+00
0.000000000000000000e+00
