1.718913985821084456e-01
4.593674675943669738e-01
4.360793270427926749e-01
1.369450160041952413e+00
1.431790271958534921e+00
1.005312957039672606e+00
2.204981087394197292e+00
1.478958671074243947e+00
1.945619802602705617e+00
1.519873639505600504e+00
2.043773834135911294e+00
2.973492821865402203e+00
2.909129107057951913e+00
7.042303208432956652e+00
4.622149929626947262e+00
4.255845354336185160e+00
3.545384948781661549e+00
8.250678844522870037e+00
3.396035451898477220e+00
4.729796202523337101e+00
3.658566644782505595e+00
6.028884365322313421e+00
6.993217017095220811e+00
5.820114843851523112e+00
6.082203021631675810e+00
6.522694494246380259e+00
7.744737859302887273e+00
9.058338646334403776e+00
6.449571013877738679e+00
6.882458662151500484e+00
8.465915921171811576e+00
1.009277896445310319e+01
7.944093308603092929e+00
1.074733091902274040e+01
9.956925128912274658e+00
1.106921746284597141e+01
1.289281733568018140e+01
8.556898118954739729e+00
8.922728260695695468e+00
1.084806065528725050e+01
9.142407561267340554e+00
8.818335101111133056e+00
1.032055745427111404e+01
1.264973768115789277e+01
1.492931285618779214e+01
9.692717236930720404e+00
1.441086247589051617e+01
1.734310792794511613e+01
2.194944040934190355e+01
2.516906500395958801e+01
1.118435923712379498e+01
1.070076466122944403e+01
1.174662456891536877e+01
1.305918757322972112e+01
1.479958215300692359e+01
1.882191934608805894e+01
1.529148928699924248e+01
1.612328259390296736e+01
2.176961265508264631e+01
1.911681015271063089e+01
2.095483555391881225e+01
2.388661172853634440e+01
3.650528905643633948e+01
3.406968033871674351e+01
2.981335794543860729e+01
2.921437716321302958e+01
3.043216451839671777e+01
3.014197485461640014e+01
2.157107180051419348e+01
2.657855227270461640e+01
3.020662814119245709e+01
3.093628467029507689e+01
1.184965023744801300e+02
2.010287084506797157e+02
1.021846552934472925e+02
6.983065366593552881e+01
1.496280346865429181e+02
1.386553507141975570e+04
0.000000000000000000e+00
6.427265019687692984e+03
0.000000000000000000e+00
5.897027327411140504e+03
1.648355232643345880e+04
1.961714141817285781e+04
1.885880659680996541e+04
6.220743756001693328e+03
1.109906503756465827e+04
9.182722982368923113e+03
0.000000000000000000e+00
0.000000000000000000e+00
0.000000000000000000e+00
0.000000000000000000e+00
0.000000000000000000e+00
0.000000000000000000e+00
0.000000000000000000e+00
0.000000000000000000e+00
0.000000000000000000e+00
0.000000000000000000e+00
0.000000000000000000e+00
0.000000000000000000e+00
