1.444057715348857629e-01
2.053706525164367414e-01
2.006815087679417187e-01
3.233706718050784468e-01
3.170814275443525898e-01
4.440678125257545017e-01
5.967115329284249370e-01
6.000476093011266610e-01
6.924587506933713721e-01
7.152732029388384483e-01
7.586775473241822443e-01
8.372837651580158358e-01
9.017252113487945753e-01
9.930040819375008931e-01
1.231392319727175666e+00
1.336359923062018007e+00
1.160649891253328292e+00
1.190310357332711622e+00
1.402693467614342993e+00
1.526653297321420411e+00
1.563197757587723613e+00
1.603601786988597233e+00
1.959999917969633243e+00
2.241602836523816311e+00
1.913648479729768592e+00
1.961377467095295479e+00
2.066406207114104276e+00
2.177575815522633906e+00
2.060310425031256276e+00
2.343397988884715843e+00
2.342071822126570613e+00
2.683206578349146998e+00
2.700670533036396481e+00
2.623319827802479853e+00
2.871009863362459669e+00
2.923689861315323935e+00
3.412242761758646825e+00
3.655049158827491596e+00
3.063701222233952581e+00
3.342608550351560570e+00
3.657639958065470154e+00
3.952373554023756341e+00
3.594183695810977852e+00
4.326348760782091851e+00
4.731308732619907254e+00
3.698707596738917580e+00
3.755511989863025146e+00
3.876183661903782163e+00
4.694419023182561546e+00
5.432484890840960645e+00
4.776235028874030064e+00
5.022315486851454125e+00
5.104730713469373349e+00
5.870081454158082579e+00
5.632641061006612659e+00
5.521013124853879184e+00
6.169280607861836074e+00
6.251165108761440159e+00
6.823980886347735364e+00
6.249403406655120286e+00
8.057780171168376526e+00
7.011271936982311992e+00
7.201651883153591172e+00
6.687663328879969171e+00
5.962505667132151466e+00
5.571361066947515539e+00
6.442765875348833937e+00
7.290347133968971605e+00
7.079796553253448366e+00
7.234747722135811188e+00
8.225720635113438206e+00
1.067966346728981897e+01
1.245737256210005661e+01
1.067089097023770350e+01
1.055600115898716851e+01
9.004309830856017882e+00
1.005922862558677799e+01
7.809660265455502959e+00
8.434911421872218540e+00
8.557795211444760852e+00
1.104722506533782145e+01
1.074808071655669117e+01
9.737498837581179956e+00
9.713755257513298602e+00
9.717371692927724069e+00
1.094108589051622005e+01
1.199249351198500158e+01
1.084076123652567070e+01
1.282722170481342161e+01
4.162942718666933928e+01
3.833150624381588756e+01
6.322782443362071717e+03
5.230043959418032500e+03
1.162384031713500463e+03
1.045494074229602347e+03
0.000000000000000000e+00
0.000000000000000000e+00
0.000000000000000000e+00
0.000000000000000000e+00
0.000000000000000000e+00
