2.335420533309339741e-01
5.684874129184428471e-01
6.865127932667506316e-01
1.125731413635956857e+00
1.622168791695172807e+00
1.358548662324404743e+00
3.375090676682012791e+00
1.775500534800701358e+00
2.081724858718867921e+00
3.165427820319594687e+00
2.683785781002179682e+00
3.182999317124191485e+00
4.160512549806099969e+00
3.723705042499175999e+00
5.292199135278039535e+00
4.834060569086693349e+00
4.180824000070866298e+00
4.073054666472642360e+00
4.477968122552603347e+00
5.737522557346387941e+00
4.239348043909933139e+00
5.272769133648147033e+00
4.692994175112596089e+00
6.480320055226046705e+00
7.626454181269481936e+00
6.343566838989070256e+00
6.372725732355826622e+00
7.722928928341032950e+00
1.230618186315331641e+01
6.831201599979962680e+00
9.194010166157411845e+00
7.444593679003689957e+00
9.610929398879028085e+00
8.417156037054258633e+00
9.265342208008002345e+00
7.468423348037946496e+00
7.966691686018045893e+00
8.631052743694498375e+00
1.028443683066262082e+01
1.084752811177892085e+01
1.350296340374666748e+01
9.880118472075757552e+00
1.041193798262027137e+01
1.284945084332959908e+01
1.101099785772314732e+01
9.538321364567252658e+00
1.378192104067860946e+01
1.069428282618127035e+01
9.712941765390164406e+00
1.206935194360608143e+01
1.065002917638717683e+01
1.100644459612765758e+01
1.102852556778027804e+01
1.210237207361336509e+01
1.533611893772594570e+01
1.235249993373553146e+01
1.225341061848939717e+01
1.569150556513647921e+01
1.359537966118698371e+01
2.446803526499604686e+01
1.666144791791659685e+01
3.708662014607833157e+01
3.008860256909053632e+01
2.511647525523657265e+01
2.380721588935878330e+01
1.493791592037915450e+01
1.577970745270165587e+01
1.524095544519501289e+01
1.613482803179346803e+01
1.489956882858408349e+01
2.518425278245158694e+01
1.741075820592087453e+01
3.770845964084976032e+01
1.731725673222948458e+01
2.659410632707760058e+01
5.020225903995761030e+01
2.813589913203662007e+01
5.178633254862052837e+01
7.762081592736036839e+01
7.005798355502811603e+01
6.989273619146283067e+01
8.484508377012421931e+01
3.246353548017281554e+01
2.765974326942709993e+01
6.839320160188518116e+01
2.793985578672542758e+01
6.980689421130692551e+01
5.113628510008059180e+01
1.047438793771971604e+02
2.073133477135071132e+02
0.000000000000000000e+00
0.000000000000000000e+00
0.000000000000000000e+00
0.000000000000000000e+00
0.000000000000000000e+00
0.000000000000000000e+00
0.000000000000000000e+00
0.000000000000000000e+00
0.000000000000000000e+00
0.000000000000000000e+00
