7.892114750714470661e-01
8.453489601569755818e-01
1.665439240858035852e+00
1.378525263811763546e+00
2.498805929751288346e+00
4.407701857208300211e+00
3.265843892569409324e+00
3.350176175575412252e+00
1.080437820698414519e+01
2.657767084553718107e+01
2.624968445371321124e+01
1.228269148094482510e+01
1.074164006723694698e+01
2.216252766512909034e+01
1.827079936177917929e+01
1.100010982435781060e+01
1.926187288639703610e+01
3.812920830676313955e+01
1.692219838368594509e+01
4.434233477648326271e+01
5.095435661210049716e+01
4.643297693925612180e+01
4.474910595830559856e+01
3.827847714594250306e+01
5.960935039470374619e+01
4.966553299874202310e+01
5.144209289414006747e+01
5.747390002308955559e+01
5.057969073502427904e+01
5.488293954409508757e+01
5.824043165415360335e+01
4.547739828090481495e+01
5.490139781341594727e+01
7.810137883787211877e+01
7.205972329614303362e+01
6.953580431824013885e+01
8.600581126843022162e+01
1.060726797952211746e+04
9.901908579082386552e+01
1.253616336800304794e+02
1.134156413501334697e+02
1.130504597563313109e+04
9.119151582692281011e+01
7.481099165741255774e+01
1.177281347228331470e+02
1.285848369397221234e+02
1.255619479032163144e+04
1.235491624874408808e+04
1.333581486370715538e+04
1.202001932384355496e+04
1.321083133920895307e+04
1.140268297029592577e+04
1.041162564268554888e+04
1.170487767284346046e+04
1.395749010351608376e+04
9.984068890065103915e+03
9.784012272117635803e+03
1.204245653444656637e+04
1.253756826048400944e+04
1.412777222857319794e+04
1.411259495119079111e+04
1.029449800161025269e+04
0.000000000000000000e+00
0.000000000000000000e+00
0.000000000000000000e+00
0.000000000000000000e+00
0.000000000000000000e+00
0.000000000000000000e+00
0.000000000000000000e+00
5.944085822507899138e+03
0.000000000000000000e+00
1.529711463652782004e+04
1.610268521940041865e+04
0.000000000000000000e+00
0.000000000000000000e+00
0.000000000000000000e+00
0.000000000000000000e+00
7.054657952977900095e+03
9.690699753332446562e+03
1.051111521645414359e+04
0.000000000000000000e+00
0.000000000000000000e+00
0.000000000000000000e+00
0.000000000000000000e+00
0.000000000000000000e+00
0.000000000000000000e+00
0.000000000000000000e+00
0.000000000000000000e+00
0.000000000000000000e+00
0.000000000000000000e+00
0.000000000000000000e+00
0.000000000000000000e+00
0.000000000000000000e+00
0.000000000000000000e+00
0.000000000000000000e+00
0.000000000000000000e+00
0.000000000000000000e+00
0.000000000000000000e+00
0.000000000000000000e+00
0.000000000000000000e+00
