4.192070983280860585e-01
5.845202981259177699e-01
1.115501908797845054e+00
9.932935868821957115e-01
1.481246434190962580e+00
1.741437438510784030e+00
2.402544226254602400e+00
2.061667966989924050e+00
5.208533283477683185e+00
4.491122679447982158e+00
7.418548763209897423e+00
5.804117575578508159e+00
4.727854685161198667e+00
9.350582234717190744e+00
2.038554891633494748e+01
9.715611642093849198e+00
6.936957277318644977e+00
1.191061345596016530e+01
1.382692453682924238e+01
1.003954060288946160e+01
2.712343751690776372e+01
1.471572747657129199e+01
1.487221208035738229e+01
1.088280081181277659e+01
1.701365004481337806e+01
1.440200036513546600e+01
1.883139294569099675e+01
1.825172989652158861e+01
2.202763682970819659e+01
2.112764453059903147e+01
2.099783325381218191e+01
3.653816281818328093e+01
2.715231438032493827e+01
4.698442867768804376e+01
4.202047684922081316e+01
2.417426838926409616e+01
2.639064374405180047e+01
2.844192443664207914e+01
5.417798136639181195e+01
6.024928131549968668e+01
4.114863805366491789e+01
3.970577869096347001e+01
4.933233791078934161e+01
3.381027637559400745e+01
3.750550096128833388e+01
3.793761587034698124e+01
6.597153012978071729e+01
5.715331316684744678e+01
4.544918215234486780e+01
4.906678506182403510e+01
4.483663426150170750e+01
7.646605177809826159e+01
8.289266390807300411e+01
6.268075421666012659e+01
7.079649381114631979e+01
6.171634263520536479e+01
7.395665648636656897e+01
8.005138500710087612e+01
8.561243408504867602e+01
7.177204260676387548e+01
7.396062189314532986e+01
9.223010074449214812e+01
1.719832868715292716e+04
1.295068374414198115e+04
1.315122413009356205e+04
1.083403376407083670e+04
7.761299226816938244e+03
8.329636266593310211e+03
5.753891858261801644e+03
6.018370875428682666e+03
8.562361902644226575e+03
1.491494032908041663e+04
1.687088002269736899e+04
6.148997541321096833e+03
0.000000000000000000e+00
0.000000000000000000e+00
0.000000000000000000e+00
0.000000000000000000e+00
0.000000000000000000e+00
0.000000000000000000e+00
0.000000000000000000e+00
0.000000000000000000e+00
0.000000000000000000e+00
0.000000000000000000e+00
0.000000000000000000e+00
0.000000000000000000e+00
0.000000000000000000e+00
0.000000000000000000e+00
0.000000000000000000e+00
0.000000000000000000e+00
0.000000000000000000e+00
0.000000000000000000e+00
0.000000000000000000e+00
0.000000000000000000e+00
0.000000000000000000e+00
0.000000000000000000e+00
0.000000000000000000e+00
0.000000000000000000e+00
0.000000000000000000e+00
0.000000000000000000e+00
