3.186050581828432926e-01
3.874442016389292864e-01
5.891549467785653915e-01
6.139486218594816247e-01
1.087821535727668820e+00
1.034708601708317799e+00
1.051696594716615696e+00
1.193897381134355395e+00
1.765748405597667103e+00
2.606187985903016813e+00
6.466495846417071647e+00
3.235516431094596523e+00
2.586350553630808236e+00
4.693350558721728127e+00
4.938440747685983290e+00
3.292506663377252174e+00
3.726794154392039538e+00
4.904892018399308995e+00
4.167860964006723457e+00
4.911895547697533893e+00
5.950092643913836632e+00
6.391731503933515413e+00
7.719528773507964736e+00
7.676445561403514084e+00
6.520569135877324563e+00
1.241639025310114519e+01
8.731166665087178202e+00
8.082408632646359337e+00
7.570950368454638202e+00
2.753355699658528266e+01
1.353450097584253164e+01
1.304246597793925488e+01
8.072477928680402925e+00
9.792609275845752137e+00
1.798569077559543672e+01
1.037270327849719642e+01
1.244370934638780568e+01
2.733330919277990745e+01
1.149325876170116523e+01
1.010100147129298875e+01
1.328545244769304290e+01
1.774683479962441979e+01
3.128406188346786010e+01
3.075151035227761298e+01
1.960523835903184420e+01
2.253341434688216083e+01
3.864374252274264165e+01
1.615036444225263779e+01
1.503329263171312213e+01
1.418630612090886878e+01
1.402168255798428298e+01
1.518667841556574594e+01
2.438104223842509910e+01
2.317552790312615940e+01
1.976608443362054857e+01
2.293592360289529708e+01
2.371826895810868052e+01
3.828481622039453214e+01
4.915753551204350202e+01
4.614322265515698263e+01
3.967820642107787421e+01
4.044787464922409725e+01
4.131005615246209572e+01
3.157360173421762539e+01
4.241486642481489611e+01
5.708211682830121703e+01
4.004447625225005680e+01
6.962389443379169052e+01
2.054396687972578945e+02
1.936921232196817800e+04
1.966588535700596549e+04
1.497450331942131072e+02
2.205105858445471938e+02
1.410846167757179865e+04
1.239393595971425202e+04
9.373282136140978764e+03
9.885737298071986515e+03
1.973241420540747640e+04
2.119009654029243757e+04
1.848549465758532824e+04
1.205559017017194310e+04
0.000000000000000000e+00
1.198076997102821224e+04
7.779594662963210794e+03
6.899405377141693862e+03
0.000000000000000000e+00
0.000000000000000000e+00
0.000000000000000000e+00
0.000000000000000000e+00
0.000000000000000000e+00
0.000000000000000000e+00
0.000000000000000000e+00
0.000000000000000000e+00
0.000000000000000000e+00
0.000000000000000000e+00
0.000000000000000000e+00
0.000000000000000000e+00
0.000000000000000000e+00
0.000000000000000000e+00
0.000000000000000000e+00
