7.110596686378185538e-01
5.408570902945977199e-01
1.104460837552301955e+00
1.405393827010874119e+00
4.477629417248789601e+00
5.228213704939125961e+00
5.029393510688895397e+00
7.068836863241802604e+00
5.267958367696522259e+00
7.272062786349572150e+00
1.713390812634983718e+01
8.180460824419325760e+00
1.396520267367839097e+01
1.044378292875071423e+01
1.242438423722613017e+01
1.059026749289569835e+01
1.731345739357085378e+01
3.378714383279226041e+01
2.025850433499079628e+01
2.261451845528783977e+01
3.574984995046877145e+01
4.337841911478973600e+01
2.810554338987980927e+01
2.723978669212715786e+01
3.004306510207095116e+01
4.185003437494981426e+01
4.014881764731828895e+01
6.183090179309882473e+01
4.777489340789957595e+01
4.080952191172599441e+01
5.371079781014373822e+01
5.510876962544801927e+01
7.301394462718104705e+01
9.258363848962098075e+01
5.353945934154030795e+01
3.925387044968707784e+01
3.959899986852535392e+01
1.096844615069497877e+02
6.299841489929828242e+01
1.041925853007352885e+02
1.004108022998542964e+02
1.244874599362345361e+04
1.207741412706955452e+04
1.242233588446155045e+04
1.090444426545968639e+02
1.352290233930732393e+04
1.365985952864226238e+04
1.196546974968809627e+04
1.336749493450724367e+04
1.188215816928941967e+04
1.145441371916472599e+04
1.409224906787781765e+04
1.497202856101032012e+04
1.152594436940233754e+04
1.320707844504164495e+04
1.043083855312747983e+04
7.964662266659213856e+03
7.465392674507723314e+03
5.138700489199072763e+03
0.000000000000000000e+00
5.277133603756306002e+03
0.000000000000000000e+00
0.000000000000000000e+00
0.000000000000000000e+00
0.000000000000000000e+00
0.000000000000000000e+00
6.311294100693522523e+03
1.697322816873696866e+04
1.468783403942250698e+04
0.000000000000000000e+00
0.000000000000000000e+00
0.000000000000000000e+00
0.000000000000000000e+00
0.000000000000000000e+00
0.000000000000000000e+00
0.000000000000000000e+00
0.000000000000000000e+00
0.000000000000000000e+00
0.000000000000000000e+00
0.000000000000000000e+00
0.000000000000000000e+00
0.000000000000000000e+00
0.000000000000000000e+00
0.000000000000000000e+00
0.000000000000000000e+00
0.000000000000000000e+00
0.000000000000000000e+00
0.000000000000000000e+00
0.000000000000000000e+00
0.000000000000000000e+00
0.000000000000000000e+00
0.000000000000000000e+00
0.000000000000000000e+00
0.000000000000000000e+00
0.000000000000000000e+00
0.000000000000000000e+00
0.000000000000000000e+00
0.000000000000000000e+00
0.000000000000000000e+00
0.000000000000000000e+00
