4.595247274471269128e-01
4.108698957042546396e-01
7.097313221175949316e-01
1.040731257808009236e+00
1.808833116041279387e+00
1.623187872997926551e+00
4.142453089740512517e+00
3.827604964881470728e+00
5.140641083204219086e+00
5.073069935409031395e+00
8.647443961864105688e+00
3.304354754562482288e+00
4.333538107340078938e+00
6.825103409430667512e+00
6.489117839000406285e+00
1.254039514344013462e+01
5.291571677749351998e+00
7.156718516747472059e+00
9.583470899601691073e+00
1.127578923469289052e+01
1.232751281758987894e+01
1.130654894406426614e+01
1.099597334356975509e+01
1.293174280050651959e+01
1.193419434144409763e+01
1.357213490224259367e+01
2.118861557719017341e+01
1.823126004696737112e+01
1.427010576766287642e+01
2.564143167246392707e+01
2.536908698363337322e+01
1.643539557441760479e+01
1.644349435203269749e+01
1.760470106456611461e+01
2.201372763600473093e+01
1.958171342231404921e+01
2.074269452756128729e+01
3.605109329511623883e+01
2.187755871047552958e+01
4.305312233261327748e+01
2.639813405223165432e+01
4.698653106577000926e+01
5.451286740381438278e+01
6.754643475263038965e+01
5.892971738578498986e+01
6.686987031110700741e+01
4.671378822698041944e+01
5.671519634521488484e+01
5.292300259900294890e+01
7.219349089554417276e+01
5.307224584894750308e+01
6.754615406301914504e+01
7.817857959420764757e+01
9.448377111495268821e+01
5.783398338190032462e+01
5.756181445910635119e+01
4.693111019212531687e+01
5.222291969983963611e+01
9.395334526140655385e+01
1.262501413029892916e+02
1.106606467550170123e+02
1.351839982904546389e+02
1.866471794543385113e+04
1.767215091623935950e+04
1.662005491896821695e+04
1.158355933272510265e+04
5.662882678500097427e+03
1.379338684203732919e+04
1.361033873794933425e+04
0.000000000000000000e+00
0.000000000000000000e+00
0.000000000000000000e+00
0.000000000000000000e+00
0.000000000000000000e+00
0.000000000000000000e+00
7.772527491981461026e+03
0.000000000000000000e+00
0.000000000000000000e+00
0.000000000000000000e+00
0.000000000000000000e+00
0.000000000000000000e+00
0.000000000000000000e+00
0.000000000000000000e+00
0.000000000000000000e+00
0.000000000000000000e+00
0.000000000000000000e+00
0.000000000000000000e+00
0.000000000000000000e+00
0.000000000000000000e+00
0.000000000000000000e+00
0.000000000000000000e+00
0.000000000000000000e+00
0.000000000000000000e+00
0.000000000000000000e+00
0.000000000000000000e+00
0.000000000000000000e+00
0.000000000000000000e+00
0.000000000000000000e+00
0.000000000000000000e+00
0.000000000000000000e+00
