4.183866270984081814e-01
6.069947362657135415e-01
9.041102010953167012e-01
1.255586566187073316e+00
1.663976179245245879e+00
1.797292577998848895e+00
2.645603651861281769e+00
2.443052017745127369e+00
2.796875590585941929e+00
3.003962707822275480e+00
5.444830292018137285e+00
3.707412907057337392e+00
3.809982942017703156e+00
5.064403962981904428e+00
7.267482382562698184e+00
5.719643227658472107e+00
5.803184605547564878e+00
6.279703525852371904e+00
6.483341579441622926e+00
6.771416151437518849e+00
8.455233281022149328e+00
8.929486449015456628e+00
1.308085021903089640e+01
9.995457362644504684e+00
8.504336665011454244e+00
9.926409643276603134e+00
2.100349993244164892e+01
1.366227104538658743e+01
1.537849884638558429e+01
1.488126249752926888e+01
1.611674083696908966e+01
1.469806479335730565e+01
1.231376443936209597e+01
1.319598762639871659e+01
1.167424061952357484e+01
1.483194819038211065e+01
1.808543638655807939e+01
3.226364267838160060e+01
1.416999431157299227e+01
1.570709144554570713e+01
1.785990433359332030e+01
3.687124017360081751e+01
3.721347095750847700e+01
2.346513579386329695e+01
2.521863130946473319e+01
1.725681880624425446e+01
1.721065262896635417e+01
1.757649069707964529e+01
1.746262764545502932e+01
2.262796284395696134e+01
2.754533292077690376e+01
2.147429548603395233e+01
1.802916155757482386e+01
2.263241998752547346e+01
2.515123234618040016e+01
3.131928804628402574e+01
3.692289268156512350e+01
4.301086781343206411e+01
3.446946896456561404e+01
4.997605963804871010e+01
4.138618356910976814e+01
5.135845371625103439e+01
4.597340244864204095e+01
5.841259158716295730e+01
1.785165985669208339e+02
1.931775693843533372e+04
1.327870423284399806e+02
1.085490832523547482e+02
2.251976587960310781e+02
1.037997774239528553e+04
8.582848519940793267e+03
0.000000000000000000e+00
1.008322575381477873e+04
2.002647970535956119e+04
2.124994716873491052e+04
1.872890762088213523e+04
1.358688546240931464e+04
1.369850812174834391e+04
6.958870662658529909e+03
0.000000000000000000e+00
0.000000000000000000e+00
0.000000000000000000e+00
0.000000000000000000e+00
0.000000000000000000e+00
0.000000000000000000e+00
0.000000000000000000e+00
0.000000000000000000e+00
0.000000000000000000e+00
0.000000000000000000e+00
0.000000000000000000e+00
0.000000000000000000e+00
0.000000000000000000e+00
0.000000000000000000e+00
0.000000000000000000e+00
0.000000000000000000e+00
0.000000000000000000e+00
0.000000000000000000e+00
0.000000000000000000e+00
0.000000000000000000e+00
0.000000000000000000e+00
