4.549459036172511239e-01
4.160132293123278702e-01
4.234182599253080714e-01
5.049129016199273012e-01
8.930082180496017319e-01
7.447265484208042130e-01
2.147911889146753683e+00
1.591375177436285204e+00
1.421696195034258592e+00
1.872189691769852615e+00
2.534795279674197488e+00
1.670374112344986006e+00
3.285430913327123559e+00
2.392641129163411762e+00
2.338495064180536875e+00
3.311129119295278755e+00
2.535347255518355158e+00
2.971829494240484593e+00
3.072745273638916252e+00
4.042852395836189494e+00
4.553722394598024081e+00
5.359671751914692805e+00
6.356379371267038891e+00
5.147449498858065908e+00
4.147853410833595156e+00
4.902710928859939088e+00
5.744114475224346705e+00
5.256131688143173442e+00
6.482139963813598804e+00
6.770697456423163452e+00
7.747670905319251844e+00
9.832388958468467166e+00
5.788636007297550456e+00
6.881242660361539976e+00
6.283098614106145341e+00
6.199599442633459745e+00
7.746414062837807535e+00
7.267746819595315877e+00
5.810452169249468390e+00
8.852109788512770194e+00
6.470492535774194032e+00
1.022699405619102286e+01
7.965702329222980715e+00
9.744269793804599900e+00
8.179006956525187277e+00
1.108707017795959615e+01
7.803805405293728903e+00
1.071684114145379318e+01
9.869022972615841383e+00
1.565636941195897158e+01
1.019373626539585764e+01
1.003991990750432883e+01
1.191442150198830774e+01
1.825155277476657290e+01
1.509545645426021210e+01
1.756002063481300723e+01
1.324176122165819436e+01
1.541795474164861801e+01
1.292400391408577676e+01
1.513818544285006062e+01
2.318085697673764045e+01
1.265730269124546048e+01
1.721942398657490614e+01
1.857966190481053559e+01
1.755669819601683912e+01
2.670382630473299557e+01
2.784451164022624070e+01
1.855245397229096227e+01
3.576235069103775288e+01
7.437123982647887033e+01
1.059939703183116961e+02
1.437131409372562416e+02
8.731640810434168998e+01
2.574546122874699705e+01
4.606076621833972240e+01
8.655265860705674186e+01
8.538161276298997393e+01
9.382656834608934560e+01
2.376655175741229016e+02
2.752900201022847568e+02
0.000000000000000000e+00
0.000000000000000000e+00
0.000000000000000000e+00
0.000000000000000000e+00
0.000000000000000000e+00
0.000000000000000000e+00
0.000000000000000000e+00
0.000000000000000000e+00
0.000000000000000000e+00
0.000000000000000000e+00
0.000000000000000000e+00
0.000000000000000000e+00
0.000000000000000000e+00
0.000000000000000000e+00
0.000000000000000000e+00
0.000000000000000000e+00
0.000000000000000000e+00
0.000000000000000000e+00
0.000000000000000000e+00
0.000000000000000000e+00
