1.411849046937954544e+00
1.219287404156860877e+00
1.854044766963688362e+00
1.129532343698788965e+00
1.024064698489720904e+01
6.865120279346869303e+00
5.797434436914649325e+00
7.162585435969798908e+00
5.699390669526691156e+00
2.040810461923389596e+01
1.116650361995727891e+01
7.659512438208749607e+00
7.980502758558999155e+00
9.209669186528749663e+00
1.231824370753850495e+01
1.522885817233423822e+01
1.777880408698686310e+01
3.609780722676033093e+01
2.237540664915226785e+01
2.126978326946095521e+01
3.984437719808659040e+01
2.472800035212195624e+01
4.172612028875989409e+01
3.866221988422599054e+01
4.880848717001446602e+01
5.466935832001308881e+01
4.771839518019549331e+01
4.265816265230083815e+01
4.653269806086890981e+01
6.224388762570649192e+01
7.730197644584265504e+01
7.874474002220560465e+01
1.121295755453119938e+02
8.879336121114521063e+01
4.790384049633780705e+01
1.496799060746886596e+02
9.429949905935222887e+01
1.121291509085071425e+02
1.540464067589765307e+02
1.255598402697582424e+04
2.107162576726362033e+02
1.311273569230209250e+04
1.397637720130673245e+02
1.659671304280586526e+02
1.405042017935453077e+04
1.408888289329440522e+04
1.434092822579422682e+04
2.361537319959935246e+02
1.525659084807011641e+04
1.543654245570931562e+04
1.405618674680316144e+04
1.372911858764150747e+04
1.280488686011629397e+04
1.103079755713542909e+04
7.985137847777550633e+03
6.719968209643465343e+03
7.702184792776688482e+03
7.586534240342647536e+03
5.559072547687895167e+03
5.381837613738504842e+03
5.431897639243959020e+03
0.000000000000000000e+00
0.000000000000000000e+00
1.757982355185477354e+04
1.523119780416204594e+04
6.223991728208543464e+03
0.000000000000000000e+00
0.000000000000000000e+00
0.000000000000000000e+00
6.506131295508107542e+03
0.000000000000000000e+00
0.000000000000000000e+00
0.000000000000000000e+00
0.000000000000000000e+00
0.000000000000000000e+00
0.000000000000000000e+00
0.000000000000000000e+00
0.000000000000000000e+00
0.000000000000000000e+00
0.000000000000000000e+00
0.000000000000000000e+00
0.000000000000000000e+00
0.000000000000000000e+00
0.000000000000000000e+00
0.000000000000000000e+00
0.000000000000000000e+00
0.000000000000000000e+00
0.000000000000000000e+00
0.000000000000000000e+00
0.000000000000000000e+00
0.000000000000000000e+00
0.000000000000000000e+00
0.000000000000000000e+00
0.000000000000000000e+00
0.000000000000000000e+00
0.000000000000000000e+00
0.000000000000000000e+00
0.000000000000000000e+00
0.000000000000000000e+00
0.000000000000000000e+00
