1.851557431598662984e-01
1.960313540693809919e-01
2.673872940734758896e-01
3.782362247137122657e-01
5.584727832347970988e-01
1.067760081569610442e+00
8.161643158073017545e-01
1.063512672249065982e+00
1.349197116209909897e+00
1.789231623226329226e+00
1.467251652878948098e+00
1.814359355692186648e+00
1.938791757755323530e+00
1.901334298546451418e+00
2.774112672697574222e+00
2.925793954791674256e+00
3.061053149860369249e+00
3.121436273976976317e+00
3.219092095177880974e+00
4.507692026473995917e+00
5.314737697475147904e+00
4.373916663608474309e+00
4.825241056593092104e+00
5.240751823838269097e+00
5.864294230498406257e+00
5.765097115595770205e+00
7.899414463674618858e+00
1.152552575326729389e+01
7.876188336281842339e+00
9.381718208389381530e+00
9.598190437725387270e+00
8.781009744832747543e+00
1.066438768371371992e+01
1.289847142628758192e+01
1.245492038753494590e+01
1.368636241382090191e+01
1.269616615008367155e+01
1.256609307578915136e+01
1.437587479720929018e+01
1.660656524430527270e+01
1.540079516441883456e+01
1.670732742889553535e+01
1.651553970320605558e+01
1.766168591604891347e+01
1.591819474211350283e+01
1.635404684797478936e+01
1.631034480075145865e+01
1.922183270376110542e+01
1.859758588417185976e+01
1.813156185432388767e+01
1.763969369175601543e+01
1.816054077347288498e+01
1.965855727454556146e+01
1.929697005790942299e+01
2.063905805914755831e+01
2.128049871367509738e+01
2.206770511110139310e+01
2.312647491347586381e+01
2.227399345986495049e+01
2.517172248257406508e+01
2.684372370724237200e+01
2.296898751293468521e+01
2.271730698896611145e+01
2.178408282965411047e+01
2.004571758591714215e+01
1.910581877486079350e+01
1.945349270742118009e+01
2.552335333907104697e+01
2.469173318870284106e+01
2.772096125710536185e+01
2.969478204204228433e+01
2.603903489655349546e+01
3.006989032588410282e+01
2.987856387727932983e+01
3.614281765419615056e+01
3.619616263514414101e+01
3.876036786652821320e+01
4.469295799824870130e+01
4.883816248904314250e+01
5.120452896526619924e+01
6.936845914414915626e+01
9.601028098736391314e+01
1.393699677857572112e+02
9.142701424886276072e+03
2.399208025210679352e+03
1.131709975297457049e+03
1.143400316836915181e+03
8.926031648935884277e+02
0.000000000000000000e+00
0.000000000000000000e+00
0.000000000000000000e+00
0.000000000000000000e+00
0.000000000000000000e+00
0.000000000000000000e+00
0.000000000000000000e+00
0.000000000000000000e+00
0.000000000000000000e+00
0.000000000000000000e+00
0.000000000000000000e+00
0.000000000000000000e+00
