7.348009071863126351e-01
1.218851210580749411e+00
3.716328575343058382e+00
1.004610126402895043e+00
2.032035564887011247e+01
1.560538473766101220e+01
6.486999178767409724e+00
2.582483699027516266e+01
3.884707577018971403e+00
8.177102087886048309e+00
4.820001012794755901e+00
4.499603044549080444e+00
6.276271268867112063e+00
9.191706081793514116e+00
1.384902216586471546e+01
9.773818666776605824e+00
1.243785635841897097e+01
1.409542942853101088e+01
1.583428403154279707e+01
1.488936136484252160e+01
1.919887792264422899e+01
1.295006269227607554e+01
1.181565766905479542e+01
1.809927330010375002e+01
1.810721895301892559e+01
2.368030872019090793e+01
2.792789215872305775e+01
2.390244044113016386e+01
2.767906939515865261e+01
2.739654207595742363e+01
3.159158232852634285e+01
3.080131462757421090e+01
2.302631223684827333e+01
2.124581219596301551e+01
3.551939951838455301e+01
4.838288924811966041e+01
2.865761826007959101e+01
2.700173823498425207e+01
3.846575014322331754e+01
3.600579160728572958e+01
5.182377050738809032e+01
4.969790856771074061e+01
4.967507920394552912e+01
4.521513770994375392e+01
3.862924614791922551e+01
6.277647597539038316e+01
6.017896770604666301e+01
8.497716958249938557e+01
6.730132014673687024e+01
6.214817244002313146e+01
8.456597416444229509e+01
9.119670672866705274e+01
7.084349503355730349e+01
7.979646107834743418e+01
8.105208304418216869e+01
1.229097992172683718e+02
1.639735158080201813e+02
1.876294889491475431e+02
1.971609336150972069e+02
1.862974888488060969e+04
1.629515750589524396e+04
6.275411440834180212e+03
6.287223041688924241e+03
1.754639922330906484e+04
1.752945706789935866e+04
6.142062951935346064e+03
0.000000000000000000e+00
0.000000000000000000e+00
9.311614348563616659e+03
7.002840444224283601e+03
0.000000000000000000e+00
0.000000000000000000e+00
0.000000000000000000e+00
0.000000000000000000e+00
0.000000000000000000e+00
0.000000000000000000e+00
0.000000000000000000e+00
0.000000000000000000e+00
0.000000000000000000e+00
0.000000000000000000e+00
0.000000000000000000e+00
0.000000000000000000e+00
0.000000000000000000e+00
0.000000000000000000e+00
0.000000000000000000e+00
0.000000000000000000e+00
0.000000000000000000e+00
0.000000000000000000e+00
0.000000000000000000e+00
0.000000000000000000e+00
0.000000000000000000e+00
0.000000000000000000e+00
0.000000000000000000e+00
0.000000000000000000e+00
0.000000000000000000e+00
0.000000000000000000e+00
0.000000000000000000e+00
0.000000000000000000e+00
0.000000000000000000e+00
0.000000000000000000e+00
