5.035815999782511376e-01
6.469496766013373978e-01
2.435582512825826829e+00
6.495258150215260651e-01
3.806200577864862211e+00
1.205851785257944009e+00
1.956779992912068167e+00
6.976675903837445958e+00
2.123474900262392051e+00
6.854591778863665219e+00
2.890403589670377027e+00
5.719156987140700643e+00
4.025795828444896252e+00
2.997701891404645380e+00
4.233589522279562978e+00
5.855422005098162685e+00
5.038376998894736225e+00
5.636209808660077591e+00
8.219281806910228028e+00
4.262142965862650179e+00
8.599528254547085027e+00
1.193378345653815664e+01
9.100685796386166260e+00
9.002989387199454185e+00
9.142606588758644293e+00
8.363666601565915570e+00
1.801444191039768228e+01
1.796815977017024579e+01
1.329910807827981500e+01
2.016654614526537515e+01
2.184031308832982532e+01
9.569972466931359278e+00
9.776550143826691297e+00
1.484539565321813903e+01
1.486393396031658121e+01
1.996603667872833654e+01
1.201701751555207132e+01
1.287242083688184735e+01
1.305031816842871883e+01
1.830925795954810198e+01
2.251306286975882287e+01
1.984712974293707433e+01
1.463371666866293985e+01
1.619176250945452367e+01
1.795807196175722353e+01
2.285733885162391132e+01
2.866192685264727302e+01
3.892379636221738792e+01
3.306451838986799885e+01
2.239411705290370946e+01
4.056809198990082876e+01
3.464990021424727473e+01
4.753571182453207911e+01
4.236529937298616488e+01
5.127680660600454843e+01
3.674648617381904359e+01
3.338101910508315484e+01
3.619036906330371295e+01
5.409548493634500232e+01
2.916615767432995909e+01
1.257140978269301428e+02
1.948777351050703874e+04
1.878785264645677307e+04
1.782374646168009349e+02
1.896389019265546665e+02
1.303001457101948290e+04
0.000000000000000000e+00
1.123034888384129772e+04
9.490379428462658325e+03
1.805272056250449168e+04
1.711649972243290904e+04
1.341665020811431714e+04
1.224183761190545738e+04
0.000000000000000000e+00
6.976240427760568309e+03
0.000000000000000000e+00
0.000000000000000000e+00
0.000000000000000000e+00
0.000000000000000000e+00
0.000000000000000000e+00
0.000000000000000000e+00
0.000000000000000000e+00
0.000000000000000000e+00
0.000000000000000000e+00
0.000000000000000000e+00
0.000000000000000000e+00
0.000000000000000000e+00
0.000000000000000000e+00
0.000000000000000000e+00
0.000000000000000000e+00
0.000000000000000000e+00
0.000000000000000000e+00
0.000000000000000000e+00
0.000000000000000000e+00
0.000000000000000000e+00
0.000000000000000000e+00
0.000000000000000000e+00
0.000000000000000000e+00
0.000000000000000000e+00
0.000000000000000000e+00
