5.565126791924343008e-01
6.611175961950086499e-01
1.080060515108112851e+00
4.966803236063351834e-01
1.039327621329301232e+00
8.378271335193526737e-01
1.518288353905941745e+00
1.799534694838141213e+00
1.406304416740315810e+00
1.711638036404113938e+00
1.846957662010975998e+00
2.115052738785190289e+00
2.036492707973815985e+00
3.192490357769637743e+00
3.324539900589166042e+00
3.118405069209265967e+00
2.908967366934405163e+00
4.918579535503338818e+00
4.553072763086140284e+00
4.809331491275926851e+00
6.047686187374063493e+00
1.043991673293413491e+01
4.303653862081707082e+00
8.664643543089331601e+00
5.819018720306702974e+00
7.649812443545388696e+00
6.947637220204653907e+00
5.564589253496531995e+00
8.112635098551868040e+00
7.998114963932604127e+00
8.299291219636044659e+00
5.838512900414036366e+00
1.003679976726018097e+01
5.937975484643912338e+00
5.897912146202633821e+00
6.896403221851428178e+00
6.317899622614929989e+00
9.705244279978282762e+00
1.088749761996517940e+01
1.003240304511569292e+01
1.319826646734268927e+01
1.448414102659287650e+01
7.329278587388810884e+00
9.849287867324276746e+00
1.326740681257935606e+01
1.015992283344749225e+01
1.171329740042131817e+01
9.111556565081942338e+00
1.218477899458818214e+01
1.250668848924085630e+01
1.818957666224035208e+01
1.265820298981903846e+01
1.070853640782293148e+01
1.871596968493973634e+01
1.246739252520213981e+01
1.308942415342163201e+01
1.330663374547392586e+01
1.061030652471251479e+01
1.170537563877245013e+01
1.816330937751103036e+01
1.379537182296633802e+01
1.755688348497867324e+01
1.990509666237235464e+01
2.502376232679202772e+01
1.638659782214432425e+01
1.490493963647430320e+01
3.598173933164623151e+01
2.682750486653015187e+01
2.611160209058213511e+01
1.834913439430146198e+01
5.321079435815594394e+01
6.793169567689399457e+01
9.111711779352204132e+01
1.317719866183384454e+02
1.376828790980505630e+02
1.317701273089130336e+04
0.000000000000000000e+00
0.000000000000000000e+00
0.000000000000000000e+00
0.000000000000000000e+00
0.000000000000000000e+00
0.000000000000000000e+00
0.000000000000000000e+00
0.000000000000000000e+00
0.000000000000000000e+00
0.000000000000000000e+00
0.000000000000000000e+00
0.000000000000000000e+00
0.000000000000000000e+00
0.000000000000000000e+00
0.000000000000000000e+00
0.000000000000000000e+00
0.000000000000000000e+00
0.000000000000000000e+00
0.000000000000000000e+00
0.000000000000000000e+00
0.000000000000000000e+00
0.000000000000000000e+00
0.000000000000000000e+00
0.000000000000000000e+00
