2.182381200381191100e+00
1.644062687111166987e+00
1.754579791628892771e+00
6.369136689046611011e+00
5.529323629032498744e+00
6.993540014943479655e+00
5.687582168331477561e+00
5.549358720202462791e+00
1.982167655997488254e+01
7.753632293653391905e+00
1.144145797135961296e+01
8.332046212452569378e+00
1.168526699140798186e+01
2.266138212036641875e+01
2.404169257132679860e+01
3.158894651330244940e+01
4.362265615654032302e+01
5.113903069950529812e+01
4.287603290649482091e+01
5.429830507991063371e+01
6.215301042835245227e+01
5.547923537486198597e+01
6.005602218341083898e+01
6.653775196085481980e+01
9.925145204189590231e+01
7.308476358163761688e+01
8.134217237266126688e+01
8.668566473051477317e+01
1.312164177798468643e+02
9.634960035351831209e+01
2.123323389029488908e+02
1.035164415901587745e+04
1.049888929258796270e+04
1.109633429173991863e+04
1.079827685164384093e+04
2.186002669010078705e+02
2.157326452558089613e+02
1.199752454592152208e+04
7.183941563108019182e+03
8.143621628195757694e+03
7.457400708622336424e+03
1.263431253843219383e+04
8.820595730667244425e+03
8.295195891829722314e+03
7.649545028718621325e+03
1.051691272549924543e+04
4.340934326087703994e+03
6.424156151292693721e+03
9.095241451975731252e+03
6.616173176542361034e+03
0.000000000000000000e+00
0.000000000000000000e+00
0.000000000000000000e+00
0.000000000000000000e+00
0.000000000000000000e+00
0.000000000000000000e+00
0.000000000000000000e+00
0.000000000000000000e+00
0.000000000000000000e+00
1.241054483274804625e+04
1.795508746718016846e+04
1.041708985390010821e+04
0.000000000000000000e+00
0.000000000000000000e+00
0.000000000000000000e+00
6.567859589205866541e+03
6.387689663740254218e+03
0.000000000000000000e+00
0.000000000000000000e+00
0.000000000000000000e+00
0.000000000000000000e+00
0.000000000000000000e+00
0.000000000000000000e+00
0.000000000000000000e+00
0.000000000000000000e+00
0.000000000000000000e+00
0.000000000000000000e+00
0.000000000000000000e+00
0.000000000000000000e+00
0.000000000000000000e+00
0.000000000000000000e+00
0.000000000000000000e+00
0.000000000000000000e+00
0.000000000000000000e+00
0.000000000000000000e+00
0.000000000000000000e+00
0.000000000000000000e+00
0.000000000000000000e+00
0.000000000000000000e+00
0.000000000000000000e+00
0.000000000000000000e+00
0.000000000000000000e+00
0.000000000000000000e+00
0.000000000000000000e+00
0.000000000000000000e+00
0.000000000000000000e+00
0.000000000000000000e+00
0.000000000000000000e+00
0.000000000000000000e+00
0.000000000000000000e+00
