1.434710771109354077e+00
7.982608876037162737e-01
1.209463205177513156e+00
1.742472465279937710e+00
1.537336266059505796e+00
2.860600475314124314e+00
3.798801941653531689e+00
3.765115084378458210e+00
6.184287816650098080e+00
4.654432014774937620e+00
4.565362003345569519e+00
5.809906674942126870e+00
4.687640366481494070e+00
5.653317840312777065e+00
6.829170918891402486e+00
1.310381074716561045e+01
8.307443451938848256e+00
1.243451802865307521e+01
2.124629060439625761e+01
7.169183150488941614e+00
1.182444330811980038e+01
1.024667576334808139e+01
1.165873615204173142e+01
1.204987503145324901e+01
2.036163443324069533e+01
1.631061530745163779e+01
3.710088889169669812e+01
2.006185007993206426e+01
5.548216216450599347e+01
1.852828029377654673e+01
1.590846763492508131e+01
1.575881312655441135e+01
1.856242073521558922e+01
2.759727641632325756e+01
3.748744500513909372e+01
7.201168212956274317e+01
3.178888644476484870e+01
2.631733506531448796e+01
4.532121164219718423e+01
1.388157391589646750e+02
5.391828532463053847e+01
7.269218696825740267e+01
6.742866071496898428e+01
1.015767283503845135e+02
1.018548503119197193e+02
1.011027257939663855e+02
7.512809150383985468e+01
1.520228254110126898e+02
9.444792645269997422e+01
1.101349722801735140e+02
2.224760367550890976e+02
1.726450813181144622e+04
1.732514256758195552e+04
1.641461513175290747e+04
1.618250960351847425e+04
1.109756197375600095e+04
0.000000000000000000e+00
5.119249016604104327e+03
0.000000000000000000e+00
1.023206783595288653e+04
1.254672119354008828e+04
0.000000000000000000e+00
0.000000000000000000e+00
0.000000000000000000e+00
0.000000000000000000e+00
7.856858471235143952e+03
5.630806177997137638e+03
0.000000000000000000e+00
0.000000000000000000e+00
0.000000000000000000e+00
0.000000000000000000e+00
0.000000000000000000e+00
0.000000000000000000e+00
0.000000000000000000e+00
0.000000000000000000e+00
0.000000000000000000e+00
0.000000000000000000e+00
0.000000000000000000e+00
0.000000000000000000e+00
0.000000000000000000e+00
0.000000000000000000e+00
0.000000000000000000e+00
0.000000000000000000e+00
0.000000000000000000e+00
0.000000000000000000e+00
0.000000000000000000e+00
0.000000000000000000e+00
0.000000000000000000e+00
0.000000000000000000e+00
0.000000000000000000e+00
0.000000000000000000e+00
0.000000000000000000e+00
0.000000000000000000e+00
0.000000000000000000e+00
0.000000000000000000e+00
0.000000000000000000e+00
0.000000000000000000e+00
0.000000000000000000e+00
0.000000000000000000e+00
0.000000000000000000e+00
