2.991108690953458438e-01
4.064121524278822006e-01
2.031036941283586916e+00
8.034322653123414648e-01
9.896214454530997129e-01
1.406284449230689848e+00
1.332828714658530034e+00
1.501372812933579048e+00
1.999590596523426411e+00
2.292745871241321343e+00
2.552609424971102658e+00
2.803730618049609546e+00
2.366253592555700003e+00
2.783573483597458598e+00
3.435407474622309554e+00
3.428351132717353700e+00
3.513877892320733665e+00
3.609274408598411643e+00
4.832630412591805147e+00
4.040890480114064154e+00
6.080243670154054314e+00
5.206008089800469030e+00
4.912756990110422883e+00
7.321737596015502447e+00
6.779290052729474603e+00
5.387958945078754169e+00
8.121022117581768285e+00
8.617114646481315532e+00
6.131018737703270993e+00
6.149222888831829437e+00
6.158572642502696759e+00
2.123372114556037502e+02
8.805990905312189625e+02
0.000000000000000000e+00
0.000000000000000000e+00
0.000000000000000000e+00
0.000000000000000000e+00
0.000000000000000000e+00
0.000000000000000000e+00
0.000000000000000000e+00
0.000000000000000000e+00
0.000000000000000000e+00
0.000000000000000000e+00
0.000000000000000000e+00
0.000000000000000000e+00
0.000000000000000000e+00
0.000000000000000000e+00
0.000000000000000000e+00
0.000000000000000000e+00
0.000000000000000000e+00
0.000000000000000000e+00
0.000000000000000000e+00
0.000000000000000000e+00
0.000000000000000000e+00
0.000000000000000000e+00
0.000000000000000000e+00
0.000000000000000000e+00
0.000000000000000000e+00
0.000000000000000000e+00
0.000000000000000000e+00
0.000000000000000000e+00
0.000000000000000000e+00
0.000000000000000000e+00
0.000000000000000000e+00
0.000000000000000000e+00
0.000000000000000000e+00
0.000000000000000000e+00
0.000000000000000000e+00
0.000000000000000000e+00
0.000000000000000000e+00
0.000000000000000000e+00
0.000000000000000000e+00
0.000000000000000000e+00
0.000000000000000000e+00
0.000000000000000000e+00
0.000000000000000000e+00
0.000000000000000000e+00
0.000000000000000000e+00
0.000000000000000000e+00
0.000000000000000000e+00
0.000000000000000000e+00
0.000000000000000000e+00
0.000000000000000000e+00
0.000000000000000000e+00
0.000000000000000000e+00
0.000000000000000000e+00
0.000000000000000000e+00
0.000000000000000000e+00
0.000000000000000000e+00
0.000000000000000000e+00
0.000000000000000000e+00
0.000000000000000000e+00
0.000000000000000000e+00
0.000000000000000000e+00
0.000000000000000000e+00
0.000000000000000000e+00
0.000000000000000000e+00
0.000000000000000000e+00
0.000000000000000000e+00
0.000000000000000000e+00
