6.375139227458507252e-01
4.406207383709329628e-01
1.299140561532337035e+00
9.224745046138101978e-01
1.152090219469619203e+00
1.653943988511550334e+00
1.635241736070259799e+00
1.719709745476580620e+00
4.480227707954155036e+00
2.243241183399486527e+00
3.062968923741757443e+00
2.608185147125257064e+00
3.535357630384908134e+00
4.449478202797709336e+00
4.675241876606191838e+00
4.197350442873233334e+00
3.898193032139909420e+00
4.959636806154964717e+00
6.306001657754768175e+00
4.849554388485391776e+00
5.629608137536541435e+00
6.646779797267348577e+00
9.701592660995853379e+00
7.824957411075383895e+00
6.515536491004210617e+00
7.772087139215729579e+00
8.738078016724672992e+00
7.756622591650512710e+00
1.060597425069407329e+01
6.699362084890234215e+00
7.759784975516663685e+00
7.570194027647562329e+00
6.807817095893825332e+00
1.217435367544659641e+01
9.340024795292933391e+00
9.307913929357916061e+00
1.073451932657045660e+01
9.872393607346049649e+00
1.069930568038524399e+01
1.434104888269027533e+01
1.103398863294522769e+01
1.110825037569030194e+01
1.083654869729005021e+01
1.153540422488332595e+01
9.894362958025286758e+00
1.317974559682521374e+01
1.243539912447165108e+01
1.427128530770837322e+01
1.759237177715272438e+01
1.485228080051274979e+01
2.353540736787946841e+01
1.237190231968213006e+01
1.348473409420522096e+01
1.765787842512058248e+01
1.455272243191586767e+01
1.590233790433019223e+01
1.736755549426865741e+01
2.178096785614119923e+01
1.593818087345374401e+01
1.803349083766734040e+01
2.593923788585028944e+01
2.537215426001868224e+01
4.159400118695076287e+01
4.437565316869817877e+01
6.370077397316071455e+01
3.704304272771543083e+01
6.123407846181141423e+01
1.118595603705952755e+02
2.295589390208329860e+04
2.221443193062443970e+04
2.260025417885215938e+04
0.000000000000000000e+00
0.000000000000000000e+00
0.000000000000000000e+00
0.000000000000000000e+00
0.000000000000000000e+00
0.000000000000000000e+00
0.000000000000000000e+00
0.000000000000000000e+00
0.000000000000000000e+00
0.000000000000000000e+00
0.000000000000000000e+00
0.000000000000000000e+00
0.000000000000000000e+00
0.000000000000000000e+00
0.000000000000000000e+00
0.000000000000000000e+00
0.000000000000000000e+00
0.000000000000000000e+00
0.000000000000000000e+00
0.000000000000000000e+00
0.000000000000000000e+00
0.000000000000000000e+00
0.000000000000000000e+00
0.000000000000000000e+00
0.000000000000000000e+00
0.000000000000000000e+00
0.000000000000000000e+00
0.000000000000000000e+00
0.000000000000000000e+00
