4.923116435448478545e-01
1.543011207494719095e+00
4.720697499936234998e+00
2.474042685258933005e+00
8.855822242758883078e+00
4.708090967755700795e+00
4.727287947178565375e+00
5.879171705643514656e+00
7.876781352632323596e+00
1.138295323375237977e+01
1.229344561396630553e+01
9.169390555925760466e+00
1.190335064678274613e+01
1.074540463179055294e+01
2.324442937730081127e+01
1.469376221856253828e+01
2.987868333405238630e+01
3.712773932521172782e+01
1.955716215666149083e+01
2.506923115602780427e+01
2.686837105916653101e+01
3.741803433688108527e+01
4.531570887668576120e+01
5.926977091380055640e+01
4.340914216344003762e+01
4.467518973170062679e+01
8.069041496125858259e+01
3.922150279421689589e+01
6.139635038624842878e+01
9.299419520666803862e+01
7.945649630774695993e+01
6.458055053947177271e+01
7.835109294155655846e+01
1.611409389473855924e+02
7.123985498883411083e+01
7.220049727139547713e+01
1.241347565684631746e+02
1.279029218813754198e+02
8.470808659031602872e+01
1.562863177896153957e+02
2.037582381635664319e+02
1.866956843907671555e+02
1.500927003062254153e+04
1.503695718044968453e+04
1.467795295947967679e+04
2.415837181487458452e+02
1.284876280009262928e+02
2.076740455605644797e+02
1.526707685161801601e+04
5.006354954792670469e+03
0.000000000000000000e+00
7.644520577886466526e+03
7.731564848224784328e+03
0.000000000000000000e+00
0.000000000000000000e+00
0.000000000000000000e+00
1.773735146159720534e+04
1.750027117087884471e+04
5.873561208951154185e+03
0.000000000000000000e+00
0.000000000000000000e+00
6.094417700930858700e+03
0.000000000000000000e+00
0.000000000000000000e+00
0.000000000000000000e+00
0.000000000000000000e+00
0.000000000000000000e+00
0.000000000000000000e+00
0.000000000000000000e+00
0.000000000000000000e+00
0.000000000000000000e+00
0.000000000000000000e+00
0.000000000000000000e+00
0.000000000000000000e+00
0.000000000000000000e+00
0.000000000000000000e+00
0.000000000000000000e+00
0.000000000000000000e+00
0.000000000000000000e+00
0.000000000000000000e+00
0.000000000000000000e+00
0.000000000000000000e+00
0.000000000000000000e+00
0.000000000000000000e+00
0.000000000000000000e+00
0.000000000000000000e+00
0.000000000000000000e+00
0.000000000000000000e+00
0.000000000000000000e+00
0.000000000000000000e+00
0.000000000000000000e+00
0.000000000000000000e+00
0.000000000000000000e+00
0.000000000000000000e+00
0.000000000000000000e+00
0.000000000000000000e+00
0.000000000000000000e+00
0.000000000000000000e+00
0.000000000000000000e+00
0.000000000000000000e+00
