3.522776573610074125e-01
8.247335725037838738e-01
1.838935751987292866e+00
1.348357200595518668e+00
1.963122464582352400e+00
8.187560326630501706e+00
3.666914831499874072e+00
3.950990260664106302e+00
3.410675384681450151e+00
3.387250194409111792e+00
5.011876753521714356e+00
5.897888069501523667e+00
6.834661269466885791e+00
6.117379057252448682e+00
1.072002711116180329e+01
6.065731221180712396e+00
6.986048983696623971e+00
1.224609909271875630e+01
1.369572752763780521e+01
1.197287464488292663e+01
1.617529682753759346e+01
1.782219064054449120e+01
1.711938518696809197e+01
2.196441675652603820e+01
3.513986290846904126e+01
3.565554986877150867e+01
1.761488225860198398e+01
1.335133185193763339e+01
4.238597356832137564e+01
4.415350242870267294e+01
3.258137943702419648e+01
1.398757423462334692e+01
1.886380866774850773e+01
6.029929244742815797e+01
3.437402522447958830e+01
5.636645786542222680e+01
4.786140060473722002e+01
3.004300015483725872e+01
3.358120158744985417e+01
4.055423100877720799e+01
4.772889364229367004e+01
4.031569353720718851e+01
3.959761202572233429e+01
7.708810863255501999e+01
4.833656167729921549e+01
4.240072723906239816e+01
5.188883073508888799e+01
1.146233282405233922e+02
2.077683250734129103e+02
1.158246148051287747e+02
1.150449027591356952e+02
1.782808681681417147e+04
1.444889738478943036e+04
0.000000000000000000e+00
1.040468081440428796e+04
6.211159153271942159e+03
1.530012931311260218e+04
1.722100822768603030e+04
0.000000000000000000e+00
0.000000000000000000e+00
0.000000000000000000e+00
0.000000000000000000e+00
8.982175966012189747e+03
0.000000000000000000e+00
0.000000000000000000e+00
0.000000000000000000e+00
0.000000000000000000e+00
0.000000000000000000e+00
0.000000000000000000e+00
0.000000000000000000e+00
0.000000000000000000e+00
0.000000000000000000e+00
0.000000000000000000e+00
0.000000000000000000e+00
0.000000000000000000e+00
0.000000000000000000e+00
0.000000000000000000e+00
0.000000000000000000e+00
0.000000000000000000e+00
0.000000000000000000e+00
0.000000000000000000e+00
0.000000000000000000e+00
0.000000000000000000e+00
0.000000000000000000e+00
0.000000000000000000e+00
0.000000000000000000e+00
0.000000000000000000e+00
0.000000000000000000e+00
0.000000000000000000e+00
0.000000000000000000e+00
0.000000000000000000e+00
0.000000000000000000e+00
0.000000000000000000e+00
0.000000000000000000e+00
0.000000000000000000e+00
0.000000000000000000e+00
0.000000000000000000e+00
0.000000000000000000e+00
0.000000000000000000e+00
0.000000000000000000e+00
