2.027605671559106482e-01
5.247020554748117460e-01
1.111396394660707054e+00
7.590121292551951226e-01
1.168395219752022651e+00
1.185849902602576833e+00
1.374841698446542804e+00
1.449860972763301614e+00
1.704296077411966426e+00
1.885412631725871480e+00
3.077014048116470946e+00
4.789471790230519055e+00
2.846996541594270180e+00
3.006664833476095033e+00
7.106599877813783550e+00
3.359729496013121430e+00
3.614653181817960803e+00
4.415258057912356371e+00
4.583025289546592163e+00
5.402305769944316438e+00
6.747173031659331244e+00
1.035635679841195866e+01
7.685556185295738807e+00
6.828170704921512346e+00
1.447188527001573277e+01
6.617896365531800384e+00
1.027897032140359990e+01
6.788599152639188006e+00
1.110482784383831145e+01
1.525698480215126196e+01
1.191778667336386555e+01
1.543031758150003263e+01
7.803227723862067755e+00
1.368118617210307875e+01
3.492769477966997016e+01
2.031940723962814843e+01
3.408922152808385420e+01
1.055737739451843638e+01
1.024112637956439897e+01
1.228346914306956705e+01
1.472000061572901686e+01
1.494521209450396881e+01
1.198166995962198911e+01
1.266585661840032451e+01
2.064965269438320661e+01
2.377603403923769676e+01
2.534024463784437131e+01
3.169688926471568280e+01
3.106025535793089887e+01
2.823523354742490099e+01
2.646066591565231363e+01
5.710033436855109557e+01
4.913268258163135727e+01
1.743861543281891500e+02
1.760542767572808884e+02
1.968286249539580240e+04
2.162327950714223732e+02
2.034432414067055652e+04
9.325936343169707470e+03
0.000000000000000000e+00
0.000000000000000000e+00
1.443625163782345771e+04
1.386602769605563299e+04
8.836536301309939518e+03
1.010009060222003427e+04
0.000000000000000000e+00
0.000000000000000000e+00
0.000000000000000000e+00
0.000000000000000000e+00
0.000000000000000000e+00
0.000000000000000000e+00
0.000000000000000000e+00
0.000000000000000000e+00
0.000000000000000000e+00
0.000000000000000000e+00
0.000000000000000000e+00
0.000000000000000000e+00
0.000000000000000000e+00
0.000000000000000000e+00
0.000000000000000000e+00
0.000000000000000000e+00
0.000000000000000000e+00
0.000000000000000000e+00
0.000000000000000000e+00
0.000000000000000000e+00
0.000000000000000000e+00
0.000000000000000000e+00
0.000000000000000000e+00
0.000000000000000000e+00
0.000000000000000000e+00
0.000000000000000000e+00
0.000000000000000000e+00
0.000000000000000000e+00
0.000000000000000000e+00
0.000000000000000000e+00
0.000000000000000000e+00
0.000000000000000000e+00
0.000000000000000000e+00
0.000000000000000000e+00
0.000000000000000000e+00
