1.469363129707418614e-01
1.705717689037460350e-01
2.546332502471109760e-01
3.408187009541818191e-01
4.249008348875385477e-01
6.584701431623983803e-01
1.438601499105563564e+00
9.481449254505411872e-01
8.915287210029824161e-01
9.755579424909497366e-01
1.125434536567815780e+00
1.358661024326723643e+00
1.542302822381940164e+00
1.876094335303226224e+00
1.596944612342515502e+00
2.315428201974856215e+00
2.227752703275778678e+00
2.643255366450407706e+00
2.351254615692454308e+00
2.897604395001058819e+00
2.185638036547437490e+00
2.676325922676904501e+00
3.436396680076197807e+00
3.703483568619392319e+00
3.825909984484916038e+00
3.725419011546351467e+00
4.805820877536284286e+00
5.740663691625971232e+00
6.362612064735802875e+00
6.424590608993847596e+00
6.755059786563880841e+00
6.418909353876557589e+00
9.342440608823672221e+00
8.406709078066169738e+00
9.902659001413317341e+00
9.726388674656352151e+00
1.025053408107365271e+01
8.859044826515127369e+00
1.171899036061400068e+01
1.433047774563289245e+01
1.232524609141151473e+01
1.312760459305300920e+01
1.316350476823834370e+01
1.346830274984437281e+01
1.366318180205817789e+01
1.344592211939598236e+01
1.604870523294266960e+01
1.467046150955701656e+01
1.323221650761266588e+01
1.449553728129947494e+01
1.547421632712557837e+01
1.527893566959220095e+01
1.644811751128320765e+01
1.770593299089600592e+01
1.797638211585099199e+01
2.018179635774747993e+01
1.723123741485049365e+01
1.862947089074347318e+01
1.684018308602004055e+01
2.031094438815584624e+01
2.119789568411210468e+01
2.052335094945807725e+01
1.874951571443994425e+01
1.788205742185808944e+01
1.858952627700448446e+01
1.754003751778899911e+01
1.922549472044129359e+01
2.073752066853681342e+01
2.364507594821528258e+01
2.225669962487349451e+01
2.120112075118191441e+01
2.257030948700282735e+01
2.230916167416685525e+01
2.424969215633440456e+01
2.868656362018090178e+01
3.037513184403405830e+01
3.787916571897957141e+01
3.802982569826239256e+01
3.004166170904763433e+01
3.132760524958642279e+01
4.541977882441610603e+01
1.011223603801632578e+02
1.833157752278904127e+02
8.720507971434613864e+03
4.974242751873964153e+03
1.226479382500488100e+03
1.238781983351417693e+03
1.182150637107285775e+03
8.354785920561163266e+02
7.259998660824130639e+02
0.000000000000000000e+00
0.000000000000000000e+00
0.000000000000000000e+00
0.000000000000000000e+00
0.000000000000000000e+00
0.000000000000000000e+00
0.000000000000000000e+00
0.000000000000000000e+00
0.000000000000000000e+00
0.000000000000000000e+00
