3.799584758990460776e-01
7.926956437336274419e-01
1.218349990411948580e+00
1.408106106928367129e+00
2.022390806017137166e+00
2.156750056221741207e+00
2.703637506705486082e+00
2.878582357415558679e+00
3.272146484798236887e+00
3.633233352907796032e+00
3.962256379813114737e+00
4.462552337119454648e+00
4.595282740230366869e+00
4.844929385458525140e+00
5.845000499948215911e+00
5.832357420540816406e+00
6.230329095575186216e+00
6.748822178451262310e+00
6.647418983827130923e+00
7.832601905731925385e+00
9.906771347587785215e+00
1.121687468343108129e+01
9.518716443049546783e+00
8.877120314288152514e+00
1.225264639043505888e+01
1.108831905468447765e+01
1.079565361387665945e+01
1.005597683430357492e+01
1.046391507563473233e+01
1.711200162456553997e+01
1.277038490589895581e+01
1.043142109308853094e+01
1.152000737255070817e+01
1.351474229390932891e+01
1.444331234660658403e+01
1.542841844040269983e+01
1.497209055352126761e+01
1.375577982710284530e+01
1.353849016740913846e+01
2.358394748376457883e+01
1.592724260283309867e+01
1.687082056067335145e+01
1.751372074686830160e+01
2.081888469583204326e+01
1.871652466938123993e+01
1.810731029785075918e+01
2.194408295296646116e+01
2.293585667461608679e+01
2.398092003589404442e+01
2.103124645618605015e+01
2.592221039301588092e+01
2.434580260883225833e+01
3.146521829134940873e+01
2.383826073125843337e+01
2.396476124361845450e+01
2.784840221827419882e+01
3.540318469850274141e+01
3.612387499985241135e+01
7.689118219777333252e+01
2.065984624298815834e+04
1.813116867225671376e+04
1.187276892498864100e+02
3.963954880428062921e+01
7.753608973248735481e+01
2.545093966228953377e+02
2.318939991016210843e+04
1.748196497456767986e+02
2.296620713401533794e+04
0.000000000000000000e+00
0.000000000000000000e+00
0.000000000000000000e+00
0.000000000000000000e+00
0.000000000000000000e+00
0.000000000000000000e+00
0.000000000000000000e+00
0.000000000000000000e+00
0.000000000000000000e+00
0.000000000000000000e+00
0.000000000000000000e+00
0.000000000000000000e+00
0.000000000000000000e+00
0.000000000000000000e+00
0.000000000000000000e+00
0.000000000000000000e+00
0.000000000000000000e+00
0.000000000000000000e+00
0.000000000000000000e+00
0.000000000000000000e+00
0.000000000000000000e+00
0.000000000000000000e+00
0.000000000000000000e+00
0.000000000000000000e+00
0.000000000000000000e+00
0.000000000000000000e+00
0.000000000000000000e+00
0.000000000000000000e+00
0.000000000000000000e+00
0.000000000000000000e+00
0.000000000000000000e+00
0.000000000000000000e+00
