8.898373809909558840e-01
3.588915579555295832e+00
2.943939014019572475e+00
3.874477009440494335e+00
2.131709090177874089e+01
7.428750177009042055e+00
1.927918703345518381e+01
8.542972244684651884e+00
2.611787340503963151e+01
1.356689416539059501e+01
2.120574452733236015e+01
1.521175894566588660e+01
1.713310959774552344e+01
3.040355065519762334e+01
2.376183307114578724e+01
4.317122005536534601e+01
5.605074929190510602e+01
5.491233580690762039e+01
4.803545177809489530e+01
5.658598754604651759e+01
6.453800615037839350e+01
6.231118895615358610e+01
6.023852384848191122e+01
7.744095721741801697e+01
5.007434977023183365e+01
1.016799317487696044e+02
6.644765729260319631e+01
1.050972870556109200e+02
2.202497861419528817e+02
9.862664871727099580e+01
1.130443901434626787e+04
1.140392523660756524e+04
1.207243569951889731e+04
1.158031223416463763e+04
1.143872089307413080e+04
9.701941502955665783e+03
1.149898916242135965e+04
1.799033351236946885e+02
1.291828512408684219e+04
8.470549653589469017e+03
1.020240958804417096e+04
6.003200640940825906e+03
1.215379357138085106e+04
1.209524145094424603e+04
1.453705147139279143e+04
1.219776575958691137e+04
0.000000000000000000e+00
4.806679553540832785e+03
4.876571566282780623e+03
0.000000000000000000e+00
0.000000000000000000e+00
0.000000000000000000e+00
0.000000000000000000e+00
1.561735970312296740e+04
1.427434477180391877e+04
0.000000000000000000e+00
0.000000000000000000e+00
0.000000000000000000e+00
0.000000000000000000e+00
0.000000000000000000e+00
0.000000000000000000e+00
6.312343542593172970e+03
0.000000000000000000e+00
0.000000000000000000e+00
0.000000000000000000e+00
0.000000000000000000e+00
0.000000000000000000e+00
0.000000000000000000e+00
0.000000000000000000e+00
0.000000000000000000e+00
0.000000000000000000e+00
0.000000000000000000e+00
0.000000000000000000e+00
0.000000000000000000e+00
0.000000000000000000e+00
0.000000000000000000e+00
0.000000000000000000e+00
0.000000000000000000e+00
0.000000000000000000e+00
0.000000000000000000e+00
0.000000000000000000e+00
0.000000000000000000e+00
0.000000000000000000e+00
0.000000000000000000e+00
0.000000000000000000e+00
0.000000000000000000e+00
0.000000000000000000e+00
0.000000000000000000e+00
0.000000000000000000e+00
0.000000000000000000e+00
0.000000000000000000e+00
0.000000000000000000e+00
0.000000000000000000e+00
0.000000000000000000e+00
0.000000000000000000e+00
0.000000000000000000e+00
0.000000000000000000e+00
0.000000000000000000e+00
0.000000000000000000e+00
0.000000000000000000e+00
