3.718812891384211672e-01
1.484770447215000511e+00
1.421887727935676971e+00
1.682312463029892902e+00
1.664114917360701051e+00
2.297267498790070306e+00
2.072456541940281127e+01
4.054598440398049064e+00
4.159163618846759114e+00
4.894936141400710206e+00
6.438840901727783006e+00
4.143011968901338271e+00
4.725458721458746680e+00
1.260779098931809550e+01
8.110103027585676472e+00
8.074131455139152536e+00
9.926928170006325658e+00
8.999219781873945223e+00
8.009807188421230961e+00
1.141513350219098832e+01
2.360841170670339295e+01
1.583237166460835610e+01
1.333396072477276562e+01
1.441576755539306021e+01
1.512795888522021492e+01
1.359494696314513362e+01
1.973956012978362651e+01
3.717095041274276923e+01
2.337146686570453369e+01
1.604035120453617225e+01
2.915132310843067742e+01
4.220003080063709433e+01
4.439944376345017929e+01
4.394156585436785889e+01
4.118488382424315120e+01
7.571207157825567435e+01
4.348514578599306901e+01
3.149499220474414685e+01
7.540494343189131143e+01
6.167411443665113779e+01
4.697222920306678873e+01
3.292105014802785945e+01
2.605508176607415294e+01
3.323331783255375882e+01
4.517305047471577950e+01
9.475442944368124643e+01
7.967262686941843697e+01
8.363904824493340584e+01
8.915407379351309203e+01
2.212832096728803322e+02
1.432082304556856798e+04
1.646456493960036460e+04
1.593212131519085051e+04
1.643192399153950100e+04
1.907074840575343114e+04
0.000000000000000000e+00
0.000000000000000000e+00
0.000000000000000000e+00
0.000000000000000000e+00
0.000000000000000000e+00
0.000000000000000000e+00
0.000000000000000000e+00
0.000000000000000000e+00
0.000000000000000000e+00
0.000000000000000000e+00
0.000000000000000000e+00
0.000000000000000000e+00
0.000000000000000000e+00
0.000000000000000000e+00
0.000000000000000000e+00
0.000000000000000000e+00
0.000000000000000000e+00
0.000000000000000000e+00
0.000000000000000000e+00
0.000000000000000000e+00
0.000000000000000000e+00
0.000000000000000000e+00
0.000000000000000000e+00
0.000000000000000000e+00
0.000000000000000000e+00
0.000000000000000000e+00
0.000000000000000000e+00
0.000000000000000000e+00
0.000000000000000000e+00
0.000000000000000000e+00
0.000000000000000000e+00
0.000000000000000000e+00
0.000000000000000000e+00
0.000000000000000000e+00
0.000000000000000000e+00
0.000000000000000000e+00
0.000000000000000000e+00
0.000000000000000000e+00
0.000000000000000000e+00
0.000000000000000000e+00
0.000000000000000000e+00
0.000000000000000000e+00
0.000000000000000000e+00
0.000000000000000000e+00
0.000000000000000000e+00
