3.234703145215234721e-01
9.913660722422460436e-01
1.566254224557843022e+00
1.705756964161220912e+00
1.676739110667950339e+00
2.026018414261456346e+00
4.391594763260494361e+00
2.706467953087380529e+00
5.695696877142764514e+00
7.994410729365345247e+00
2.500151956381681373e+01
6.739381024219339267e+00
5.634011361528774131e+00
8.860775322740282789e+00
6.116587348013168501e+00
6.509650918523035124e+00
7.584064876271843225e+00
7.849930034304651194e+00
1.061143531216295877e+01
1.073795778107052001e+01
9.508060296456621430e+00
1.508226308828334794e+01
1.700720306362487477e+01
1.043388283621633938e+01
1.199100121995335222e+01
1.097347941311272557e+01
1.200681729498214168e+01
1.706052203199780948e+01
1.576869519287246568e+01
1.794105736507875193e+01
2.712364112088781809e+01
2.353412832417280143e+01
3.694589317080514235e+01
2.710574343548295673e+01
2.032375370379223867e+01
2.066252156683790631e+01
1.621621737581674338e+01
2.433013621524001735e+01
2.388802276891774312e+01
2.171255594281419121e+01
2.522715770458685114e+01
1.887152789533076458e+01
2.449515693302087982e+01
3.170113268486158375e+01
3.291543382460607603e+01
2.906710206735070656e+01
2.689744203243865783e+01
4.209976380086173009e+01
4.973214990064236929e+01
6.681596960498160342e+01
7.336001965045080908e+01
4.903886447064036247e+01
8.975672419734864604e+01
2.933363329918323643e+02
1.907255879823209034e+04
6.065368552985625684e+03
0.000000000000000000e+00
1.490012692001565483e+04
1.805925106217333814e+04
1.751262919246964157e+04
9.628392168942964418e+03
0.000000000000000000e+00
0.000000000000000000e+00
0.000000000000000000e+00
0.000000000000000000e+00
0.000000000000000000e+00
0.000000000000000000e+00
0.000000000000000000e+00
0.000000000000000000e+00
0.000000000000000000e+00
0.000000000000000000e+00
0.000000000000000000e+00
0.000000000000000000e+00
0.000000000000000000e+00
0.000000000000000000e+00
0.000000000000000000e+00
0.000000000000000000e+00
0.000000000000000000e+00
0.000000000000000000e+00
0.000000000000000000e+00
0.000000000000000000e+00
0.000000000000000000e+00
0.000000000000000000e+00
0.000000000000000000e+00
0.000000000000000000e+00
0.000000000000000000e+00
0.000000000000000000e+00
0.000000000000000000e+00
0.000000000000000000e+00
0.000000000000000000e+00
0.000000000000000000e+00
0.000000000000000000e+00
0.000000000000000000e+00
0.000000000000000000e+00
0.000000000000000000e+00
0.000000000000000000e+00
0.000000000000000000e+00
0.000000000000000000e+00
0.000000000000000000e+00
0.000000000000000000e+00
