2.206305506368477221e-01
2.715012294361324408e+00
1.518465634241812134e+00
1.183806867711500788e+00
1.067603493550904670e+00
1.086539580691586737e+00
1.484231646319738251e+00
1.694712727011959075e+00
2.309787613953121266e+00
2.375206728293703495e+00
2.893683662705383686e+00
2.410454546578929325e+00
2.835876593107855115e+00
3.783205231201220098e+00
3.503768593269082299e+00
5.317633345029879166e+00
5.370731991888463952e+00
6.879930515074155650e+00
7.579882813590202773e+00
5.308809762975709390e+00
5.148778775998911428e+00
5.631552514909937912e+00
5.179997054373799870e+00
4.614246740051416218e+00
5.334804301362538581e+00
9.306055020076836826e+00
6.987183320200596626e+00
1.082153897340150372e+01
8.062575213930523788e+00
7.177100702405627253e+00
7.114384116780776424e+00
7.851406983095861492e+00
7.300241329847756866e+00
8.220777498657700022e+00
1.103800354157892372e+01
9.889938955097985485e+00
9.072752409437372378e+00
9.568622437936211256e+00
9.496384289566014658e+00
1.218383383937337605e+01
1.115839560838600342e+01
1.757048560456575714e+01
2.154340657950870508e+01
1.810153985462722304e+01
2.400646567332454140e+01
1.628035214058673574e+01
1.163413622055936791e+01
1.401004960839206781e+01
1.800390667078001883e+01
1.762596705118046359e+01
2.331042901364365250e+01
2.251264471369066200e+01
2.708873129265561630e+01
5.787326798860513577e+01
4.981373811488691672e+01
2.083517909484412303e+04
1.954502425470689923e+04
3.038659429920155617e+02
3.688798723828980997e+01
2.378502482919040872e+01
4.270473171263535761e+01
7.237830741187181616e+01
2.650451082462523189e+01
4.545142677247150687e+01
0.000000000000000000e+00
0.000000000000000000e+00
0.000000000000000000e+00
0.000000000000000000e+00
0.000000000000000000e+00
0.000000000000000000e+00
0.000000000000000000e+00
0.000000000000000000e+00
0.000000000000000000e+00
0.000000000000000000e+00
0.000000000000000000e+00
0.000000000000000000e+00
0.000000000000000000e+00
0.000000000000000000e+00
0.000000000000000000e+00
0.000000000000000000e+00
0.000000000000000000e+00
0.000000000000000000e+00
0.000000000000000000e+00
0.000000000000000000e+00
0.000000000000000000e+00
0.000000000000000000e+00
0.000000000000000000e+00
0.000000000000000000e+00
0.000000000000000000e+00
0.000000000000000000e+00
0.000000000000000000e+00
0.000000000000000000e+00
0.000000000000000000e+00
0.000000000000000000e+00
0.000000000000000000e+00
0.000000000000000000e+00
0.000000000000000000e+00
0.000000000000000000e+00
0.000000000000000000e+00
0.000000000000000000e+00
