1.189307257910601878e+00
1.197456321752301989e+00
2.107532882312453726e+00
9.308107872027749252e+00
1.038879455429517229e+01
6.874888444738125770e+00
8.776861707709844751e+00
1.978388413738040441e+01
1.161521945280050438e+01
1.240661124004543936e+01
1.323746171099578994e+01
2.033954071618895298e+01
2.365071218939735331e+01
1.403091361594040265e+01
4.768579008174521761e+01
4.961779551246936393e+01
5.332505689128579718e+01
2.770229232979187728e+01
4.904935095796013655e+01
5.325586594827949227e+01
4.203097566521655892e+01
4.918048524835938906e+01
8.823125636744660483e+01
1.043846092991941106e+02
8.230589489757474553e+01
1.028062008588313319e+02
1.703308211856000582e+02
1.615957922959048858e+02
1.079307252565535435e+02
1.110060499749570937e+02
1.196193736902872479e+04
2.360875592834379972e+02
1.253464506835584871e+04
1.064382561141801125e+04
1.182449852489703699e+04
9.091558926021871230e+03
1.251073397100093462e+04
1.423229339539573812e+04
1.414504310115308726e+04
1.539322262106993549e+04
1.492121354695672744e+04
1.498329451667798276e+04
1.212941718295678038e+04
1.020154953933700926e+04
1.195043561510518521e+04
7.762914407782429407e+03
0.000000000000000000e+00
0.000000000000000000e+00
0.000000000000000000e+00
5.523776327903396123e+03
1.630245391866863974e+04
1.729670297438563284e+04
0.000000000000000000e+00
0.000000000000000000e+00
0.000000000000000000e+00
0.000000000000000000e+00
0.000000000000000000e+00
0.000000000000000000e+00
0.000000000000000000e+00
0.000000000000000000e+00
0.000000000000000000e+00
0.000000000000000000e+00
0.000000000000000000e+00
0.000000000000000000e+00
0.000000000000000000e+00
0.000000000000000000e+00
0.000000000000000000e+00
0.000000000000000000e+00
0.000000000000000000e+00
0.000000000000000000e+00
0.000000000000000000e+00
0.000000000000000000e+00
0.000000000000000000e+00
0.000000000000000000e+00
0.000000000000000000e+00
0.000000000000000000e+00
0.000000000000000000e+00
0.000000000000000000e+00
0.000000000000000000e+00
0.000000000000000000e+00
0.000000000000000000e+00
0.000000000000000000e+00
0.000000000000000000e+00
0.000000000000000000e+00
0.000000000000000000e+00
0.000000000000000000e+00
0.000000000000000000e+00
0.000000000000000000e+00
0.000000000000000000e+00
0.000000000000000000e+00
0.000000000000000000e+00
0.000000000000000000e+00
0.000000000000000000e+00
0.000000000000000000e+00
0.000000000000000000e+00
0.000000000000000000e+00
0.000000000000000000e+00
0.000000000000000000e+00
0.000000000000000000e+00
0.000000000000000000e+00
