7.106739906099903692e-01
1.488221090770377453e+00
2.042128552182142620e+00
2.839905716230615607e+00
3.331346813318623923e+00
4.575286231529165804e+00
9.188908307726375568e+00
5.761113547128447365e+00
6.504401023697612416e+00
5.651928205726310495e+00
9.334639307218793647e+00
1.154959416360449964e+01
1.232653691125826256e+01
1.447035646310052392e+01
1.639892326641101050e+01
1.299664205353882629e+01
1.346423862865792387e+01
1.292025069939059811e+01
2.040480105023101842e+01
2.247086349496156288e+01
2.241572399887651912e+01
2.939917809511967306e+01
2.450812659268049742e+01
2.016454206261722248e+01
1.965205168551494452e+01
3.765909634280183127e+01
4.323835626142955135e+01
2.651628841745276333e+01
2.677112545054150772e+01
3.971573617660734357e+01
4.456543214521907714e+01
5.053297581113749715e+01
3.947801629994091144e+01
5.070945403690864595e+01
4.099136830503761786e+01
3.811942728386809875e+01
4.256773966008159960e+01
4.461662378508560778e+01
4.351163343876049083e+01
7.234375152555219302e+01
6.357440741645334725e+01
7.036666694629823837e+01
6.082511667201133321e+01
6.422039906945694554e+01
8.448339910490210514e+01
1.025018530064254350e+02
1.938949195587651673e+02
1.540299702344495563e+04
1.315401524209898525e+04
0.000000000000000000e+00
1.730960315763596373e+04
1.390169051915611453e+04
0.000000000000000000e+00
0.000000000000000000e+00
0.000000000000000000e+00
0.000000000000000000e+00
0.000000000000000000e+00
0.000000000000000000e+00
0.000000000000000000e+00
0.000000000000000000e+00
0.000000000000000000e+00
0.000000000000000000e+00
0.000000000000000000e+00
0.000000000000000000e+00
0.000000000000000000e+00
0.000000000000000000e+00
0.000000000000000000e+00
0.000000000000000000e+00
0.000000000000000000e+00
0.000000000000000000e+00
0.000000000000000000e+00
0.000000000000000000e+00
0.000000000000000000e+00
0.000000000000000000e+00
0.000000000000000000e+00
0.000000000000000000e+00
0.000000000000000000e+00
0.000000000000000000e+00
0.000000000000000000e+00
0.000000000000000000e+00
0.000000000000000000e+00
0.000000000000000000e+00
0.000000000000000000e+00
0.000000000000000000e+00
0.000000000000000000e+00
0.000000000000000000e+00
0.000000000000000000e+00
0.000000000000000000e+00
0.000000000000000000e+00
0.000000000000000000e+00
0.000000000000000000e+00
0.000000000000000000e+00
0.000000000000000000e+00
0.000000000000000000e+00
0.000000000000000000e+00
0.000000000000000000e+00
0.000000000000000000e+00
0.000000000000000000e+00
0.000000000000000000e+00
0.000000000000000000e+00
