3.915133266315990457e-01
6.214000619829161964e-01
9.148502563346186944e-01
1.229699790512872815e+00
1.946718404620550347e+00
1.994114023397376867e+00
2.212061689874338377e+00
2.544271605664006231e+00
2.947333025894289804e+00
3.278251513567073783e+00
4.226432757552410102e+00
4.859571672343601989e+00
4.952981003438429397e+00
4.827110010672115870e+00
5.970717589095919209e+00
6.063908759234064583e+00
6.775660578199957484e+00
6.524964250788931608e+00
7.360324788987970379e+00
8.126285709083418851e+00
7.735581821788644064e+00
7.201618930512361239e+00
8.443457497598265249e+00
8.643288157531594962e+00
9.623109780119968093e+00
1.234036677372275292e+01
9.549532237813398439e+00
9.955558363256267640e+00
1.388047472768867507e+01
1.300873595724538134e+01
1.233278818507604413e+01
1.695366941243543479e+01
1.942110186844433883e+01
1.347268465195960019e+01
1.300168423796421280e+01
1.619209120681701464e+01
1.731830939334405883e+01
1.761729424297034541e+01
1.288478888976771763e+01
1.548190865752496315e+01
1.761319950484618602e+01
1.831656084748426139e+01
1.774977219795734484e+01
2.023071686232892930e+01
1.810399870179373494e+01
2.466879587901797777e+01
2.789035973959340708e+01
3.081796048424343581e+01
2.472625723268550857e+01
3.218144021742209304e+01
2.398981207050983500e+01
1.553593212108566149e+04
0.000000000000000000e+00
6.686519194151594093e+03
1.966911658209505913e+04
2.170826388415125984e+04
1.910915581130050850e+04
0.000000000000000000e+00
6.516097982247807522e+03
0.000000000000000000e+00
0.000000000000000000e+00
0.000000000000000000e+00
0.000000000000000000e+00
0.000000000000000000e+00
0.000000000000000000e+00
0.000000000000000000e+00
0.000000000000000000e+00
0.000000000000000000e+00
0.000000000000000000e+00
0.000000000000000000e+00
0.000000000000000000e+00
0.000000000000000000e+00
0.000000000000000000e+00
0.000000000000000000e+00
0.000000000000000000e+00
0.000000000000000000e+00
0.000000000000000000e+00
0.000000000000000000e+00
0.000000000000000000e+00
0.000000000000000000e+00
0.000000000000000000e+00
0.000000000000000000e+00
0.000000000000000000e+00
0.000000000000000000e+00
0.000000000000000000e+00
0.000000000000000000e+00
0.000000000000000000e+00
0.000000000000000000e+00
0.000000000000000000e+00
0.000000000000000000e+00
0.000000000000000000e+00
0.000000000000000000e+00
0.000000000000000000e+00
0.000000000000000000e+00
0.000000000000000000e+00
0.000000000000000000e+00
0.000000000000000000e+00
0.000000000000000000e+00
0.000000000000000000e+00
0.000000000000000000e+00
