4.109616037771502972e-01
6.655415820491270562e-01
9.237778437971254641e-01
1.477840705882425221e+00
2.222150565375906606e+00
1.957396962769718307e+00
2.283335219300348662e+00
2.728094309119393657e+00
3.218280275458324624e+00
3.534643696017108816e+00
4.486252530760666879e+00
5.032281712683133179e+00
4.642317320675339865e+00
5.733471737086071052e+00
5.667066663514829905e+00
7.377490982000467490e+00
6.655412040491367698e+00
1.108889098920707106e+01
7.478032740384227495e+00
9.433648161508990881e+00
9.195699639215106913e+00
1.161807720336260452e+01
9.066679564109081824e+00
1.170897794656682755e+01
9.004229289346429965e+00
1.021140779230791651e+01
9.681583808617762799e+00
1.088728223539589024e+01
1.123343129320236677e+01
1.140295808917371900e+01
1.256242662393107956e+01
1.555845263900261877e+01
1.273660197616557177e+01
1.255973910034056651e+01
1.299562039780232503e+01
1.297477098366025672e+01
1.322518696351707135e+01
1.609467777782956333e+01
1.482914916073109346e+01
1.722952624511187736e+01
1.578597344635207556e+01
2.253130469126607238e+01
1.787850404942924598e+01
1.937416893569657006e+01
2.233052611200815818e+01
2.413497188056679121e+01
2.045805632550517927e+01
1.955767606364080180e+01
3.426797012786050800e+01
1.992736348277898273e+01
4.181604344204292545e+01
7.108102591375012480e+01
6.818739860760852878e+01
1.688084491690298137e+02
8.064009570970645768e+01
6.684223605840880111e+01
7.275165888333206965e+01
1.645732479344891601e+02
1.986183425615786007e+02
2.235632023778041912e+04
0.000000000000000000e+00
0.000000000000000000e+00
0.000000000000000000e+00
0.000000000000000000e+00
0.000000000000000000e+00
0.000000000000000000e+00
0.000000000000000000e+00
0.000000000000000000e+00
0.000000000000000000e+00
0.000000000000000000e+00
0.000000000000000000e+00
0.000000000000000000e+00
0.000000000000000000e+00
0.000000000000000000e+00
0.000000000000000000e+00
0.000000000000000000e+00
0.000000000000000000e+00
0.000000000000000000e+00
0.000000000000000000e+00
0.000000000000000000e+00
0.000000000000000000e+00
0.000000000000000000e+00
0.000000000000000000e+00
0.000000000000000000e+00
0.000000000000000000e+00
0.000000000000000000e+00
0.000000000000000000e+00
0.000000000000000000e+00
0.000000000000000000e+00
0.000000000000000000e+00
0.000000000000000000e+00
0.000000000000000000e+00
0.000000000000000000e+00
0.000000000000000000e+00
0.000000000000000000e+00
0.000000000000000000e+00
0.000000000000000000e+00
0.000000000000000000e+00
0.000000000000000000e+00
0.000000000000000000e+00
