8.175291775535100669e-01
2.472050047906761527e+00
2.718651296426406017e+00
4.079068248466465541e+00
2.325601489534729183e+01
1.350345062283863484e+01
8.730158264519742417e+00
9.433402308400690828e+00
1.736324995870059240e+01
1.944526499044001611e+01
1.680173193993363157e+01
2.125760344609118491e+01
2.446917528017272758e+01
2.749418500079481120e+01
3.703833767275654765e+01
3.017128867343383547e+01
4.489796412012415772e+01
4.407000990105832727e+01
6.023297908942513601e+01
5.308342661777205507e+01
5.907157588291874362e+01
6.448246729725738646e+01
9.960232926629889505e+01
8.451339237949382266e+01
9.859417482441735103e+01
1.582546625647305518e+02
9.072718576396502499e+01
6.319122456850455904e+01
7.792776544046621723e+01
1.014474840196543823e+02
2.036644745301659043e+02
1.331478753052958564e+04
1.339076234132509671e+04
1.327870754506801859e+04
2.142305405078070351e+02
1.447759811173030175e+04
1.428899744906569504e+04
1.435153335442428397e+04
1.523652170234342339e+04
1.661725547194494720e+04
1.680984915526666009e+04
8.921813424164232856e+03
8.521731922973694964e+03
1.242164857219559781e+04
6.187662579881578495e+03
0.000000000000000000e+00
0.000000000000000000e+00
1.243260795987121855e+04
1.366377138702504999e+04
0.000000000000000000e+00
0.000000000000000000e+00
0.000000000000000000e+00
0.000000000000000000e+00
0.000000000000000000e+00
0.000000000000000000e+00
0.000000000000000000e+00
0.000000000000000000e+00
0.000000000000000000e+00
0.000000000000000000e+00
0.000000000000000000e+00
0.000000000000000000e+00
0.000000000000000000e+00
0.000000000000000000e+00
0.000000000000000000e+00
0.000000000000000000e+00
0.000000000000000000e+00
0.000000000000000000e+00
0.000000000000000000e+00
0.000000000000000000e+00
0.000000000000000000e+00
0.000000000000000000e+00
0.000000000000000000e+00
0.000000000000000000e+00
0.000000000000000000e+00
0.000000000000000000e+00
0.000000000000000000e+00
0.000000000000000000e+00
0.000000000000000000e+00
0.000000000000000000e+00
0.000000000000000000e+00
0.000000000000000000e+00
0.000000000000000000e+00
0.000000000000000000e+00
0.000000000000000000e+00
0.000000000000000000e+00
0.000000000000000000e+00
0.000000000000000000e+00
0.000000000000000000e+00
0.000000000000000000e+00
0.000000000000000000e+00
0.000000000000000000e+00
0.000000000000000000e+00
0.000000000000000000e+00
0.000000000000000000e+00
0.000000000000000000e+00
0.000000000000000000e+00
0.000000000000000000e+00
0.000000000000000000e+00
0.000000000000000000e+00
0.000000000000000000e+00
