1.588087162738807956e-01
2.322045514931913301e-01
3.414859840724106532e-01
4.503957113911352672e-01
5.669884530334513562e-01
7.614949151135954608e-01
8.015500258808653244e-01
9.146938041313963375e-01
1.024155807706587318e+00
1.192605225951858028e+00
1.290652562938691350e+00
1.435017810849480435e+00
1.537748215511001160e+00
2.157089754983102736e+00
1.957902414961602000e+00
2.264069733443193844e+00
2.078928532656060479e+00
2.253475740337461453e+00
2.223986790384217205e+00
2.560583136804970739e+00
2.497608188612443048e+00
2.864082908543353678e+00
3.295244016663612108e+00
3.417223913299633153e+00
3.359566514246979274e+00
3.459621796002848804e+00
3.319189723107641488e+00
3.244760054337572974e+00
3.547084755098173670e+00
3.827475048402604774e+00
4.409746994116445329e+00
4.698672701784975203e+00
5.031471511941287389e+00
6.986827729799522047e+00
5.513700233442547116e+00
5.648407729192749471e+00
5.337369018321589387e+00
5.445750884418832705e+00
5.333209215789665336e+00
5.820141324499775948e+00
7.076428181886372570e+00
6.778594453441987078e+00
7.613325157849730296e+00
8.916547234503195085e+00
8.136176465572487970e+00
7.683009750148619865e+00
8.134629318187462488e+00
7.901489328260502099e+00
7.544410505176921689e+00
6.794493243042518671e+00
7.611311113456898703e+00
8.180163694579498213e+00
1.006988772153834510e+01
9.327034355352591177e+00
1.027627916345447900e+01
1.079144775744741480e+01
1.115573847367309668e+01
1.074833515472981738e+01
8.793038953047615180e+00
9.745201130815495105e+00
1.130515545257300758e+01
9.839639230427549066e+00
1.128669088079763050e+01
1.202813560040357288e+01
1.205270463793359959e+01
1.086044825386512436e+01
9.148857202963265323e+00
1.094632453807213501e+01
1.290258665570462604e+01
1.293022211879774730e+01
1.334021560149421859e+01
1.469829156605258369e+01
1.547438305589706964e+01
1.592801391693488711e+01
1.526387012360414630e+01
1.667263676040421672e+01
1.352463362264678182e+01
1.500258806068194417e+01
1.679606210091322893e+01
1.488241085047939194e+01
1.612035396438285773e+01
1.854355239539951938e+01
2.889252723643908638e+01
5.654883159714127316e+01
7.034678042908248585e+01
8.017830009095308924e+03
9.974502825574536473e+02
1.009393913113998906e+03
0.000000000000000000e+00
0.000000000000000000e+00
0.000000000000000000e+00
0.000000000000000000e+00
0.000000000000000000e+00
0.000000000000000000e+00
0.000000000000000000e+00
0.000000000000000000e+00
0.000000000000000000e+00
0.000000000000000000e+00
0.000000000000000000e+00
0.000000000000000000e+00
