7.599031747620554889e-01
2.665563966303390320e+00
2.178270426841011354e+00
3.418562369667531353e+00
1.174532213530160796e+01
3.557380836823674031e+01
6.075452638708854103e+00
1.639788489640165281e+01
9.588221707319373621e+00
1.042455556381390203e+01
1.471691549489712614e+01
1.521870282197194690e+01
1.360303764742624288e+01
1.696355665335867258e+01
2.352862088244628325e+01
1.475882649803615720e+01
2.104227845058901636e+01
2.138934763988839549e+01
3.175484658563007656e+01
2.208638099355962581e+01
3.170291896172736301e+01
4.576935772401350278e+01
5.173546459127977215e+01
5.127401481165531294e+01
3.074506512300170513e+01
3.759494227202505101e+01
3.337636683825157036e+01
4.301339056046113285e+01
4.010831811418980664e+01
5.551354787055010576e+01
5.794409688823038351e+01
7.215245743181320393e+01
8.496451417901818104e+01
9.213192415204574104e+01
8.941008906873634032e+01
7.783448233191130328e+01
7.479169339318734444e+01
9.717428539782308405e+01
1.036416374445146147e+02
1.348444461213422016e+02
2.408265901443642178e+02
1.731739388268317634e+04
1.694899881677703161e+04
1.820885302138963016e+04
1.828052150601129324e+04
8.944733068718674986e+03
0.000000000000000000e+00
1.586981603141815867e+04
1.438400363173066944e+04
0.000000000000000000e+00
0.000000000000000000e+00
0.000000000000000000e+00
0.000000000000000000e+00
0.000000000000000000e+00
0.000000000000000000e+00
0.000000000000000000e+00
0.000000000000000000e+00
0.000000000000000000e+00
0.000000000000000000e+00
0.000000000000000000e+00
0.000000000000000000e+00
0.000000000000000000e+00
0.000000000000000000e+00
0.000000000000000000e+00
0.000000000000000000e+00
0.000000000000000000e+00
0.000000000000000000e+00
0.000000000000000000e+00
0.000000000000000000e+00
0.000000000000000000e+00
0.000000000000000000e+00
0.000000000000000000e+00
0.000000000000000000e+00
0.000000000000000000e+00
0.000000000000000000e+00
0.000000000000000000e+00
0.000000000000000000e+00
0.000000000000000000e+00
0.000000000000000000e+00
0.000000000000000000e+00
0.000000000000000000e+00
0.000000000000000000e+00
0.000000000000000000e+00
0.000000000000000000e+00
0.000000000000000000e+00
0.000000000000000000e+00
0.000000000000000000e+00
0.000000000000000000e+00
0.000000000000000000e+00
0.000000000000000000e+00
0.000000000000000000e+00
0.000000000000000000e+00
0.000000000000000000e+00
0.000000000000000000e+00
0.000000000000000000e+00
0.000000000000000000e+00
0.000000000000000000e+00
0.000000000000000000e+00
0.000000000000000000e+00
0.000000000000000000e+00
