2.667123691277960562e-01
1.143703075463528451e+00
6.866997656197162403e-01
1.476391100466192707e+00
2.038706328569577231e+00
5.927405117661354694e+00
2.142095895337055467e+00
4.356503105495477257e+00
2.630452367795822255e+00
5.542053712874163374e+00
4.791390416813051445e+00
7.735097328193907273e+00
4.881261889828676814e+00
5.405729800702999910e+00
5.333109363844988238e+00
6.132885445717635164e+00
5.646327805645568354e+00
7.639705321624854051e+00
8.528373210759966128e+00
1.094387519936077702e+01
8.262440299289888657e+00
7.822393666451421979e+00
8.457445853161024374e+00
1.061196250409139985e+01
1.143772616913745388e+01
8.981391620761204564e+00
1.358786485991296189e+01
1.682268343346778039e+01
9.626143434590101577e+00
1.062904961468453102e+01
2.266820043865239853e+01
1.390858905046987104e+01
1.644751175111674968e+01
1.415448634545851014e+01
2.484984700774290189e+01
3.440848891642524876e+01
1.918654761210789772e+01
2.456717426979555086e+01
3.756836897760780403e+01
1.935510436142470070e+01
2.482431678884683635e+01
3.414612068163662428e+01
3.155417743864217073e+01
2.132586868088757370e+01
2.298719734362138212e+01
5.416619945985191720e+01
9.894703669602493790e+01
1.078923698512455616e+02
2.228047175136870237e+02
8.638963039849029883e+03
0.000000000000000000e+00
1.722407708104800258e+04
2.106711687401978998e+04
1.249964097016796586e+04
7.591924325685323311e+03
7.563917413043311171e+03
7.527062195909488764e+03
0.000000000000000000e+00
0.000000000000000000e+00
0.000000000000000000e+00
0.000000000000000000e+00
0.000000000000000000e+00
0.000000000000000000e+00
0.000000000000000000e+00
0.000000000000000000e+00
0.000000000000000000e+00
0.000000000000000000e+00
0.000000000000000000e+00
0.000000000000000000e+00
0.000000000000000000e+00
0.000000000000000000e+00
0.000000000000000000e+00
0.000000000000000000e+00
0.000000000000000000e+00
0.000000000000000000e+00
0.000000000000000000e+00
0.000000000000000000e+00
0.000000000000000000e+00
0.000000000000000000e+00
0.000000000000000000e+00
0.000000000000000000e+00
0.000000000000000000e+00
0.000000000000000000e+00
0.000000000000000000e+00
0.000000000000000000e+00
0.000000000000000000e+00
0.000000000000000000e+00
0.000000000000000000e+00
0.000000000000000000e+00
0.000000000000000000e+00
0.000000000000000000e+00
0.000000000000000000e+00
0.000000000000000000e+00
0.000000000000000000e+00
0.000000000000000000e+00
0.000000000000000000e+00
0.000000000000000000e+00
0.000000000000000000e+00
0.000000000000000000e+00
0.000000000000000000e+00
