3.368654430838417535e-01
1.157370218147508290e+00
8.337920332416376423e-01
1.626251194939815736e+00
2.215357988464697225e+00
3.082614740628569550e+00
2.201552984062362661e+00
2.826035667473171031e+00
2.873959785881648354e+00
4.797732768644897838e+00
3.740218089568971394e+00
5.330429173058688797e+00
4.715451872935801703e+00
5.591361596674100376e+00
5.604710304808034671e+00
5.489858578534975386e+00
8.095865556231970572e+00
7.485785773642176011e+00
7.750211464480424084e+00
7.180544388553331103e+00
9.093150471359077613e+00
8.260189379629629514e+00
1.132367274431276805e+01
9.072184908578432072e+00
9.129061270429016162e+00
9.122459748022397008e+00
1.133076537589893995e+01
1.123033791178942664e+01
1.357315752958636423e+01
1.376264571838385820e+01
1.299206264790034204e+01
1.314962860908822506e+01
1.344370973225158572e+01
1.701322757116410855e+01
1.812193113034904357e+01
1.472865157806802472e+01
1.444136088644777516e+01
1.908106158605565028e+01
1.902379056765585830e+01
2.402735922966262194e+01
2.473797332183671926e+01
2.544003881622573360e+01
2.393397185572180774e+01
2.207050496967026021e+01
1.966076434993786037e+01
2.424372433044429087e+01
2.605025562091256575e+01
3.148684226684647669e+01
5.107368059470350374e+01
1.508279387110202094e+02
2.075923069179647428e+04
4.583015806189924746e+01
3.864850330415409019e+01
5.997513394006151088e+01
8.366644521449319427e+01
9.784576406826904815e+01
2.335195923964765461e+04
0.000000000000000000e+00
0.000000000000000000e+00
0.000000000000000000e+00
0.000000000000000000e+00
0.000000000000000000e+00
0.000000000000000000e+00
0.000000000000000000e+00
0.000000000000000000e+00
0.000000000000000000e+00
0.000000000000000000e+00
0.000000000000000000e+00
0.000000000000000000e+00
0.000000000000000000e+00
0.000000000000000000e+00
0.000000000000000000e+00
0.000000000000000000e+00
0.000000000000000000e+00
0.000000000000000000e+00
0.000000000000000000e+00
0.000000000000000000e+00
0.000000000000000000e+00
0.000000000000000000e+00
0.000000000000000000e+00
0.000000000000000000e+00
0.000000000000000000e+00
0.000000000000000000e+00
0.000000000000000000e+00
0.000000000000000000e+00
0.000000000000000000e+00
0.000000000000000000e+00
0.000000000000000000e+00
0.000000000000000000e+00
0.000000000000000000e+00
0.000000000000000000e+00
0.000000000000000000e+00
0.000000000000000000e+00
0.000000000000000000e+00
0.000000000000000000e+00
0.000000000000000000e+00
0.000000000000000000e+00
0.000000000000000000e+00
0.000000000000000000e+00
0.000000000000000000e+00
