1.014944462047559837e+00
1.846425775997259766e+00
4.144089439372613981e+00
3.397078534135517192e+00
4.714641721323999057e+00
8.054186795688154987e+00
1.253538081524149916e+01
8.019329489469539496e+00
1.300136872945034128e+01
1.103057433384516095e+01
1.614680451792186133e+01
1.399910689422934951e+01
1.609345092940663235e+01
3.333436635673201209e+01
2.183445690135094353e+01
2.435802999584940665e+01
3.228516388975801021e+01
5.363136831662639281e+01
6.544369899273745261e+01
5.846578285251811025e+01
5.237779266752687590e+01
1.205623889553621950e+02
1.132808314823721645e+02
8.550044772059304421e+01
4.304797445428717140e+01
9.905222594147936377e+01
9.871088821233583133e+01
1.999124377835522353e+02
1.775934707840815179e+02
2.401505130089996669e+02
1.574187682292576653e+02
1.302103502592791665e+04
1.456910422092588669e+04
1.484645488243362706e+04
1.408050455084532587e+04
1.518138570294684177e+04
1.425808033208302004e+04
1.033946300304599390e+04
1.362352057162781421e+04
1.197767692998795064e+04
1.201442773018818298e+04
0.000000000000000000e+00
0.000000000000000000e+00
0.000000000000000000e+00
7.216852564038113997e+03
1.086972132005690946e+04
0.000000000000000000e+00
0.000000000000000000e+00
0.000000000000000000e+00
7.037937408978895292e+03
0.000000000000000000e+00
0.000000000000000000e+00
0.000000000000000000e+00
0.000000000000000000e+00
0.000000000000000000e+00
0.000000000000000000e+00
0.000000000000000000e+00
0.000000000000000000e+00
0.000000000000000000e+00
0.000000000000000000e+00
0.000000000000000000e+00
0.000000000000000000e+00
0.000000000000000000e+00
0.000000000000000000e+00
0.000000000000000000e+00
0.000000000000000000e+00
0.000000000000000000e+00
0.000000000000000000e+00
0.000000000000000000e+00
0.000000000000000000e+00
0.000000000000000000e+00
0.000000000000000000e+00
0.000000000000000000e+00
0.000000000000000000e+00
0.000000000000000000e+00
0.000000000000000000e+00
0.000000000000000000e+00
0.000000000000000000e+00
0.000000000000000000e+00
0.000000000000000000e+00
0.000000000000000000e+00
0.000000000000000000e+00
0.000000000000000000e+00
0.000000000000000000e+00
0.000000000000000000e+00
0.000000000000000000e+00
0.000000000000000000e+00
0.000000000000000000e+00
0.000000000000000000e+00
0.000000000000000000e+00
0.000000000000000000e+00
0.000000000000000000e+00
0.000000000000000000e+00
0.000000000000000000e+00
0.000000000000000000e+00
0.000000000000000000e+00
0.000000000000000000e+00
0.000000000000000000e+00
0.000000000000000000e+00
0.000000000000000000e+00
