9.418803001953022225e-01
1.383816846421107360e+00
4.342686128856406924e+00
3.105829511263138443e+00
5.993864731103567323e+00
5.606012616738743404e+00
1.180917720190917208e+01
7.191715858089859026e+00
1.020834297928048606e+01
1.102501211499950706e+01
1.496969376914331207e+01
1.745060044394131538e+01
1.376056932066304128e+01
2.934568961448436042e+01
1.731613867338991497e+01
1.634735541557007465e+01
3.787618664034906146e+01
3.921499342826877665e+01
5.271577158103910676e+01
4.749094786013206004e+01
4.909207277917845857e+01
4.163510800966396630e+01
3.892700556191489625e+01
4.586833710171494261e+01
6.154590192822939088e+01
3.794464705964026052e+01
5.847239789106526331e+01
6.936034569001658667e+01
5.277334891588026267e+01
8.757170859286775055e+01
1.347164845735638323e+02
1.072993310026837577e+02
1.145310434804233495e+02
8.918453605096559045e+01
1.412928542872927835e+02
1.211968878850088913e+02
1.805634153484351430e+02
1.663658567840654723e+04
1.717732184622596469e+04
1.566643695591582764e+04
1.673425587451302999e+04
1.532144207424468914e+04
1.091777058065002348e+04
0.000000000000000000e+00
1.247427294465078376e+04
1.446406707531551365e+04
0.000000000000000000e+00
0.000000000000000000e+00
0.000000000000000000e+00
0.000000000000000000e+00
6.940907391000258940e+03
0.000000000000000000e+00
0.000000000000000000e+00
0.000000000000000000e+00
0.000000000000000000e+00
0.000000000000000000e+00
0.000000000000000000e+00
0.000000000000000000e+00
0.000000000000000000e+00
0.000000000000000000e+00
0.000000000000000000e+00
0.000000000000000000e+00
0.000000000000000000e+00
0.000000000000000000e+00
0.000000000000000000e+00
0.000000000000000000e+00
0.000000000000000000e+00
0.000000000000000000e+00
0.000000000000000000e+00
0.000000000000000000e+00
0.000000000000000000e+00
0.000000000000000000e+00
0.000000000000000000e+00
0.000000000000000000e+00
0.000000000000000000e+00
0.000000000000000000e+00
0.000000000000000000e+00
0.000000000000000000e+00
0.000000000000000000e+00
0.000000000000000000e+00
0.000000000000000000e+00
0.000000000000000000e+00
0.000000000000000000e+00
0.000000000000000000e+00
0.000000000000000000e+00
0.000000000000000000e+00
0.000000000000000000e+00
0.000000000000000000e+00
0.000000000000000000e+00
0.000000000000000000e+00
0.000000000000000000e+00
0.000000000000000000e+00
0.000000000000000000e+00
0.000000000000000000e+00
0.000000000000000000e+00
0.000000000000000000e+00
0.000000000000000000e+00
0.000000000000000000e+00
0.000000000000000000e+00
0.000000000000000000e+00
