4.222184671327935956e-01
7.220755296478534868e-01
1.784143774953008244e+00
1.679760980708487450e+00
2.087205660405524021e+00
2.855333727767742413e+00
4.015334967770957775e+00
3.494931521354136095e+00
4.621138966010048144e+00
4.818993566877497692e+00
9.318219980871667474e+00
5.983882954171309443e+00
7.982793526566232423e+00
8.111881526870048376e+00
7.944265287571171008e+00
7.580164635500547199e+00
8.596182526292786008e+00
1.068687453192633185e+01
9.856857048615420780e+00
1.235839769347145101e+01
9.934111649065213712e+00
1.130455572077585025e+01
1.129698667428250758e+01
1.350265276134616421e+01
1.548782196528779131e+01
1.531021003267596825e+01
2.277125673523691773e+01
1.535824810366865911e+01
1.651688076208022693e+01
1.509612634899459493e+01
1.567670802181209311e+01
1.750401094091948906e+01
1.817144376167768627e+01
2.052798979193050144e+01
3.218034761459085047e+01
3.316407612524458415e+01
2.638754875678233347e+01
2.516900811235408852e+01
2.482641497926174878e+01
2.681724198246642032e+01
4.466181338680742385e+01
2.689692786878638131e+01
3.967112596939051627e+01
1.037839496374201218e+02
5.805899309331229574e+01
2.036822169132156262e+02
1.419763076190919855e+04
7.094581766172033895e+03
1.900624214493014370e+04
2.176305071983185553e+04
1.713294550849470761e+04
1.532961685186574141e+04
7.077927117015106887e+03
0.000000000000000000e+00
0.000000000000000000e+00
0.000000000000000000e+00
0.000000000000000000e+00
0.000000000000000000e+00
0.000000000000000000e+00
0.000000000000000000e+00
0.000000000000000000e+00
0.000000000000000000e+00
0.000000000000000000e+00
0.000000000000000000e+00
0.000000000000000000e+00
0.000000000000000000e+00
0.000000000000000000e+00
0.000000000000000000e+00
0.000000000000000000e+00
0.000000000000000000e+00
0.000000000000000000e+00
0.000000000000000000e+00
0.000000000000000000e+00
0.000000000000000000e+00
0.000000000000000000e+00
0.000000000000000000e+00
0.000000000000000000e+00
0.000000000000000000e+00
0.000000000000000000e+00
0.000000000000000000e+00
0.000000000000000000e+00
0.000000000000000000e+00
0.000000000000000000e+00
0.000000000000000000e+00
0.000000000000000000e+00
0.000000000000000000e+00
0.000000000000000000e+00
0.000000000000000000e+00
0.000000000000000000e+00
0.000000000000000000e+00
0.000000000000000000e+00
0.000000000000000000e+00
0.000000000000000000e+00
0.000000000000000000e+00
0.000000000000000000e+00
0.000000000000000000e+00
0.000000000000000000e+00
0.000000000000000000e+00
0.000000000000000000e+00
0.000000000000000000e+00
