5.968814869251426458e-01
9.259754365949358634e-01
2.042832925345331230e+00
2.891638951166913607e+00
2.797345050196792915e+00
3.447539411398973019e+00
3.776992760849739561e+00
3.909369210824589214e+00
5.396865085950341090e+00
5.596289873502320766e+00
6.696944546391999431e+00
6.176028866332722522e+00
7.839377034907948349e+00
7.850983369181030014e+00
9.532419477964642951e+00
1.031112735637064759e+01
1.154112404907225553e+01
8.960526685970600980e+00
1.112556450644180650e+01
1.140472600534844894e+01
1.349491726875310960e+01
1.630362763864718190e+01
1.550184068866718690e+01
1.228268071441575238e+01
1.362773314600716290e+01
1.488478902388623482e+01
1.457209257750978892e+01
1.549736154734965154e+01
1.928197861925378476e+01
1.574743875593535769e+01
2.053853451168123811e+01
1.929829922468736569e+01
1.865625217138950731e+01
1.952295481129922550e+01
2.153284749669984066e+01
2.504396441174079513e+01
2.219228851593609875e+01
2.335777695092345141e+01
2.396002967084561774e+01
2.412104152006643432e+01
2.231786169658896668e+01
2.343013644154145325e+01
2.982296028643459351e+01
2.889572367094115179e+01
3.106456389425738607e+01
3.818526160164823580e+01
9.414241216286647784e+01
6.353419865832293567e+01
4.900059237982056715e+01
5.025058453395940461e+01
7.278469336965542880e+01
6.791031609659322044e+01
7.946964592262945359e+01
1.915470764051538936e+04
0.000000000000000000e+00
0.000000000000000000e+00
0.000000000000000000e+00
0.000000000000000000e+00
0.000000000000000000e+00
0.000000000000000000e+00
0.000000000000000000e+00
0.000000000000000000e+00
0.000000000000000000e+00
0.000000000000000000e+00
0.000000000000000000e+00
0.000000000000000000e+00
0.000000000000000000e+00
0.000000000000000000e+00
0.000000000000000000e+00
0.000000000000000000e+00
0.000000000000000000e+00
0.000000000000000000e+00
0.000000000000000000e+00
0.000000000000000000e+00
0.000000000000000000e+00
0.000000000000000000e+00
0.000000000000000000e+00
0.000000000000000000e+00
0.000000000000000000e+00
0.000000000000000000e+00
0.000000000000000000e+00
0.000000000000000000e+00
0.000000000000000000e+00
0.000000000000000000e+00
0.000000000000000000e+00
0.000000000000000000e+00
0.000000000000000000e+00
0.000000000000000000e+00
0.000000000000000000e+00
0.000000000000000000e+00
0.000000000000000000e+00
0.000000000000000000e+00
0.000000000000000000e+00
0.000000000000000000e+00
0.000000000000000000e+00
0.000000000000000000e+00
0.000000000000000000e+00
0.000000000000000000e+00
0.000000000000000000e+00
0.000000000000000000e+00
