9.857458820772209140e-01
2.010388416805858114e+00
3.636129207670800501e+00
1.498242695958277793e+01
1.118488923692393655e+01
9.525109649829650138e+00
8.927629289950100855e+00
1.549629792612152457e+01
1.291233724730640375e+01
2.065485025774564320e+01
1.800448802594692310e+01
2.094096069362421986e+01
2.897377586286382112e+01
3.676302938392533548e+01
4.356197762520756100e+01
4.307562259720910447e+01
5.866622131282698405e+01
5.152745867961876769e+01
5.854218485684221207e+01
5.846143478615527300e+01
6.386614956750786121e+01
9.842513188986899308e+01
1.024925214462981984e+02
5.770503752976670597e+01
9.503529700868513430e+01
1.281031701305197146e+02
1.605707499471452877e+02
1.303467597686522095e+04
1.169546987057813021e+04
1.212322185945534329e+04
1.442704445292072342e+04
1.484744106145865408e+04
1.834052129403039828e+02
1.953674772707088039e+02
2.449436004870307215e+02
1.228849905508021584e+04
1.200966886297415658e+04
9.379196947929665839e+03
1.025474513491367543e+04
5.437333605962530783e+03
0.000000000000000000e+00
0.000000000000000000e+00
1.596572517684289232e+04
1.005496182827492157e+04
7.077735000959956778e+03
0.000000000000000000e+00
6.691371061711851326e+03
0.000000000000000000e+00
0.000000000000000000e+00
0.000000000000000000e+00
0.000000000000000000e+00
0.000000000000000000e+00
0.000000000000000000e+00
0.000000000000000000e+00
0.000000000000000000e+00
0.000000000000000000e+00
0.000000000000000000e+00
0.000000000000000000e+00
0.000000000000000000e+00
0.000000000000000000e+00
0.000000000000000000e+00
0.000000000000000000e+00
0.000000000000000000e+00
0.000000000000000000e+00
0.000000000000000000e+00
0.000000000000000000e+00
0.000000000000000000e+00
0.000000000000000000e+00
0.000000000000000000e+00
0.000000000000000000e+00
0.000000000000000000e+00
0.000000000000000000e+00
0.000000000000000000e+00
0.000000000000000000e+00
0.000000000000000000e+00
0.000000000000000000e+00
0.000000000000000000e+00
0.000000000000000000e+00
0.000000000000000000e+00
0.000000000000000000e+00
0.000000000000000000e+00
0.000000000000000000e+00
0.000000000000000000e+00
0.000000000000000000e+00
0.000000000000000000e+00
0.000000000000000000e+00
0.000000000000000000e+00
0.000000000000000000e+00
0.000000000000000000e+00
0.000000000000000000e+00
0.000000000000000000e+00
0.000000000000000000e+00
0.000000000000000000e+00
0.000000000000000000e+00
0.000000000000000000e+00
0.000000000000000000e+00
0.000000000000000000e+00
0.000000000000000000e+00
0.000000000000000000e+00
0.000000000000000000e+00
