1.684205318529085282e+00
3.812360878551844579e+00
5.047093447034244562e+00
1.188866574324817549e+01
1.085430421741849116e+01
7.118562980217803648e+00
1.135486946392347640e+01
1.473409498669145101e+01
1.527510866049909311e+01
1.933644908873891666e+01
2.136563224340732958e+01
1.874782675509009167e+01
2.826988809931043178e+01
2.763551599367346867e+01
4.569722754610224769e+01
3.995304588208844621e+01
4.430007993534122335e+01
3.687485468733060401e+01
4.561395727317870552e+01
3.865019536083759277e+01
4.385197549946121143e+01
4.821637305522844485e+01
5.536192346890725702e+01
5.561164000585739586e+01
6.913431041297533852e+01
5.881491876316922429e+01
7.296584753214881403e+01
7.482133968349307906e+01
6.509131529367864744e+01
8.674705621548187651e+01
9.604688115145796701e+01
9.506710607997634099e+01
8.409333232842745076e+01
9.770246891576243797e+01
1.012740774908955359e+02
1.145604712582463804e+02
1.965409098591007933e+02
1.407679464721014426e+02
1.312104669502765262e+02
3.372113203919694797e+02
9.504020958104065357e+03
6.579069826066288442e+03
1.751335227492652484e+04
6.134352171597515735e+03
0.000000000000000000e+00
0.000000000000000000e+00
0.000000000000000000e+00
6.965678377256163913e+03
6.954313246526759031e+03
0.000000000000000000e+00
0.000000000000000000e+00
0.000000000000000000e+00
0.000000000000000000e+00
0.000000000000000000e+00
0.000000000000000000e+00
0.000000000000000000e+00
0.000000000000000000e+00
0.000000000000000000e+00
0.000000000000000000e+00
0.000000000000000000e+00
0.000000000000000000e+00
0.000000000000000000e+00
0.000000000000000000e+00
0.000000000000000000e+00
0.000000000000000000e+00
0.000000000000000000e+00
0.000000000000000000e+00
0.000000000000000000e+00
0.000000000000000000e+00
0.000000000000000000e+00
0.000000000000000000e+00
0.000000000000000000e+00
0.000000000000000000e+00
0.000000000000000000e+00
0.000000000000000000e+00
0.000000000000000000e+00
0.000000000000000000e+00
0.000000000000000000e+00
0.000000000000000000e+00
0.000000000000000000e+00
0.000000000000000000e+00
0.000000000000000000e+00
0.000000000000000000e+00
0.000000000000000000e+00
0.000000000000000000e+00
0.000000000000000000e+00
0.000000000000000000e+00
0.000000000000000000e+00
0.000000000000000000e+00
0.000000000000000000e+00
0.000000000000000000e+00
0.000000000000000000e+00
0.000000000000000000e+00
0.000000000000000000e+00
0.000000000000000000e+00
0.000000000000000000e+00
0.000000000000000000e+00
0.000000000000000000e+00
0.000000000000000000e+00
0.000000000000000000e+00
