3.734694857201241169e-01
5.684826766647813612e-01
6.934166626795074118e-01
8.592634554144459313e-01
4.170331447348826437e+00
1.621768093324971849e+00
1.682523423537160223e+00
3.184883877169882638e+00
3.081381343738232026e+00
3.729359211702883758e+00
3.521692538448770726e+00
4.943142530146797498e+00
3.944092865303132633e+00
6.638181580932787540e+00
5.092477115508325269e+00
6.892683674877674527e+00
9.728575570518623650e+00
9.837393996246763805e+00
6.322640649310003802e+00
7.785481335842692197e+00
9.528296222869824916e+00
1.156339029663251949e+01
8.494575839211965018e+00
7.435365424649889476e+00
8.018822929234087127e+00
1.234087028784628259e+01
9.092544740389831404e+00
1.325810122001388258e+01
9.387269237903804964e+00
1.351227783586380227e+01
1.119397007465399163e+01
1.156852554479921835e+01
1.227518909706130401e+01
3.341877019859654752e+01
1.939539805097041025e+01
2.750377731049098529e+01
1.758821780707350868e+01
1.689945221743081660e+01
1.804647634985406413e+01
1.868700253057946625e+01
6.683753512107219308e+01
4.688492079692576198e+01
3.142040890327234592e+01
2.020241746535214770e+04
1.572696881695871889e+04
2.045352122080585104e+04
6.113421435795294201e+01
2.165159463199765378e+04
1.511101673036537977e+04
1.683469733223700314e+04
0.000000000000000000e+00
0.000000000000000000e+00
0.000000000000000000e+00
0.000000000000000000e+00
0.000000000000000000e+00
0.000000000000000000e+00
0.000000000000000000e+00
0.000000000000000000e+00
0.000000000000000000e+00
0.000000000000000000e+00
0.000000000000000000e+00
0.000000000000000000e+00
0.000000000000000000e+00
0.000000000000000000e+00
0.000000000000000000e+00
0.000000000000000000e+00
0.000000000000000000e+00
0.000000000000000000e+00
0.000000000000000000e+00
0.000000000000000000e+00
0.000000000000000000e+00
0.000000000000000000e+00
0.000000000000000000e+00
0.000000000000000000e+00
0.000000000000000000e+00
0.000000000000000000e+00
0.000000000000000000e+00
0.000000000000000000e+00
0.000000000000000000e+00
0.000000000000000000e+00
0.000000000000000000e+00
0.000000000000000000e+00
0.000000000000000000e+00
0.000000000000000000e+00
0.000000000000000000e+00
0.000000000000000000e+00
0.000000000000000000e+00
0.000000000000000000e+00
0.000000000000000000e+00
0.000000000000000000e+00
0.000000000000000000e+00
0.000000000000000000e+00
0.000000000000000000e+00
0.000000000000000000e+00
0.000000000000000000e+00
0.000000000000000000e+00
0.000000000000000000e+00
0.000000000000000000e+00
0.000000000000000000e+00
0.000000000000000000e+00
