1.310430156626842257e-01
1.321869984948541854e-01
1.877177043450770910e-01
2.351210814296243456e-01
3.265029437092440978e-01
4.444687237310412375e-01
5.693274804587373783e-01
5.094760768170707443e-01
5.430373958407297419e-01
6.186350640957591906e-01
8.177824490872442897e-01
8.129714723206061811e-01
8.825568637419568541e-01
9.582533929620515867e-01
1.026486150262085451e+00
1.611180853393380463e+00
1.508226363187680663e+00
1.387931794321916046e+00
1.774988734532360057e+00
1.403888424187435868e+00
1.574138489061679413e+00
1.579040218202561130e+00
1.929290173224299965e+00
1.577885083500017327e+00
1.756409219031140445e+00
2.447921168851582507e+00
2.037985992480980890e+00
2.430557497378776688e+00
2.489168370793694240e+00
2.330172140603141262e+00
2.369707854663311686e+00
2.466607383978222767e+00
2.523612040927677658e+00
2.666046176783439581e+00
3.271937004790655301e+00
3.326492764893270948e+00
4.162216649419951509e+00
3.384542496626278041e+00
3.877482281095923078e+00
3.575611593720108949e+00
3.840083852665999053e+00
3.859993498318652794e+00
4.485834571063010756e+00
4.058219402889018390e+00
3.855621898289075311e+00
3.504652730627746848e+00
4.014586545645022930e+00
4.094665818700621962e+00
4.157820664023136104e+00
4.913816032491316932e+00
4.484960301392245441e+00
4.572674181354003942e+00
4.869775127105931745e+00
6.421907835575479062e+00
5.742923599182801375e+00
5.880373586651116646e+00
6.004346319170855040e+00
5.820233647702856672e+00
6.727917064086473609e+00
5.900037373086323811e+00
5.772241830484112768e+00
5.363065882415628316e+00
5.218967737284390118e+00
5.828306631421928508e+00
6.726963978085169771e+00
7.274750551030610524e+00
6.350852821252018110e+00
7.609736044409214806e+00
7.703216119830653241e+00
9.497558324699459931e+00
8.363677696573725839e+00
7.884226953846684260e+00
9.697638850616186801e+00
1.234487580077065871e+01
1.016114720239393421e+01
8.152331611752702045e+00
9.658646787617854557e+00
8.133354010178146964e+00
7.868764690283473584e+00
8.386296020167700149e+00
9.967859766759916695e+00
8.772059099167437424e+00
9.492830370885499747e+00
1.052853417073631093e+01
2.010532740573471600e+01
2.211244142502677335e+01
9.450346039226968060e+03
1.972587985885855232e+03
9.809227637170023399e+02
0.000000000000000000e+00
0.000000000000000000e+00
0.000000000000000000e+00
0.000000000000000000e+00
0.000000000000000000e+00
0.000000000000000000e+00
0.000000000000000000e+00
0.000000000000000000e+00
0.000000000000000000e+00
0.000000000000000000e+00
0.000000000000000000e+00
