4.571232603502382585e-01
6.823960315926955733e-01
8.388984767085765348e-01
1.194079684597957547e+00
2.254151713266069557e+00
1.967243812900001609e+00
2.187129459852179547e+00
2.758380959291768519e+00
3.288336378004624638e+00
3.638791874547234517e+00
6.214577124457070667e+00
4.737899236843964523e+00
5.663688348714932097e+00
5.481462199803707414e+00
5.265472616582838050e+00
9.132960481484095894e+00
8.464808449042497074e+00
8.407334678797145244e+00
7.391317471901269087e+00
7.822408885468887796e+00
9.325352300236710690e+00
1.020552110281419544e+01
9.629433585502004789e+00
7.480419793781474702e+00
8.805484784511570240e+00
1.153196772322276864e+01
1.230607283904877924e+01
1.376276493646376586e+01
1.011490608995894114e+01
1.172971388999043008e+01
1.467534259938287100e+01
1.229689062430540503e+01
1.561829919883185980e+01
1.945730290597508017e+01
1.254329016169855748e+01
1.368292785914422005e+01
1.504120716505885014e+01
1.399369036118897647e+01
1.531012868241327318e+01
1.685484616358287724e+01
1.554761067368484539e+01
1.920961777967285755e+01
3.090422539183556694e+01
1.629303476646637421e+02
2.112515800386332558e+04
4.430363574493721757e+01
1.953333855512761019e+01
2.767464012901187331e+01
6.502637882204210484e+01
2.351185952108697529e+04
0.000000000000000000e+00
0.000000000000000000e+00
0.000000000000000000e+00
0.000000000000000000e+00
0.000000000000000000e+00
0.000000000000000000e+00
0.000000000000000000e+00
0.000000000000000000e+00
0.000000000000000000e+00
0.000000000000000000e+00
0.000000000000000000e+00
0.000000000000000000e+00
0.000000000000000000e+00
0.000000000000000000e+00
0.000000000000000000e+00
0.000000000000000000e+00
0.000000000000000000e+00
0.000000000000000000e+00
0.000000000000000000e+00
0.000000000000000000e+00
0.000000000000000000e+00
0.000000000000000000e+00
0.000000000000000000e+00
0.000000000000000000e+00
0.000000000000000000e+00
0.000000000000000000e+00
0.000000000000000000e+00
0.000000000000000000e+00
0.000000000000000000e+00
0.000000000000000000e+00
0.000000000000000000e+00
0.000000000000000000e+00
0.000000000000000000e+00
0.000000000000000000e+00
0.000000000000000000e+00
0.000000000000000000e+00
0.000000000000000000e+00
0.000000000000000000e+00
0.000000000000000000e+00
0.000000000000000000e+00
0.000000000000000000e+00
0.000000000000000000e+00
0.000000000000000000e+00
0.000000000000000000e+00
0.000000000000000000e+00
0.000000000000000000e+00
0.000000000000000000e+00
0.000000000000000000e+00
0.000000000000000000e+00
0.000000000000000000e+00
