9.518366146776697789e-01
3.494022670020661359e+00
3.178210126405144109e+00
1.659455482519830838e+01
1.844200586188355118e+01
7.528921158911385803e+00
1.654513627342646842e+01
1.015872854796363711e+01
1.490396586613416474e+01
2.443709263397131082e+01
2.067484170736986826e+01
2.885145050610406869e+01
3.954297747075970904e+01
3.385768783461713838e+01
5.790245166747516947e+01
3.523298957136250209e+01
4.354988231283985556e+01
5.209917749927409858e+01
4.888237133789139222e+01
6.311332187396389060e+01
6.893849472915449894e+01
8.370980803713389662e+01
5.686089258099130461e+01
5.428985065267301025e+01
5.892604771442601930e+01
1.286874879872876818e+02
1.106764226556636430e+02
7.326578815767318531e+01
1.097619411401557556e+02
1.493834420421588402e+04
1.885218464361678627e+02
1.471923709022783987e+04
1.594255961335413303e+04
1.692071589119007331e+04
1.053229891668854179e+04
5.332194180904821224e+03
0.000000000000000000e+00
5.235461687257487938e+03
0.000000000000000000e+00
1.783993802944526396e+04
1.486279416593303540e+04
0.000000000000000000e+00
0.000000000000000000e+00
0.000000000000000000e+00
0.000000000000000000e+00
0.000000000000000000e+00
0.000000000000000000e+00
0.000000000000000000e+00
0.000000000000000000e+00
0.000000000000000000e+00
0.000000000000000000e+00
0.000000000000000000e+00
0.000000000000000000e+00
0.000000000000000000e+00
0.000000000000000000e+00
0.000000000000000000e+00
0.000000000000000000e+00
0.000000000000000000e+00
0.000000000000000000e+00
0.000000000000000000e+00
0.000000000000000000e+00
0.000000000000000000e+00
0.000000000000000000e+00
0.000000000000000000e+00
0.000000000000000000e+00
0.000000000000000000e+00
0.000000000000000000e+00
0.000000000000000000e+00
0.000000000000000000e+00
0.000000000000000000e+00
0.000000000000000000e+00
0.000000000000000000e+00
0.000000000000000000e+00
0.000000000000000000e+00
0.000000000000000000e+00
0.000000000000000000e+00
0.000000000000000000e+00
0.000000000000000000e+00
0.000000000000000000e+00
0.000000000000000000e+00
0.000000000000000000e+00
0.000000000000000000e+00
0.000000000000000000e+00
0.000000000000000000e+00
0.000000000000000000e+00
0.000000000000000000e+00
0.000000000000000000e+00
0.000000000000000000e+00
0.000000000000000000e+00
0.000000000000000000e+00
0.000000000000000000e+00
0.000000000000000000e+00
0.000000000000000000e+00
0.000000000000000000e+00
0.000000000000000000e+00
0.000000000000000000e+00
0.000000000000000000e+00
0.000000000000000000e+00
0.000000000000000000e+00
0.000000000000000000e+00
