9.128463822661818661e-01
2.722347355331287577e+00
2.713828270248529684e+00
3.300340663323510615e+00
7.957298544870296197e+00
6.360498699880797524e+00
8.333649849174561197e+00
8.559895486550725963e+00
1.116813327864135807e+01
1.333832788756747867e+01
1.192714681484645567e+01
1.277703230569935222e+01
1.552487110332519826e+01
1.586249833247745045e+01
1.721168021913892687e+01
1.638449528490979290e+01
1.867931115596415026e+01
1.819620838508393845e+01
2.071612074486315080e+01
2.397811656995456531e+01
2.635348521153841261e+01
2.620781801130647537e+01
3.675199472581671500e+01
2.788565538495495133e+01
2.968025802294462423e+01
5.498391867940188149e+01
5.469573143163351148e+01
4.162975040484752043e+01
3.815794783047837058e+01
7.826288394795133740e+01
4.273168135040844362e+01
6.390989373872006496e+01
7.007912475738754665e+01
6.401764722293988541e+01
1.061909893046220077e+02
1.443373118685833560e+02
1.832556115289942227e+02
3.132221421727580264e+02
1.627994390844158079e+04
1.937392913909836716e+04
1.733646095024106762e+04
0.000000000000000000e+00
0.000000000000000000e+00
7.935554333199780558e+03
9.978658329500894979e+03
0.000000000000000000e+00
0.000000000000000000e+00
0.000000000000000000e+00
0.000000000000000000e+00
0.000000000000000000e+00
0.000000000000000000e+00
0.000000000000000000e+00
0.000000000000000000e+00
0.000000000000000000e+00
0.000000000000000000e+00
0.000000000000000000e+00
0.000000000000000000e+00
0.000000000000000000e+00
0.000000000000000000e+00
0.000000000000000000e+00
0.000000000000000000e+00
0.000000000000000000e+00
0.000000000000000000e+00
0.000000000000000000e+00
0.000000000000000000e+00
0.000000000000000000e+00
0.000000000000000000e+00
0.000000000000000000e+00
0.000000000000000000e+00
0.000000000000000000e+00
0.000000000000000000e+00
0.000000000000000000e+00
0.000000000000000000e+00
0.000000000000000000e+00
0.000000000000000000e+00
0.000000000000000000e+00
0.000000000000000000e+00
0.000000000000000000e+00
0.000000000000000000e+00
0.000000000000000000e+00
0.000000000000000000e+00
0.000000000000000000e+00
0.000000000000000000e+00
0.000000000000000000e+00
0.000000000000000000e+00
0.000000000000000000e+00
0.000000000000000000e+00
0.000000000000000000e+00
0.000000000000000000e+00
0.000000000000000000e+00
0.000000000000000000e+00
0.000000000000000000e+00
0.000000000000000000e+00
0.000000000000000000e+00
0.000000000000000000e+00
0.000000000000000000e+00
0.000000000000000000e+00
0.000000000000000000e+00
0.000000000000000000e+00
0.000000000000000000e+00
