3.533956801269819148e-01
1.185431410004024633e+00
1.158221653484264424e+00
1.565918526434038283e+00
1.980235909575712272e+00
2.338302468236876930e+00
2.438632463000081518e+00
3.152991552231991790e+00
4.305714898345983421e+00
5.288462071273516862e+00
5.322530664467115535e+00
5.203767271289772900e+00
5.119651594721216448e+00
7.618628570961369917e+00
6.482150171797290028e+00
2.026869221718029479e+01
7.998547072143971981e+00
1.035284366386195742e+01
8.469436442421628186e+00
7.553764833579351468e+00
8.260808733413515625e+00
8.226887061199489537e+00
1.465507276337517872e+01
1.191530400209461504e+01
1.902118634418483012e+01
1.464349518345420798e+01
1.135971415735745538e+01
1.203776201998245021e+01
1.360769476630637165e+01
1.306611656927311671e+01
1.300310226438958772e+01
3.451772937186447621e+01
3.356035119542874412e+01
2.609019525722646904e+01
3.066039318961280813e+01
1.904650691068409074e+01
4.708464828202661323e+01
8.721917343973164805e+01
4.105977318005623999e+01
1.019315321578070694e+02
2.887391807410695606e+02
0.000000000000000000e+00
8.949480016646861259e+03
2.015758507205749993e+04
1.367829336529627653e+04
6.856488641739908417e+03
0.000000000000000000e+00
0.000000000000000000e+00
0.000000000000000000e+00
0.000000000000000000e+00
0.000000000000000000e+00
0.000000000000000000e+00
0.000000000000000000e+00
0.000000000000000000e+00
0.000000000000000000e+00
0.000000000000000000e+00
0.000000000000000000e+00
0.000000000000000000e+00
0.000000000000000000e+00
0.000000000000000000e+00
0.000000000000000000e+00
0.000000000000000000e+00
0.000000000000000000e+00
0.000000000000000000e+00
0.000000000000000000e+00
0.000000000000000000e+00
0.000000000000000000e+00
0.000000000000000000e+00
0.000000000000000000e+00
0.000000000000000000e+00
0.000000000000000000e+00
0.000000000000000000e+00
0.000000000000000000e+00
0.000000000000000000e+00
0.000000000000000000e+00
0.000000000000000000e+00
0.000000000000000000e+00
0.000000000000000000e+00
0.000000000000000000e+00
0.000000000000000000e+00
0.000000000000000000e+00
0.000000000000000000e+00
0.000000000000000000e+00
0.000000000000000000e+00
0.000000000000000000e+00
0.000000000000000000e+00
0.000000000000000000e+00
0.000000000000000000e+00
0.000000000000000000e+00
0.000000000000000000e+00
0.000000000000000000e+00
0.000000000000000000e+00
0.000000000000000000e+00
0.000000000000000000e+00
0.000000000000000000e+00
0.000000000000000000e+00
0.000000000000000000e+00
0.000000000000000000e+00
0.000000000000000000e+00
0.000000000000000000e+00
