4.892881821558334732e-01
1.285549000885560567e+00
1.848260052523342578e+00
2.002737213336085009e+00
2.527701686816143489e+00
3.218223249299556610e+00
3.545755506911761668e+00
4.022671407499571750e+00
4.996028151732029521e+00
6.225006835105621583e+00
7.497431109308622332e+00
7.105216407623917263e+00
8.235616347214683941e+00
9.388867547583130246e+00
8.257877827232761092e+00
1.382612868220043900e+01
1.062454163293059217e+01
1.083613297331110914e+01
1.339615468655216368e+01
1.007250269606138815e+01
1.006540251764757876e+01
1.147567825599719349e+01
1.207294605625267714e+01
1.288526488749807264e+01
1.375594004178101493e+01
1.692310771699397165e+01
1.528093975276494199e+01
2.044047766587352299e+01
1.608664268613806669e+01
1.605258499401429617e+01
2.031978512684915117e+01
2.260632300027362263e+01
2.502096505355039824e+01
2.916544952464376550e+01
2.186861720788639474e+01
2.038801762985798049e+01
2.484460918790176365e+01
2.337859172405319796e+01
2.610147026216314359e+01
3.783739366565934858e+01
4.887573363561237727e+01
1.241433769637566229e+02
2.215006634154565290e+02
2.370957103068868577e+01
3.224320064549791454e+01
6.832619717230684842e+01
5.546698159276696316e+01
0.000000000000000000e+00
0.000000000000000000e+00
0.000000000000000000e+00
0.000000000000000000e+00
0.000000000000000000e+00
0.000000000000000000e+00
0.000000000000000000e+00
0.000000000000000000e+00
0.000000000000000000e+00
0.000000000000000000e+00
0.000000000000000000e+00
0.000000000000000000e+00
0.000000000000000000e+00
0.000000000000000000e+00
0.000000000000000000e+00
0.000000000000000000e+00
0.000000000000000000e+00
0.000000000000000000e+00
0.000000000000000000e+00
0.000000000000000000e+00
0.000000000000000000e+00
0.000000000000000000e+00
0.000000000000000000e+00
0.000000000000000000e+00
0.000000000000000000e+00
0.000000000000000000e+00
0.000000000000000000e+00
0.000000000000000000e+00
0.000000000000000000e+00
0.000000000000000000e+00
0.000000000000000000e+00
0.000000000000000000e+00
0.000000000000000000e+00
0.000000000000000000e+00
0.000000000000000000e+00
0.000000000000000000e+00
0.000000000000000000e+00
0.000000000000000000e+00
0.000000000000000000e+00
0.000000000000000000e+00
0.000000000000000000e+00
0.000000000000000000e+00
0.000000000000000000e+00
0.000000000000000000e+00
0.000000000000000000e+00
0.000000000000000000e+00
0.000000000000000000e+00
0.000000000000000000e+00
0.000000000000000000e+00
0.000000000000000000e+00
0.000000000000000000e+00
0.000000000000000000e+00
0.000000000000000000e+00
