2.402342817231998495e+00
4.294556335325056651e+00
6.013828114750566556e+00
2.354681897498026188e+01
1.018835543148957434e+01
1.623385396700429339e+01
1.388002458937233463e+01
1.537184397075290754e+01
3.157995748071455822e+01
3.360612674081779261e+01
3.463997419512504905e+01
3.645592480997181895e+01
6.633498541641453983e+01
7.499006653521523447e+01
7.963578502434116047e+01
7.170576012326696969e+01
8.448900740369575146e+01
1.140547625214758085e+02
1.737748272565263790e+02
2.845494904394842592e+02
2.597343885182478402e+02
1.153288718064910609e+04
1.171478985261463458e+04
2.310279288957663368e+02
1.200357986263677776e+04
1.346165837424997153e+04
2.156175356356845043e+02
1.009267912373547915e+04
6.487751012528383399e+03
7.435470106949698675e+03
1.185551901459062537e+04
1.305241388033904695e+04
1.029773341589455958e+04
0.000000000000000000e+00
0.000000000000000000e+00
5.613129287143753572e+03
0.000000000000000000e+00
1.439712796024220916e+04
1.327887398714114897e+04
0.000000000000000000e+00
0.000000000000000000e+00
0.000000000000000000e+00
0.000000000000000000e+00
0.000000000000000000e+00
0.000000000000000000e+00
0.000000000000000000e+00
0.000000000000000000e+00
0.000000000000000000e+00
0.000000000000000000e+00
0.000000000000000000e+00
0.000000000000000000e+00
0.000000000000000000e+00
0.000000000000000000e+00
0.000000000000000000e+00
0.000000000000000000e+00
0.000000000000000000e+00
0.000000000000000000e+00
0.000000000000000000e+00
0.000000000000000000e+00
0.000000000000000000e+00
0.000000000000000000e+00
0.000000000000000000e+00
0.000000000000000000e+00
0.000000000000000000e+00
0.000000000000000000e+00
0.000000000000000000e+00
0.000000000000000000e+00
0.000000000000000000e+00
0.000000000000000000e+00
0.000000000000000000e+00
0.000000000000000000e+00
0.000000000000000000e+00
0.000000000000000000e+00
0.000000000000000000e+00
0.000000000000000000e+00
0.000000000000000000e+00
0.000000000000000000e+00
0.000000000000000000e+00
0.000000000000000000e+00
0.000000000000000000e+00
0.000000000000000000e+00
0.000000000000000000e+00
0.000000000000000000e+00
0.000000000000000000e+00
0.000000000000000000e+00
0.000000000000000000e+00
0.000000000000000000e+00
0.000000000000000000e+00
0.000000000000000000e+00
0.000000000000000000e+00
0.000000000000000000e+00
0.000000000000000000e+00
0.000000000000000000e+00
0.000000000000000000e+00
0.000000000000000000e+00
0.000000000000000000e+00
0.000000000000000000e+00
0.000000000000000000e+00
0.000000000000000000e+00
0.000000000000000000e+00
