9.284039577196998572e-01
1.549853701070073031e+00
2.200898661843115001e+00
2.651370430716595283e+00
3.267606287811408272e+00
5.170784701095007208e+00
4.917499532012992169e+00
8.591121385789413978e+00
1.006322470196720786e+01
7.705781528154244775e+00
1.521609892378256568e+01
8.595149642033105053e+00
1.129689481307628185e+01
1.948492935811285776e+01
2.389186826636630556e+01
2.571368702140508944e+01
1.480037927462700331e+01
1.689361071738132125e+01
2.748178828418891584e+01
2.948702340885004958e+01
2.186184172980700424e+01
1.627402489541618280e+01
3.669715308494820505e+01
2.953773847767772054e+01
3.933181194994823926e+01
2.412700781365363412e+01
2.664012259586672826e+01
5.454036295254646660e+01
4.475657261291643607e+01
4.282755537267202328e+01
6.248005042836887668e+01
1.110239360203901384e+02
5.567432492409456302e+01
5.709663681579927186e+01
2.446363007062563497e+02
1.573378542211341482e+04
5.599149167144542844e+03
1.825920214972953181e+04
1.746119357007549843e+04
6.165566730535198985e+03
9.001078025378939856e+03
1.342767986790721989e+04
7.048796220602250287e+03
0.000000000000000000e+00
0.000000000000000000e+00
0.000000000000000000e+00
0.000000000000000000e+00
0.000000000000000000e+00
0.000000000000000000e+00
0.000000000000000000e+00
0.000000000000000000e+00
0.000000000000000000e+00
0.000000000000000000e+00
0.000000000000000000e+00
0.000000000000000000e+00
0.000000000000000000e+00
0.000000000000000000e+00
0.000000000000000000e+00
0.000000000000000000e+00
0.000000000000000000e+00
0.000000000000000000e+00
0.000000000000000000e+00
0.000000000000000000e+00
0.000000000000000000e+00
0.000000000000000000e+00
0.000000000000000000e+00
0.000000000000000000e+00
0.000000000000000000e+00
0.000000000000000000e+00
0.000000000000000000e+00
0.000000000000000000e+00
0.000000000000000000e+00
0.000000000000000000e+00
0.000000000000000000e+00
0.000000000000000000e+00
0.000000000000000000e+00
0.000000000000000000e+00
0.000000000000000000e+00
0.000000000000000000e+00
0.000000000000000000e+00
0.000000000000000000e+00
0.000000000000000000e+00
0.000000000000000000e+00
0.000000000000000000e+00
0.000000000000000000e+00
0.000000000000000000e+00
0.000000000000000000e+00
0.000000000000000000e+00
0.000000000000000000e+00
0.000000000000000000e+00
0.000000000000000000e+00
0.000000000000000000e+00
0.000000000000000000e+00
0.000000000000000000e+00
0.000000000000000000e+00
0.000000000000000000e+00
0.000000000000000000e+00
0.000000000000000000e+00
0.000000000000000000e+00
0.000000000000000000e+00
