1.011202606737703791e+00
1.980110277398619001e+00
2.780609056937949575e+00
4.763877890263681358e+00
4.773640548899016345e+00
6.332037716484255618e+00
7.275096383093577757e+00
7.734970181168209002e+00
1.235673670929331003e+01
1.167977544058794592e+01
1.210471340062630041e+01
1.149726656557774085e+01
1.382085517098829719e+01
1.423371696647899576e+01
1.372382150672037859e+01
1.689364392117132141e+01
2.060198856786847799e+01
2.093200446671969672e+01
2.010156849778849519e+01
2.148234842350348472e+01
2.063075711020155012e+01
2.169508628922648086e+01
3.265662080864689898e+01
2.548243524385108572e+01
2.983008089260488660e+01
3.575168949862218426e+01
4.487122122691582859e+01
3.954309167134820058e+01
3.065276919685862111e+01
3.179782235856780304e+01
3.762083265829059542e+01
4.397667952469387842e+01
4.227019619163679920e+01
4.884527980711580852e+01
7.609946377736662271e+01
1.582846832130712471e+02
6.766794016911507015e+01
5.286473218149291142e+01
3.151363622243204645e+02
1.356806555918434060e+04
1.394893567759040343e+04
2.095503244950969020e+04
1.528148785114678685e+04
6.762631620470498092e+03
0.000000000000000000e+00
0.000000000000000000e+00
0.000000000000000000e+00
0.000000000000000000e+00
0.000000000000000000e+00
0.000000000000000000e+00
0.000000000000000000e+00
0.000000000000000000e+00
0.000000000000000000e+00
0.000000000000000000e+00
0.000000000000000000e+00
0.000000000000000000e+00
0.000000000000000000e+00
0.000000000000000000e+00
0.000000000000000000e+00
0.000000000000000000e+00
0.000000000000000000e+00
0.000000000000000000e+00
0.000000000000000000e+00
0.000000000000000000e+00
0.000000000000000000e+00
0.000000000000000000e+00
0.000000000000000000e+00
0.000000000000000000e+00
0.000000000000000000e+00
0.000000000000000000e+00
0.000000000000000000e+00
0.000000000000000000e+00
0.000000000000000000e+00
0.000000000000000000e+00
0.000000000000000000e+00
0.000000000000000000e+00
0.000000000000000000e+00
0.000000000000000000e+00
0.000000000000000000e+00
0.000000000000000000e+00
0.000000000000000000e+00
0.000000000000000000e+00
0.000000000000000000e+00
0.000000000000000000e+00
0.000000000000000000e+00
0.000000000000000000e+00
0.000000000000000000e+00
0.000000000000000000e+00
0.000000000000000000e+00
0.000000000000000000e+00
0.000000000000000000e+00
0.000000000000000000e+00
0.000000000000000000e+00
0.000000000000000000e+00
0.000000000000000000e+00
0.000000000000000000e+00
0.000000000000000000e+00
0.000000000000000000e+00
0.000000000000000000e+00
0.000000000000000000e+00
