1.060769321957774736e+00
1.931140150963978730e+00
3.036147228386152364e+00
4.158245118366295401e+00
4.878798766551977195e+00
5.883243166419195980e+00
7.310508568619556335e+00
9.116397584961795530e+00
8.798819644228842662e+00
9.809359614834969321e+00
1.061982238611517992e+01
1.353128267189112677e+01
1.263504486963968532e+01
1.322702868997294523e+01
1.655836320275791707e+01
1.580054337333056225e+01
1.824962709599681432e+01
1.822625464395732564e+01
1.903889712727850991e+01
1.992894190425704082e+01
2.311625944374268116e+01
2.188674681910076458e+01
2.225049225102539552e+01
2.364163334048284071e+01
2.501922725086240717e+01
2.637417518592619814e+01
2.701906078132409661e+01
2.877333578686237203e+01
3.072919320703839219e+01
2.891923674144204170e+01
3.159881099402011628e+01
3.835029020039443282e+01
3.308830210582693354e+01
3.486501192775666169e+01
3.352318642952797489e+01
3.440281635830812235e+01
3.725719564663359051e+01
4.051443138393534582e+01
4.331046741264937339e+01
1.971778227378464408e+02
3.966461254779358825e+01
5.635483704992099518e+01
9.649101947338942864e+01
8.252969134902491533e+01
2.373097714298054052e+04
0.000000000000000000e+00
0.000000000000000000e+00
0.000000000000000000e+00
0.000000000000000000e+00
0.000000000000000000e+00
0.000000000000000000e+00
0.000000000000000000e+00
0.000000000000000000e+00
0.000000000000000000e+00
0.000000000000000000e+00
0.000000000000000000e+00
0.000000000000000000e+00
0.000000000000000000e+00
0.000000000000000000e+00
0.000000000000000000e+00
0.000000000000000000e+00
0.000000000000000000e+00
0.000000000000000000e+00
0.000000000000000000e+00
0.000000000000000000e+00
0.000000000000000000e+00
0.000000000000000000e+00
0.000000000000000000e+00
0.000000000000000000e+00
0.000000000000000000e+00
0.000000000000000000e+00
0.000000000000000000e+00
0.000000000000000000e+00
0.000000000000000000e+00
0.000000000000000000e+00
0.000000000000000000e+00
0.000000000000000000e+00
0.000000000000000000e+00
0.000000000000000000e+00
0.000000000000000000e+00
0.000000000000000000e+00
0.000000000000000000e+00
0.000000000000000000e+00
0.000000000000000000e+00
0.000000000000000000e+00
0.000000000000000000e+00
0.000000000000000000e+00
0.000000000000000000e+00
0.000000000000000000e+00
0.000000000000000000e+00
0.000000000000000000e+00
0.000000000000000000e+00
0.000000000000000000e+00
0.000000000000000000e+00
0.000000000000000000e+00
0.000000000000000000e+00
0.000000000000000000e+00
0.000000000000000000e+00
0.000000000000000000e+00
0.000000000000000000e+00
