2.078112849071268864e-01
2.859297464963811430e-01
4.208202427664199941e-01
6.168462304377876348e-01
1.131129000897594494e+00
3.667692103398604964e+00
1.277349271677189702e+00
2.121304143525748920e+00
1.521633415659085387e+00
2.105003604461018529e+00
2.648887878251300787e+00
2.562085922816934591e+00
4.144416173561038086e+00
2.411516970356736511e+00
2.573015649934578430e+00
3.556497488678143970e+00
5.189966456822394214e+00
2.937336699965447551e+00
3.724378036289572425e+00
3.920701343804320782e+00
4.570162930037680482e+00
4.795967755993667758e+00
4.807439300852608177e+00
4.976459809843632343e+00
5.164222334990903107e+00
6.217806879247536500e+00
7.966214383668201116e+00
8.182309888396565256e+00
9.087165410651570241e+00
9.271462472917434638e+00
8.423471577189912907e+00
1.042935669991171643e+01
1.108191813225571742e+01
1.242350636648205331e+01
1.602335329734640368e+01
1.164611652310739487e+01
1.434657502396967210e+01
1.568705928375642777e+01
1.453198193264194416e+01
1.604314062460547774e+01
1.547113194789358381e+01
1.581793681176853283e+01
1.581223792161116215e+01
1.588079731696804586e+01
1.937858518243546513e+01
1.993425893628733192e+01
1.988341807662430227e+01
1.845840919810154546e+01
1.821838152355767448e+01
2.024667779994654637e+01
1.979254443584194689e+01
2.045843406823629351e+01
2.042518000010968393e+01
1.882251619013774402e+01
2.206953415156541354e+01
2.366199799872345011e+01
2.214847668644728174e+01
2.723848179772515010e+01
2.129567483184960608e+01
2.913636816284984832e+01
2.789483472166545752e+01
1.882025181886270460e+01
2.049199471519171212e+01
2.296641982914047020e+01
3.027208826376848094e+01
2.808214306780837788e+01
3.370238976218241334e+01
3.251268581284315218e+01
3.026018409039951251e+01
3.048054499681354557e+01
4.151811258203274235e+01
5.030171586572568998e+01
4.951445768681011117e+01
6.014878904186173258e+01
4.186144429909926856e+01
5.023409106776053079e+01
5.817436159491395387e+01
1.487874153733613127e+02
1.008833226953497979e+04
5.405019851996272337e+03
0.000000000000000000e+00
0.000000000000000000e+00
0.000000000000000000e+00
0.000000000000000000e+00
0.000000000000000000e+00
0.000000000000000000e+00
0.000000000000000000e+00
0.000000000000000000e+00
0.000000000000000000e+00
0.000000000000000000e+00
0.000000000000000000e+00
0.000000000000000000e+00
0.000000000000000000e+00
0.000000000000000000e+00
0.000000000000000000e+00
0.000000000000000000e+00
0.000000000000000000e+00
0.000000000000000000e+00
0.000000000000000000e+00
0.000000000000000000e+00
