5.966674479503680795e-01
1.099714500505100334e+00
1.766776108143689905e+00
3.075931996911166699e+00
3.117438048706214992e+00
3.475558061887183747e+00
4.619754768889262841e+00
5.497486572649215475e+00
5.445034007311020829e+00
6.501712081238101071e+00
6.976948905564000825e+00
7.059052276659626202e+00
8.454262174352031423e+00
1.651600677855617505e+01
9.373261864915134467e+00
1.057757854402928999e+01
1.994751001421611392e+01
1.138556740179942928e+01
1.317647455965673942e+01
1.131055354243339117e+01
1.403125304131713591e+01
1.866426251714982953e+01
1.565377911376444153e+01
1.781803570907244350e+01
1.781189444835123936e+01
1.629847336744186137e+01
1.792072285332398351e+01
1.779458912196292886e+01
2.221054613127863320e+01
3.106654995520469242e+01
4.019259197698285391e+01
2.244973513406875654e+01
6.213154725761445718e+01
3.397786285963765351e+01
1.694286857912450068e+04
1.944622819465981593e+04
1.805907669609360164e+04
0.000000000000000000e+00
1.526594012592814033e+04
1.591508899855514937e+04
0.000000000000000000e+00
0.000000000000000000e+00
0.000000000000000000e+00
0.000000000000000000e+00
0.000000000000000000e+00
0.000000000000000000e+00
0.000000000000000000e+00
0.000000000000000000e+00
0.000000000000000000e+00
0.000000000000000000e+00
0.000000000000000000e+00
0.000000000000000000e+00
0.000000000000000000e+00
0.000000000000000000e+00
0.000000000000000000e+00
0.000000000000000000e+00
0.000000000000000000e+00
0.000000000000000000e+00
0.000000000000000000e+00
0.000000000000000000e+00
0.000000000000000000e+00
0.000000000000000000e+00
0.000000000000000000e+00
0.000000000000000000e+00
0.000000000000000000e+00
0.000000000000000000e+00
0.000000000000000000e+00
0.000000000000000000e+00
0.000000000000000000e+00
0.000000000000000000e+00
0.000000000000000000e+00
0.000000000000000000e+00
0.000000000000000000e+00
0.000000000000000000e+00
0.000000000000000000e+00
0.000000000000000000e+00
0.000000000000000000e+00
0.000000000000000000e+00
0.000000000000000000e+00
0.000000000000000000e+00
0.000000000000000000e+00
0.000000000000000000e+00
0.000000000000000000e+00
0.000000000000000000e+00
0.000000000000000000e+00
0.000000000000000000e+00
0.000000000000000000e+00
0.000000000000000000e+00
0.000000000000000000e+00
0.000000000000000000e+00
0.000000000000000000e+00
0.000000000000000000e+00
0.000000000000000000e+00
0.000000000000000000e+00
0.000000000000000000e+00
0.000000000000000000e+00
0.000000000000000000e+00
0.000000000000000000e+00
0.000000000000000000e+00
0.000000000000000000e+00
