5.031585845537839274e-01
1.067813154486691340e+00
1.656787645008665155e+00
2.253892627892008615e+00
2.673899919455476226e+00
3.119204136474532429e+00
5.328790459659758838e+00
4.515035619597362881e+00
7.157104546311781057e+00
7.147710938786460133e+00
7.857402471541682587e+00
8.006502844424456811e+00
7.275290366349340232e+00
8.948259880535948341e+00
8.891460916050725416e+00
8.480819748000158143e+00
1.060437365751108629e+01
1.094412692133851195e+01
1.187880630751529409e+01
1.045326511366450539e+01
1.302522012780689664e+01
1.455619209047703855e+01
1.353921879575507603e+01
1.626156199353051690e+01
1.509988806386708227e+01
2.512731024917719935e+01
2.332404405913765544e+01
1.811235978703072647e+01
1.926084782815176055e+01
3.073043798549580075e+01
3.476729997223106494e+01
2.937071098386327250e+01
3.655171613707923228e+01
4.124249116885991384e+01
4.573426150878334084e+01
6.352280070740611251e+01
2.735909549012291677e+02
1.285448307992618902e+04
1.039467211085859344e+04
1.751133696975330895e+04
1.060577179903956676e+04
7.430324090745553804e+03
0.000000000000000000e+00
0.000000000000000000e+00
0.000000000000000000e+00
0.000000000000000000e+00
0.000000000000000000e+00
0.000000000000000000e+00
0.000000000000000000e+00
0.000000000000000000e+00
0.000000000000000000e+00
0.000000000000000000e+00
0.000000000000000000e+00
0.000000000000000000e+00
0.000000000000000000e+00
0.000000000000000000e+00
0.000000000000000000e+00
0.000000000000000000e+00
0.000000000000000000e+00
0.000000000000000000e+00
0.000000000000000000e+00
0.000000000000000000e+00
0.000000000000000000e+00
0.000000000000000000e+00
0.000000000000000000e+00
0.000000000000000000e+00
0.000000000000000000e+00
0.000000000000000000e+00
0.000000000000000000e+00
0.000000000000000000e+00
0.000000000000000000e+00
0.000000000000000000e+00
0.000000000000000000e+00
0.000000000000000000e+00
0.000000000000000000e+00
0.000000000000000000e+00
0.000000000000000000e+00
0.000000000000000000e+00
0.000000000000000000e+00
0.000000000000000000e+00
0.000000000000000000e+00
0.000000000000000000e+00
0.000000000000000000e+00
0.000000000000000000e+00
0.000000000000000000e+00
0.000000000000000000e+00
0.000000000000000000e+00
0.000000000000000000e+00
0.000000000000000000e+00
0.000000000000000000e+00
0.000000000000000000e+00
0.000000000000000000e+00
0.000000000000000000e+00
0.000000000000000000e+00
0.000000000000000000e+00
0.000000000000000000e+00
0.000000000000000000e+00
0.000000000000000000e+00
0.000000000000000000e+00
0.000000000000000000e+00
