9.128491796418933824e-01
1.827638409360070382e+00
2.692250156211139167e+00
3.223403597776549390e+00
4.293246107030846304e+00
5.876839224841904574e+00
5.939536054028110357e+00
6.881425836729066603e+00
8.765549590139320557e+00
9.302136830498048070e+00
9.623315756379872354e+00
1.028525074260864258e+01
1.216565710906661479e+01
1.235267361559143495e+01
1.489942884117909827e+01
1.738749420258353595e+01
1.832706077468920469e+01
1.699336163441548564e+01
1.844242615461005741e+01
1.752675412866176785e+01
1.955961481531269897e+01
1.906901535737150866e+01
2.004351101469364593e+01
2.203353538992299221e+01
2.360235416675494591e+01
2.391688078184911959e+01
2.237581908875043268e+01
2.733991191815744415e+01
2.587329285115426458e+01
3.222055533949679784e+01
4.285124713930853346e+01
3.083586023283386623e+01
3.226530444052841773e+01
3.252930439138962271e+01
3.350317840175403461e+01
4.300442796180797700e+01
1.158562306696817927e+02
1.717134145977735534e+04
2.785715322288971265e+02
5.405918408736003755e+01
3.061183641551343726e+02
2.183410476745436245e+04
0.000000000000000000e+00
0.000000000000000000e+00
0.000000000000000000e+00
0.000000000000000000e+00
0.000000000000000000e+00
0.000000000000000000e+00
0.000000000000000000e+00
0.000000000000000000e+00
0.000000000000000000e+00
0.000000000000000000e+00
0.000000000000000000e+00
0.000000000000000000e+00
0.000000000000000000e+00
0.000000000000000000e+00
0.000000000000000000e+00
0.000000000000000000e+00
0.000000000000000000e+00
0.000000000000000000e+00
0.000000000000000000e+00
0.000000000000000000e+00
0.000000000000000000e+00
0.000000000000000000e+00
0.000000000000000000e+00
0.000000000000000000e+00
0.000000000000000000e+00
0.000000000000000000e+00
0.000000000000000000e+00
0.000000000000000000e+00
0.000000000000000000e+00
0.000000000000000000e+00
0.000000000000000000e+00
0.000000000000000000e+00
0.000000000000000000e+00
0.000000000000000000e+00
0.000000000000000000e+00
0.000000000000000000e+00
0.000000000000000000e+00
0.000000000000000000e+00
0.000000000000000000e+00
0.000000000000000000e+00
0.000000000000000000e+00
0.000000000000000000e+00
0.000000000000000000e+00
0.000000000000000000e+00
0.000000000000000000e+00
0.000000000000000000e+00
0.000000000000000000e+00
0.000000000000000000e+00
0.000000000000000000e+00
0.000000000000000000e+00
0.000000000000000000e+00
0.000000000000000000e+00
0.000000000000000000e+00
0.000000000000000000e+00
0.000000000000000000e+00
0.000000000000000000e+00
0.000000000000000000e+00
0.000000000000000000e+00
