1.443685946487102356e+00
2.354610232432787775e+00
3.489635518277722781e+00
1.068025989562195655e+01
7.165940561500300454e+00
8.463577199328742751e+00
1.001896666928323043e+01
1.579831962198637285e+01
1.335078196126770145e+01
1.512140670030163747e+01
1.978374716684474066e+01
3.177540679123650591e+01
2.857445372956848573e+01
2.835646803273590066e+01
4.421011173208378153e+01
7.412005729767776074e+01
5.513596601610340286e+01
1.715341826909516669e+02
2.258237851636680773e+02
1.621591909645512146e+02
7.946331724846294264e+01
1.291429260958246050e+04
9.660016312864021529e+03
1.337048718470750828e+04
1.405736967515292963e+04
1.474091779416951249e+04
1.454884076140594334e+04
1.515178361690936072e+04
1.029364561647770824e+04
6.730854880742644127e+03
0.000000000000000000e+00
0.000000000000000000e+00
0.000000000000000000e+00
1.170529421919252854e+04
0.000000000000000000e+00
0.000000000000000000e+00
0.000000000000000000e+00
0.000000000000000000e+00
0.000000000000000000e+00
0.000000000000000000e+00
0.000000000000000000e+00
0.000000000000000000e+00
0.000000000000000000e+00
0.000000000000000000e+00
0.000000000000000000e+00
0.000000000000000000e+00
0.000000000000000000e+00
0.000000000000000000e+00
0.000000000000000000e+00
0.000000000000000000e+00
0.000000000000000000e+00
0.000000000000000000e+00
0.000000000000000000e+00
0.000000000000000000e+00
0.000000000000000000e+00
0.000000000000000000e+00
0.000000000000000000e+00
0.000000000000000000e+00
0.000000000000000000e+00
0.000000000000000000e+00
0.000000000000000000e+00
0.000000000000000000e+00
0.000000000000000000e+00
0.000000000000000000e+00
0.000000000000000000e+00
0.000000000000000000e+00
0.000000000000000000e+00
0.000000000000000000e+00
0.000000000000000000e+00
0.000000000000000000e+00
0.000000000000000000e+00
0.000000000000000000e+00
0.000000000000000000e+00
0.000000000000000000e+00
0.000000000000000000e+00
0.000000000000000000e+00
0.000000000000000000e+00
0.000000000000000000e+00
0.000000000000000000e+00
0.000000000000000000e+00
0.000000000000000000e+00
0.000000000000000000e+00
0.000000000000000000e+00
0.000000000000000000e+00
0.000000000000000000e+00
0.000000000000000000e+00
0.000000000000000000e+00
0.000000000000000000e+00
0.000000000000000000e+00
0.000000000000000000e+00
0.000000000000000000e+00
0.000000000000000000e+00
0.000000000000000000e+00
0.000000000000000000e+00
0.000000000000000000e+00
0.000000000000000000e+00
0.000000000000000000e+00
0.000000000000000000e+00
0.000000000000000000e+00
0.000000000000000000e+00
