9.776696803994193719e-01
2.046913971262814602e+00
3.309949694784914964e+00
4.354657407486041798e+00
6.394198156041500880e+00
7.229957848989213787e+00
1.102943870664776149e+01
1.159458091905278465e+01
1.353909051107551775e+01
1.516486967375476524e+01
1.498233023904328576e+01
1.518870208283220080e+01
2.056181486255177049e+01
1.961102152241232233e+01
2.268851288239079977e+01
3.510454311705062480e+01
2.196803227576219086e+01
3.782372861884115878e+01
2.537390856877844314e+01
4.991081352045430464e+01
3.877374625462606161e+01
6.072788511723047833e+01
3.830508998693290579e+01
7.761412539308739156e+01
1.008715853548308559e+02
6.615328629403688865e+01
1.120274736656885750e+02
1.773763380594354828e+02
1.691995766351179918e+04
1.482486476413390483e+04
1.366037874090278819e+04
0.000000000000000000e+00
5.327505195403973630e+03
1.814110386773016580e+04
5.675227047521302666e+03
0.000000000000000000e+00
8.954686967429914148e+03
0.000000000000000000e+00
0.000000000000000000e+00
0.000000000000000000e+00
0.000000000000000000e+00
0.000000000000000000e+00
0.000000000000000000e+00
0.000000000000000000e+00
0.000000000000000000e+00
0.000000000000000000e+00
0.000000000000000000e+00
0.000000000000000000e+00
0.000000000000000000e+00
0.000000000000000000e+00
0.000000000000000000e+00
0.000000000000000000e+00
0.000000000000000000e+00
0.000000000000000000e+00
0.000000000000000000e+00
0.000000000000000000e+00
0.000000000000000000e+00
0.000000000000000000e+00
0.000000000000000000e+00
0.000000000000000000e+00
0.000000000000000000e+00
0.000000000000000000e+00
0.000000000000000000e+00
0.000000000000000000e+00
0.000000000000000000e+00
0.000000000000000000e+00
0.000000000000000000e+00
0.000000000000000000e+00
0.000000000000000000e+00
0.000000000000000000e+00
0.000000000000000000e+00
0.000000000000000000e+00
0.000000000000000000e+00
0.000000000000000000e+00
0.000000000000000000e+00
0.000000000000000000e+00
0.000000000000000000e+00
0.000000000000000000e+00
0.000000000000000000e+00
0.000000000000000000e+00
0.000000000000000000e+00
0.000000000000000000e+00
0.000000000000000000e+00
0.000000000000000000e+00
0.000000000000000000e+00
0.000000000000000000e+00
0.000000000000000000e+00
0.000000000000000000e+00
0.000000000000000000e+00
0.000000000000000000e+00
0.000000000000000000e+00
0.000000000000000000e+00
0.000000000000000000e+00
0.000000000000000000e+00
0.000000000000000000e+00
0.000000000000000000e+00
0.000000000000000000e+00
0.000000000000000000e+00
0.000000000000000000e+00
0.000000000000000000e+00
