6.383268016162131353e-01
1.921085562817010484e+00
2.707675979208639117e+00
3.752500052764970118e+00
3.767060437585912691e+00
4.734620345156172583e+00
4.819623380152682657e+00
6.748336464360375153e+00
6.554181734078234456e+00
7.660011936138164224e+00
9.509749498434988624e+00
1.024717232237720310e+01
1.519646241837022416e+01
1.075492263497284640e+01
1.186211164608542212e+01
1.247963631458797629e+01
1.645964506537266558e+01
1.392192772129479117e+01
1.452387103842777094e+01
1.530407756721147727e+01
1.621507922446791028e+01
1.790539947088409889e+01
1.918891974594276917e+01
1.933238756341203413e+01
1.987812566157355576e+01
2.153867609080899825e+01
2.202573794686398045e+01
2.309538401638111793e+01
5.076853199916827464e+01
2.667815147560078515e+01
5.009559528227604375e+01
2.270989751501485330e+02
1.821559098743441791e+04
1.265599650704521650e+02
1.427530497856140391e+04
6.649162233306618873e+03
1.519729107565577760e+04
8.677818617383205492e+03
1.295187932257867033e+04
1.038469420755892315e+04
0.000000000000000000e+00
0.000000000000000000e+00
0.000000000000000000e+00
0.000000000000000000e+00
0.000000000000000000e+00
0.000000000000000000e+00
0.000000000000000000e+00
0.000000000000000000e+00
0.000000000000000000e+00
0.000000000000000000e+00
0.000000000000000000e+00
0.000000000000000000e+00
0.000000000000000000e+00
0.000000000000000000e+00
0.000000000000000000e+00
0.000000000000000000e+00
0.000000000000000000e+00
0.000000000000000000e+00
0.000000000000000000e+00
0.000000000000000000e+00
0.000000000000000000e+00
0.000000000000000000e+00
0.000000000000000000e+00
0.000000000000000000e+00
0.000000000000000000e+00
0.000000000000000000e+00
0.000000000000000000e+00
0.000000000000000000e+00
0.000000000000000000e+00
0.000000000000000000e+00
0.000000000000000000e+00
0.000000000000000000e+00
0.000000000000000000e+00
0.000000000000000000e+00
0.000000000000000000e+00
0.000000000000000000e+00
0.000000000000000000e+00
0.000000000000000000e+00
0.000000000000000000e+00
0.000000000000000000e+00
0.000000000000000000e+00
0.000000000000000000e+00
0.000000000000000000e+00
0.000000000000000000e+00
0.000000000000000000e+00
0.000000000000000000e+00
0.000000000000000000e+00
0.000000000000000000e+00
0.000000000000000000e+00
0.000000000000000000e+00
0.000000000000000000e+00
0.000000000000000000e+00
0.000000000000000000e+00
0.000000000000000000e+00
0.000000000000000000e+00
0.000000000000000000e+00
0.000000000000000000e+00
0.000000000000000000e+00
0.000000000000000000e+00
0.000000000000000000e+00
