6.122406740830669269e-01
1.532452326052077485e+00
2.523918895620703484e+00
3.158918435762847921e+00
4.519334725613352255e+00
5.278458176259351653e+00
6.085938343408288098e+00
7.267048311613685030e+00
7.603452479678006526e+00
8.269898923500818455e+00
9.273840359302392145e+00
9.413940620474862797e+00
1.152899872581516050e+01
1.240436931344408045e+01
1.419779770909191718e+01
1.493106839052504142e+01
1.494320499697129989e+01
1.538295613530193506e+01
1.628253049383645390e+01
1.653370137397408968e+01
1.908473315189532471e+01
1.968940189380256101e+01
1.948948548113426327e+01
2.054147188885439590e+01
2.068021116857421049e+01
2.459613046926013524e+01
2.595490393682106856e+01
2.629843033631296834e+01
2.490966672731964948e+01
2.468882200885568068e+01
3.093253312858853121e+01
2.543466497468263299e+01
3.308626788052578149e+01
2.430220375853999215e+01
1.838543518903468794e+04
1.717080069714723504e+04
1.057789937901401345e+02
2.470441658745387485e+02
1.794651467815493379e+04
0.000000000000000000e+00
0.000000000000000000e+00
0.000000000000000000e+00
0.000000000000000000e+00
0.000000000000000000e+00
0.000000000000000000e+00
0.000000000000000000e+00
0.000000000000000000e+00
0.000000000000000000e+00
0.000000000000000000e+00
0.000000000000000000e+00
0.000000000000000000e+00
0.000000000000000000e+00
0.000000000000000000e+00
0.000000000000000000e+00
0.000000000000000000e+00
0.000000000000000000e+00
0.000000000000000000e+00
0.000000000000000000e+00
0.000000000000000000e+00
0.000000000000000000e+00
0.000000000000000000e+00
0.000000000000000000e+00
0.000000000000000000e+00
0.000000000000000000e+00
0.000000000000000000e+00
0.000000000000000000e+00
0.000000000000000000e+00
0.000000000000000000e+00
0.000000000000000000e+00
0.000000000000000000e+00
0.000000000000000000e+00
0.000000000000000000e+00
0.000000000000000000e+00
0.000000000000000000e+00
0.000000000000000000e+00
0.000000000000000000e+00
0.000000000000000000e+00
0.000000000000000000e+00
0.000000000000000000e+00
0.000000000000000000e+00
0.000000000000000000e+00
0.000000000000000000e+00
0.000000000000000000e+00
0.000000000000000000e+00
0.000000000000000000e+00
0.000000000000000000e+00
0.000000000000000000e+00
0.000000000000000000e+00
0.000000000000000000e+00
0.000000000000000000e+00
0.000000000000000000e+00
0.000000000000000000e+00
0.000000000000000000e+00
0.000000000000000000e+00
0.000000000000000000e+00
0.000000000000000000e+00
0.000000000000000000e+00
0.000000000000000000e+00
0.000000000000000000e+00
0.000000000000000000e+00
