3.242140615193315756e-01
5.826538646050510861e-01
6.493055904789756250e-01
7.448166372675824043e-01
8.989395762164833492e-01
1.511741025565853436e+00
1.512292657014748798e+00
2.033618658204084273e+00
1.885210450294510398e+00
2.064236053103258417e+00
2.372972768533685439e+00
3.182014245368536276e+00
2.775330365441424529e+00
3.732181027288957065e+00
3.887214062347253307e+00
3.683021646026746421e+00
6.750764846686771570e+00
5.059286728634517338e+00
4.482416416117389169e+00
6.829321046341100043e+00
4.481483669885506060e+00
5.197168545682388618e+00
5.208578749113621065e+00
6.424215276584771317e+00
7.391376748341434322e+00
1.316103116359478875e+01
7.849277135834107355e+00
7.871736473393636579e+00
7.716445483866775312e+00
9.667936051778399431e+00
6.869419861864270160e+01
9.946366230342435301e+03
0.000000000000000000e+00
0.000000000000000000e+00
0.000000000000000000e+00
0.000000000000000000e+00
0.000000000000000000e+00
0.000000000000000000e+00
0.000000000000000000e+00
0.000000000000000000e+00
0.000000000000000000e+00
0.000000000000000000e+00
0.000000000000000000e+00
0.000000000000000000e+00
0.000000000000000000e+00
0.000000000000000000e+00
0.000000000000000000e+00
0.000000000000000000e+00
0.000000000000000000e+00
0.000000000000000000e+00
0.000000000000000000e+00
0.000000000000000000e+00
0.000000000000000000e+00
0.000000000000000000e+00
0.000000000000000000e+00
0.000000000000000000e+00
0.000000000000000000e+00
0.000000000000000000e+00
0.000000000000000000e+00
0.000000000000000000e+00
0.000000000000000000e+00
0.000000000000000000e+00
0.000000000000000000e+00
0.000000000000000000e+00
0.000000000000000000e+00
0.000000000000000000e+00
0.000000000000000000e+00
0.000000000000000000e+00
0.000000000000000000e+00
0.000000000000000000e+00
0.000000000000000000e+00
0.000000000000000000e+00
0.000000000000000000e+00
0.000000000000000000e+00
0.000000000000000000e+00
0.000000000000000000e+00
0.000000000000000000e+00
0.000000000000000000e+00
0.000000000000000000e+00
0.000000000000000000e+00
0.000000000000000000e+00
0.000000000000000000e+00
0.000000000000000000e+00
0.000000000000000000e+00
0.000000000000000000e+00
0.000000000000000000e+00
0.000000000000000000e+00
0.000000000000000000e+00
0.000000000000000000e+00
0.000000000000000000e+00
0.000000000000000000e+00
0.000000000000000000e+00
0.000000000000000000e+00
0.000000000000000000e+00
0.000000000000000000e+00
0.000000000000000000e+00
0.000000000000000000e+00
0.000000000000000000e+00
0.000000000000000000e+00
0.000000000000000000e+00
