4.250406256362905255e-01
3.676912974971295323e-01
5.954981771992043926e-01
7.084998274440856836e-01
5.584099543009547473e-01
1.042317925196090123e+00
9.954290995087322624e-01
1.013497234921783674e+00
1.087183820995120787e+00
2.490273028726699422e+00
2.455885330378090536e+00
2.498766561262755648e+00
1.683070051561078584e+00
8.803150195830706792e+00
2.828865589949367543e+00
2.344046711990073639e+00
2.829678105492839713e+00
2.673903294158917365e+00
3.757961724811452964e+00
5.036727265708560886e+00
3.917196998286662346e+00
4.309064760504774050e+00
3.368213338059962592e+00
4.429059446411660161e+00
3.689411419709029527e+00
4.517088531011070884e+00
5.593552485770867833e+00
3.902170960921613307e+00
9.165495145236482344e+00
8.335906698859874453e+00
7.609901437804112767e+00
7.671732790647661560e+00
6.655950096296177954e+00
6.769871955443928613e+00
1.817365343267644207e+01
7.670552973605032854e+00
1.584012680020547315e+01
1.315637942565777507e+01
1.247186440532915874e+01
1.477014012384356434e+01
1.376117901249059194e+01
1.359472536600876147e+01
9.414522133258120817e+00
1.192989035102544548e+01
1.331833263486244689e+01
2.614536841537263356e+01
3.045455502234155176e+01
1.485976358539632258e+01
1.893716463279834983e+01
2.266099822739616343e+01
1.847575644466769518e+01
1.056978476627849339e+01
1.583731922447474894e+01
1.765096478143150094e+01
2.086243801937808939e+01
1.095651345921006126e+01
1.575741630385262582e+01
1.234357889901652925e+04
1.885232381798522692e+04
8.375985441990791514e+03
1.925678705072814410e+04
1.821056258438331861e+04
0.000000000000000000e+00
0.000000000000000000e+00
0.000000000000000000e+00
0.000000000000000000e+00
6.560696927509434317e+03
6.376196727915737029e+03
0.000000000000000000e+00
0.000000000000000000e+00
0.000000000000000000e+00
0.000000000000000000e+00
0.000000000000000000e+00
0.000000000000000000e+00
0.000000000000000000e+00
0.000000000000000000e+00
0.000000000000000000e+00
0.000000000000000000e+00
0.000000000000000000e+00
0.000000000000000000e+00
0.000000000000000000e+00
0.000000000000000000e+00
0.000000000000000000e+00
0.000000000000000000e+00
0.000000000000000000e+00
0.000000000000000000e+00
0.000000000000000000e+00
0.000000000000000000e+00
0.000000000000000000e+00
0.000000000000000000e+00
0.000000000000000000e+00
0.000000000000000000e+00
0.000000000000000000e+00
0.000000000000000000e+00
0.000000000000000000e+00
0.000000000000000000e+00
0.000000000000000000e+00
0.000000000000000000e+00
0.000000000000000000e+00
0.000000000000000000e+00
