4.114917248698660157e-01
4.126298649248715256e-01
8.475359495438666846e-01
6.961193993077713360e-01
7.547030114019577240e-01
1.240669241995226768e+00
1.156377681064808094e+00
1.250996266861327255e+00
1.348651330821345029e+00
1.521785705999356475e+00
1.855904067127969848e+00
1.818831318636265681e+00
2.011272569916438435e+00
4.915195015656283140e+00
2.589021823203843997e+00
3.545975393101725714e+00
2.639106311657730242e+00
2.722117537041889079e+00
3.834674979043564136e+00
4.173588999234050689e+00
3.414841640436975467e+00
5.050386865150365168e+00
4.591248165339434806e+00
5.120077672407415292e+00
7.436730881680722050e+00
4.937122078979937712e+00
4.228586777623353221e+00
5.189636069910686267e+00
4.885235206383718776e+00
6.068169095421507286e+00
5.287303667901868565e+00
5.046594877398141499e+00
4.970853477169538515e+00
5.501773231207051751e+00
6.704503057389001874e+00
5.570185738403040432e+00
6.932069020548557781e+00
7.603067836255773315e+00
6.315576672063515140e+00
7.871397088951676224e+00
1.279287461665003356e+01
8.722732991578151740e+00
9.200828489057366610e+00
9.426142985850065159e+00
8.602488461144991660e+00
1.098804431162351314e+01
9.216893729153090575e+00
1.018309359215564136e+01
1.662406761243040521e+01
1.049813111989569059e+01
1.237116254841123641e+01
1.166947932751425476e+01
1.075610994813941090e+01
8.722013068838961658e+00
9.009391054236989049e+00
1.059348179636273635e+01
1.250358380532328262e+01
1.261948202455147872e+01
1.604379007467757035e+01
2.542361060893437497e+01
1.918267687820358702e+01
2.323577651543012834e+01
1.215918440812372481e+01
1.169236987818342932e+01
1.418062101341649850e+01
1.098313836355214868e+01
2.716955170827827715e+01
1.923575441036467382e+01
3.013673223060617445e+01
6.166579936726608935e+01
1.200936031033824634e+02
9.425032469159778259e+01
0.000000000000000000e+00
0.000000000000000000e+00
0.000000000000000000e+00
0.000000000000000000e+00
0.000000000000000000e+00
0.000000000000000000e+00
0.000000000000000000e+00
0.000000000000000000e+00
0.000000000000000000e+00
0.000000000000000000e+00
0.000000000000000000e+00
0.000000000000000000e+00
0.000000000000000000e+00
0.000000000000000000e+00
0.000000000000000000e+00
0.000000000000000000e+00
0.000000000000000000e+00
0.000000000000000000e+00
0.000000000000000000e+00
0.000000000000000000e+00
0.000000000000000000e+00
0.000000000000000000e+00
0.000000000000000000e+00
0.000000000000000000e+00
0.000000000000000000e+00
0.000000000000000000e+00
0.000000000000000000e+00
0.000000000000000000e+00
