1.106129350012498846e-01
1.636009837010723167e-01
2.232296383078861968e-01
3.134235334488252311e-01
3.862776055744083226e-01
5.385489198126717225e-01
6.323512291305682931e-01
1.299243146309932539e+00
9.279227217523108306e-01
1.172784987029397596e+00
1.194497304054576547e+00
1.025019463350854920e+00
1.303834110566760129e+00
1.473027803506603783e+00
1.515490424960093785e+00
1.736662861890391207e+00
1.701534963947266776e+00
1.902490619693594009e+00
1.951014935221309310e+00
1.910934807809725022e+00
2.236898579118178798e+00
2.278757467369151524e+00
2.204452556180173328e+00
2.955975442293234501e+00
2.544685481508684788e+00
2.526244530294836199e+00
3.302689124590580505e+00
3.483033577191664953e+00
3.412480158350237769e+00
4.412545776597983860e+00
4.253259995406551752e+00
4.533694248176835195e+00
6.068876216628906306e+00
5.502316182727735594e+00
6.878082132259949688e+00
6.211073075022034651e+00
5.019584186425955608e+00
7.477068422825184690e+00
9.087229207015164789e+00
1.094272370066086175e+01
9.922634284801338467e+00
8.939366624259330152e+00
7.052841897169089158e+00
9.066836753442673924e+00
1.059408615664934850e+01
1.186642674808113362e+01
1.238205935055225915e+01
1.039408148543682131e+01
1.024006395614854981e+01
1.233012171418257630e+01
1.290556651096619234e+01
1.168476046561413462e+01
1.189571312233546863e+01
9.489117206581697772e+00
1.013235021266548408e+01
1.052199544113669916e+01
1.312860944250741468e+01
1.176444175772340195e+01
1.266352018657072520e+01
1.276935889173535799e+01
1.224295818650822909e+01
1.116310252670914771e+01
1.391502834262214527e+01
1.434548071802249503e+01
1.480327228289087849e+01
1.466315342423180645e+01
1.506767008217110337e+01
1.696893473484294645e+01
1.578943650874670013e+01
1.766605510920580002e+01
2.160153046960055079e+01
2.048905356593090943e+01
1.918884197015978543e+01
2.027409810428463643e+01
2.035323338914049529e+01
2.035507445849413344e+01
2.390309589090366416e+01
4.874388529957473537e+01
1.127193601851416247e+02
1.036450684874435501e+04
6.023574199653387950e+03
1.381753489058808327e+03
1.398546888112657598e+03
9.314885990694941711e+02
8.125754724240855467e+02
0.000000000000000000e+00
0.000000000000000000e+00
0.000000000000000000e+00
0.000000000000000000e+00
0.000000000000000000e+00
0.000000000000000000e+00
0.000000000000000000e+00
0.000000000000000000e+00
0.000000000000000000e+00
0.000000000000000000e+00
0.000000000000000000e+00
0.000000000000000000e+00
0.000000000000000000e+00
0.000000000000000000e+00
0.000000000000000000e+00
