5.001097537124443715e-01
4.183441358933503995e-01
7.530622622756404372e-01
6.133692291887686832e-01
6.435685303643601252e-01
8.287874118889497765e-01
9.761244063886524991e-01
1.171724696526478038e+00
1.288575951758826221e+00
1.763552041882494814e+00
1.959072914419566658e+00
1.528237891851139674e+00
1.753563763005725695e+00
2.466339649468295203e+00
1.934466756559907186e+00
2.442892398067249449e+00
2.251148103934621947e+00
2.530795240309418936e+00
3.501844761737672229e+00
3.506974985281906321e+00
3.007375221205113469e+00
2.701911073588604051e+00
3.255590775980385931e+00
3.212401658126758264e+00
4.608876967699113258e+00
3.527024916751177575e+00
3.910964123238689361e+00
3.779929709343730071e+00
8.165580014363387207e+00
6.110232458920490828e+00
4.400359154227397873e+00
4.360042884807622698e+00
4.217934273315237625e+00
6.473751955683906267e+00
4.867257405848570251e+00
6.108528619990636344e+00
8.760848494115728968e+00
5.934457541714813544e+00
7.737935707739283409e+00
7.523450740748939936e+00
8.795704788582220601e+00
8.549530324856073449e+00
8.421446727219446871e+00
8.567791656513852772e+00
1.337161450130859564e+01
9.407341327404489917e+00
1.149816525241648613e+01
9.306351357677341340e+00
6.915316701236204899e+00
7.006729396970878376e+00
7.647220982753740515e+00
7.516808743428454953e+00
7.580960960054677678e+00
7.625235698683082042e+00
7.747706663765876911e+00
9.900891856349781861e+00
1.269701177400290959e+01
1.057535805868420198e+01
1.573301512821406867e+01
9.792312000515938308e+00
3.264939198689008037e+01
2.931132304110119691e+01
1.765479889631135180e+01
1.167080013668926419e+01
9.554932348637107609e+00
1.130948351719166922e+01
1.050049156680228002e+01
1.702168169501564421e+01
1.955174881660557773e+01
4.059961892972109609e+01
3.022804342982761483e+01
2.406498255679567322e+01
0.000000000000000000e+00
0.000000000000000000e+00
0.000000000000000000e+00
0.000000000000000000e+00
0.000000000000000000e+00
0.000000000000000000e+00
0.000000000000000000e+00
0.000000000000000000e+00
0.000000000000000000e+00
0.000000000000000000e+00
0.000000000000000000e+00
0.000000000000000000e+00
0.000000000000000000e+00
0.000000000000000000e+00
0.000000000000000000e+00
0.000000000000000000e+00
0.000000000000000000e+00
0.000000000000000000e+00
0.000000000000000000e+00
0.000000000000000000e+00
0.000000000000000000e+00
0.000000000000000000e+00
0.000000000000000000e+00
0.000000000000000000e+00
0.000000000000000000e+00
0.000000000000000000e+00
0.000000000000000000e+00
0.000000000000000000e+00
