2.605852088460796634e-01
5.685234148650400998e-01
8.566869371582848114e-01
1.599703212245067396e+00
1.151962265189989898e+00
1.967764991693599308e+00
1.976144225863901038e+00
2.576336916049537074e+00
5.384569395615549148e+00
2.389748228978290090e+00
3.059099559459408813e+00
3.165566733048583714e+00
3.024013315890292652e+00
3.472411622894191918e+00
5.543297388227171218e+00
4.945363623719159385e+00
5.022902695674896556e+00
1.021504107616330970e+01
6.519882990164280301e+00
4.788616800741056778e+00
6.131550474086163938e+00
5.201701803336546526e+00
6.451162030994647800e+00
6.944939141604059785e+00
6.303867938170832907e+00
7.660431647205153460e+00
1.174383508600540793e+01
1.023371726195728115e+01
8.011286419969355421e+00
9.809883336211361993e+00
8.187287248240888715e+00
1.062942261120942433e+01
1.130937649157744218e+01
9.873861758826096846e+00
3.082644257931196563e+01
1.280602797500997703e+01
2.837705437815123943e+01
1.225573007716232432e+01
1.297780264450088339e+01
1.675823515773057792e+01
1.559303916541822943e+01
1.770451084328799141e+01
1.371225224945682086e+01
1.446795993689692139e+01
1.676233406627616418e+01
1.312753827988896127e+01
2.838927173093107825e+01
1.403545287891052595e+01
1.613364004008090191e+01
1.440475093006287821e+01
1.515032834093707415e+01
1.502700437005789347e+01
1.731935193876209667e+01
1.385257458015844065e+02
1.681092985910515199e+04
4.644032880592469155e+03
1.471714353077586566e+04
1.572329396037451806e+04
5.366076931556142881e+03
0.000000000000000000e+00
0.000000000000000000e+00
7.466456156436293895e+03
7.593466171813494839e+03
8.155872068731269792e+03
0.000000000000000000e+00
0.000000000000000000e+00
0.000000000000000000e+00
0.000000000000000000e+00
0.000000000000000000e+00
0.000000000000000000e+00
0.000000000000000000e+00
0.000000000000000000e+00
0.000000000000000000e+00
0.000000000000000000e+00
0.000000000000000000e+00
0.000000000000000000e+00
0.000000000000000000e+00
0.000000000000000000e+00
0.000000000000000000e+00
0.000000000000000000e+00
0.000000000000000000e+00
0.000000000000000000e+00
0.000000000000000000e+00
0.000000000000000000e+00
0.000000000000000000e+00
0.000000000000000000e+00
0.000000000000000000e+00
0.000000000000000000e+00
0.000000000000000000e+00
0.000000000000000000e+00
0.000000000000000000e+00
0.000000000000000000e+00
0.000000000000000000e+00
0.000000000000000000e+00
0.000000000000000000e+00
0.000000000000000000e+00
0.000000000000000000e+00
0.000000000000000000e+00
0.000000000000000000e+00
0.000000000000000000e+00
