2.336599082847613806e-01
5.238611884409118957e-01
7.500024804137324086e-01
1.388952195328458261e+00
1.118800075663340499e+00
1.808011912603146865e+00
1.752771574186531511e+00
1.958580577814070134e+00
2.101745080438051971e+00
2.286503294503124728e+00
2.734775002755855056e+00
4.393116798547610280e+00
3.549329228528407043e+00
4.860567345072946743e+00
4.481693272830345798e+00
4.184486658773270307e+00
4.078670598914912127e+00
4.479860423371578193e+00
4.398562296541557615e+00
4.853743915564961320e+00
6.299854694747135220e+00
5.625066680277436504e+00
5.524190954055477221e+00
5.691006159787062479e+00
5.913839282627041172e+00
5.961000031181074021e+00
6.239315861170923405e+00
7.106043005032129045e+00
7.261408346996642393e+00
8.646447626620886950e+00
8.210314844295956149e+00
9.279585936447993788e+00
9.076276212874835991e+00
8.134350910614003283e+00
1.025421069681457276e+01
9.362230576597367460e+00
1.257289079911074126e+01
9.019669492195463434e+00
1.121497084501826080e+01
1.397663990655602895e+01
1.170746907734279318e+01
9.980522633286051715e+00
1.146117297463013784e+01
1.448212866282200473e+01
1.552049940293341912e+01
1.395457082077571087e+01
1.398589541332378694e+01
1.240266718588613237e+01
1.257109629288010844e+01
1.229190998158621539e+01
1.342042039164521583e+01
1.396015284841961090e+01
1.291694739892105659e+01
1.540013054984885521e+01
3.906219729035709776e+01
1.227582348256948563e+02
9.461907384149087363e+01
1.265736852951626901e+02
1.479508364066192735e+04
1.305408535725438742e+04
6.686070488540872248e+03
2.161470152035490537e+04
6.016591572620612283e+01
1.782538903730065431e+04
1.010746639797837088e+04
8.325843897582326463e+03
5.647911956027111046e+03
0.000000000000000000e+00
0.000000000000000000e+00
0.000000000000000000e+00
0.000000000000000000e+00
0.000000000000000000e+00
0.000000000000000000e+00
0.000000000000000000e+00
0.000000000000000000e+00
0.000000000000000000e+00
0.000000000000000000e+00
0.000000000000000000e+00
0.000000000000000000e+00
0.000000000000000000e+00
0.000000000000000000e+00
0.000000000000000000e+00
0.000000000000000000e+00
0.000000000000000000e+00
0.000000000000000000e+00
0.000000000000000000e+00
0.000000000000000000e+00
0.000000000000000000e+00
0.000000000000000000e+00
0.000000000000000000e+00
0.000000000000000000e+00
0.000000000000000000e+00
0.000000000000000000e+00
0.000000000000000000e+00
0.000000000000000000e+00
0.000000000000000000e+00
0.000000000000000000e+00
0.000000000000000000e+00
0.000000000000000000e+00
0.000000000000000000e+00
