1.905602902922262087e-01
3.582701644610674085e-01
5.566347816337365861e-01
8.330123895342556040e-01
7.702338254895353398e-01
9.877914176579039029e-01
1.273948391318008966e+00
1.169641892028248531e+00
1.302902238064339135e+00
1.482705528148188012e+00
2.141277283252052577e+00
2.543684548007071555e+00
1.857573555591961245e+00
2.163025476492519861e+00
3.862668613197277168e+00
2.479084051759616436e+00
2.664894326181901807e+00
3.114556512609580441e+00
3.313752796920724997e+00
3.411598007915789044e+00
3.489666121023484280e+00
3.648791777440759443e+00
5.180148546370514140e+00
3.973551586744116015e+00
3.792156225571330364e+00
4.078265499105573788e+00
4.991341777390380763e+00
6.127017697550202868e+00
7.358103318751916255e+00
8.450154827351701314e+00
5.003013647536826092e+00
5.480248625614376756e+00
6.316512398538377759e+00
1.004605184228343973e+01
5.497927784670229912e+00
6.318205519089833189e+00
6.617097636336430888e+00
7.849620631151069894e+00
8.739408003812096482e+00
6.820063636929999618e+00
6.625974661317782122e+00
6.923519004458293935e+00
7.426381664009026551e+00
7.670878115371928985e+00
7.980825331682658508e+00
7.676759356498235043e+00
8.371249751477938261e+00
1.280095757380685484e+01
9.096765791636093113e+00
9.333392450016438247e+00
1.002232844836205850e+01
1.019448577934793931e+01
1.326795619490680522e+01
1.428306851701930213e+01
1.093522211867577631e+01
1.208560481512206053e+01
1.237962314735512237e+01
1.446085489711197525e+01
1.470090066942829488e+01
1.667718522747115628e+01
1.177789212204408464e+01
1.059228845782709705e+01
1.586630780680967945e+01
1.661366407592255001e+01
2.032717122440078228e+01
2.304657815345460037e+01
2.476938366460257157e+01
1.899092882819064343e+01
0.000000000000000000e+00
0.000000000000000000e+00
0.000000000000000000e+00
0.000000000000000000e+00
0.000000000000000000e+00
0.000000000000000000e+00
0.000000000000000000e+00
0.000000000000000000e+00
0.000000000000000000e+00
0.000000000000000000e+00
0.000000000000000000e+00
0.000000000000000000e+00
0.000000000000000000e+00
0.000000000000000000e+00
0.000000000000000000e+00
0.000000000000000000e+00
0.000000000000000000e+00
0.000000000000000000e+00
0.000000000000000000e+00
0.000000000000000000e+00
0.000000000000000000e+00
0.000000000000000000e+00
0.000000000000000000e+00
0.000000000000000000e+00
0.000000000000000000e+00
0.000000000000000000e+00
0.000000000000000000e+00
0.000000000000000000e+00
0.000000000000000000e+00
0.000000000000000000e+00
0.000000000000000000e+00
0.000000000000000000e+00
