4.768556684937607648e-01
2.319482585149439835e+00
1.454561814950276366e+00
2.548112617939508162e+00
3.331593133537170015e+00
8.011625587596066467e+00
6.131260074580908714e+00
5.865225225912925389e+00
5.530635251718292622e+00
6.292897304237662581e+00
1.231607012863332251e+01
1.368687730272983316e+01
1.149739534558648835e+01
1.268768061817229054e+01
4.256364700718446414e+01
1.870815718536308836e+01
1.392133186229867192e+01
1.183724451114219711e+01
1.686269235035364389e+01
1.952683551227649517e+01
1.210944122118360333e+01
2.748451153953516624e+01
1.652227353350988892e+01
2.381889356546167136e+01
4.164199093069682789e+01
3.398501606441078593e+01
4.095089933294779172e+01
9.041694612075063731e+01
2.900313384762101521e+01
1.061668976680283413e+04
7.086711045410700649e+01
3.497118463533395527e+01
1.149251523767148319e+04
8.995786221138143446e+03
1.123755565525155544e+04
9.608976997934483734e+03
1.282783940560292285e+04
1.409719517375840041e+04
1.446508701889015356e+04
1.470967477010724724e+04
7.568737825836125012e+03
1.279491091176671762e+04
1.114951054983105860e+04
8.897178823165144422e+03
9.529466047466070449e+03
0.000000000000000000e+00
6.408184056628588223e+03
1.075139743132772310e+04
1.294234144270384058e+04
6.080339769532388345e+03
0.000000000000000000e+00
0.000000000000000000e+00
0.000000000000000000e+00
1.437574124975336053e+04
1.503388836844892830e+04
0.000000000000000000e+00
0.000000000000000000e+00
0.000000000000000000e+00
0.000000000000000000e+00
8.899398040280822897e+03
6.531034237269308505e+03
0.000000000000000000e+00
0.000000000000000000e+00
0.000000000000000000e+00
0.000000000000000000e+00
0.000000000000000000e+00
0.000000000000000000e+00
0.000000000000000000e+00
0.000000000000000000e+00
0.000000000000000000e+00
0.000000000000000000e+00
0.000000000000000000e+00
0.000000000000000000e+00
0.000000000000000000e+00
0.000000000000000000e+00
0.000000000000000000e+00
0.000000000000000000e+00
0.000000000000000000e+00
0.000000000000000000e+00
0.000000000000000000e+00
0.000000000000000000e+00
0.000000000000000000e+00
0.000000000000000000e+00
0.000000000000000000e+00
0.000000000000000000e+00
0.000000000000000000e+00
0.000000000000000000e+00
0.000000000000000000e+00
0.000000000000000000e+00
0.000000000000000000e+00
0.000000000000000000e+00
0.000000000000000000e+00
0.000000000000000000e+00
0.000000000000000000e+00
0.000000000000000000e+00
0.000000000000000000e+00
0.000000000000000000e+00
0.000000000000000000e+00
0.000000000000000000e+00
0.000000000000000000e+00
