1.710155658451321392e-01
6.150880322714010751e-01
5.661318240234900490e-01
6.016830013252638665e-01
7.313593310734991526e-01
7.676276809985813632e-01
1.239532474057600586e+00
1.894913875941013126e+00
2.405577682175576548e+00
5.485498262382946244e+00
3.366157828764344107e+00
3.742723120142018356e+00
4.086274052727896233e+00
6.076270246334805059e+00
5.471328990587762675e+00
3.102850681752076678e+00
3.650233011708282405e+00
5.731281778506239100e+00
5.292058692592230607e+00
3.732916075970349468e+00
5.014284266049208405e+00
1.139763444852668606e+01
4.645446363400162149e+00
5.117299601080714133e+00
1.006639005021475519e+01
1.116700839876969198e+01
1.512292836316906097e+01
7.078448400672283647e+00
7.940663623055454146e+00
7.417521391592332591e+00
7.551649090129205710e+00
1.012348199806247884e+01
2.232934520532400313e+01
2.228752637621303734e+01
1.111821315463223669e+01
9.558965401080211421e+00
9.121516731027369929e+00
9.267534112908206723e+00
9.417282899205472901e+00
1.281519518945559888e+01
1.241331621554769882e+01
1.910867623599503773e+01
1.290460734417983346e+01
1.727076750359895740e+01
1.873501730372489860e+01
1.117683049468443279e+01
1.094855926094706433e+01
1.133236560712065710e+01
1.217785306111013099e+01
1.744099861538057894e+01
1.199601088812828209e+02
1.207116116928753399e+04
0.000000000000000000e+00
1.832562533461468047e+04
1.894061026395108274e+04
0.000000000000000000e+00
0.000000000000000000e+00
7.851414588876043126e+03
9.708225351533650610e+03
0.000000000000000000e+00
8.109495116579313617e+03
0.000000000000000000e+00
0.000000000000000000e+00
0.000000000000000000e+00
0.000000000000000000e+00
0.000000000000000000e+00
0.000000000000000000e+00
0.000000000000000000e+00
0.000000000000000000e+00
0.000000000000000000e+00
0.000000000000000000e+00
0.000000000000000000e+00
0.000000000000000000e+00
0.000000000000000000e+00
0.000000000000000000e+00
0.000000000000000000e+00
0.000000000000000000e+00
0.000000000000000000e+00
0.000000000000000000e+00
0.000000000000000000e+00
0.000000000000000000e+00
0.000000000000000000e+00
0.000000000000000000e+00
0.000000000000000000e+00
0.000000000000000000e+00
0.000000000000000000e+00
0.000000000000000000e+00
0.000000000000000000e+00
0.000000000000000000e+00
0.000000000000000000e+00
0.000000000000000000e+00
0.000000000000000000e+00
0.000000000000000000e+00
0.000000000000000000e+00
0.000000000000000000e+00
0.000000000000000000e+00
0.000000000000000000e+00
0.000000000000000000e+00
0.000000000000000000e+00
0.000000000000000000e+00
