2.121959327222388836e-01
5.632108964732704948e-01
6.055225711953576839e-01
8.104928552984218548e-01
9.399054577893679596e-01
1.195465595161578243e+00
1.411707044377323639e+00
1.813914724368733911e+00
2.145430179400043436e+00
2.707982270570294503e+00
2.405576021293381661e+00
2.887500698655367071e+00
3.259576619915236506e+00
6.581798894434389702e+00
4.216581747103202993e+00
6.374377408872759609e+00
5.119838841250260231e+00
7.080600457134012871e+00
4.280196000738624384e+00
5.825467277896030360e+00
4.407470593092427613e+00
7.210697179458771089e+00
1.188021756489831837e+01
5.696243658200164539e+00
6.765837881033782253e+00
5.768268979929477069e+00
7.379952859289105938e+00
7.255929480207935711e+00
6.724040392067424321e+00
6.469863893430662927e+00
9.974515416366628529e+00
9.904045364670878371e+00
1.164835052007263450e+01
7.830770220678773264e+00
7.737587796517736649e+00
8.466207445796706921e+00
9.266833703441864856e+00
9.358656777437294849e+00
1.201060819146791125e+01
1.062331737271652798e+01
1.116803876438469878e+01
1.481894663694091463e+01
1.171718847263469598e+01
1.141356450470103923e+01
1.280402268045734004e+01
1.117990869568193801e+01
1.255526822440612911e+01
1.374630218692490580e+01
1.448313913879775505e+01
1.297439392867826236e+01
2.427500072148664501e+01
3.180374516607465551e+01
2.345843447554155503e+01
8.656336108420759956e+01
4.240735347532005761e+01
2.052293115719966227e+04
1.728926600096248876e+04
2.154786915908380251e+04
2.078703564775019430e+01
3.940830433817125567e+01
2.016429040182270182e+04
1.514507568242271373e+04
1.693408667544199488e+04
7.228403561155312673e+03
0.000000000000000000e+00
0.000000000000000000e+00
0.000000000000000000e+00
0.000000000000000000e+00
0.000000000000000000e+00
0.000000000000000000e+00
0.000000000000000000e+00
0.000000000000000000e+00
0.000000000000000000e+00
0.000000000000000000e+00
0.000000000000000000e+00
0.000000000000000000e+00
0.000000000000000000e+00
0.000000000000000000e+00
0.000000000000000000e+00
0.000000000000000000e+00
0.000000000000000000e+00
0.000000000000000000e+00
0.000000000000000000e+00
0.000000000000000000e+00
0.000000000000000000e+00
0.000000000000000000e+00
0.000000000000000000e+00
0.000000000000000000e+00
0.000000000000000000e+00
0.000000000000000000e+00
0.000000000000000000e+00
0.000000000000000000e+00
0.000000000000000000e+00
0.000000000000000000e+00
0.000000000000000000e+00
0.000000000000000000e+00
0.000000000000000000e+00
0.000000000000000000e+00
0.000000000000000000e+00
0.000000000000000000e+00
