3.132468038610572991e-01
7.617396754899541378e-01
8.069503724811509793e-01
1.034053980131330652e+00
1.282817949287008208e+00
1.577355053018642428e+00
2.115068110918103539e+00
3.717437513003055916e+00
2.609788559672365338e+00
3.478227413610817553e+00
3.242175531921118736e+00
3.445577579071239072e+00
3.921727451334395376e+00
4.453298773196133098e+00
4.320100700490943524e+00
4.824307832436605992e+00
4.852520763294382533e+00
4.675771516988108445e+00
5.915710906629904287e+00
6.575735708486148745e+00
5.804417554052718309e+00
6.562251233616030355e+00
7.515842403159585849e+00
8.348541437211943972e+00
1.040354215696655160e+01
7.063762413891228498e+00
8.561412883657961714e+00
7.884525099470723219e+00
9.212198831333518356e+00
8.943874670743047872e+00
9.025263428215575701e+00
1.022601081924844380e+01
1.312532758971124380e+01
9.388679047182479920e+00
9.986471902260667832e+00
1.017144738148219396e+01
9.840770367250158301e+00
1.082079961086304642e+01
1.046137006915732925e+01
1.259590971993507225e+01
1.475203016579547644e+01
1.183734309113558147e+01
1.216227601191599561e+01
1.447574021581712778e+01
1.422625558719274430e+01
1.426444804744503081e+01
1.928997643002163187e+01
2.484202500263562285e+01
2.009918406984644079e+01
2.564573689867490458e+01
1.736413566776820261e+01
1.653279635083911003e+01
2.783611497665853562e+01
2.805063166202094393e+01
3.780339301330167245e+01
2.449275734508313107e+01
2.431221681999534212e+01
3.296296202698233913e+01
2.722541833933896172e+01
4.589229519313609984e+01
3.591343810976191264e+01
5.928196197097039999e+01
4.220685375007817441e+01
3.868197694494133287e+01
0.000000000000000000e+00
0.000000000000000000e+00
0.000000000000000000e+00
0.000000000000000000e+00
0.000000000000000000e+00
0.000000000000000000e+00
0.000000000000000000e+00
0.000000000000000000e+00
0.000000000000000000e+00
0.000000000000000000e+00
0.000000000000000000e+00
0.000000000000000000e+00
0.000000000000000000e+00
0.000000000000000000e+00
0.000000000000000000e+00
0.000000000000000000e+00
0.000000000000000000e+00
0.000000000000000000e+00
0.000000000000000000e+00
0.000000000000000000e+00
0.000000000000000000e+00
0.000000000000000000e+00
0.000000000000000000e+00
0.000000000000000000e+00
0.000000000000000000e+00
0.000000000000000000e+00
0.000000000000000000e+00
0.000000000000000000e+00
0.000000000000000000e+00
0.000000000000000000e+00
0.000000000000000000e+00
0.000000000000000000e+00
0.000000000000000000e+00
0.000000000000000000e+00
0.000000000000000000e+00
0.000000000000000000e+00
