8.686769687703538301e-01
5.822772337029120671e-01
8.908460869704579732e-01
4.026325017061326506e+00
2.148216274882774446e+00
2.017881989028790013e+00
2.884641342445099177e+00
4.734473373058686541e+00
3.752381976599178603e+00
3.301033509914429231e+00
4.345706194112109344e+00
4.645899614111857368e+00
4.485956837714683232e+00
4.817643989441795505e+00
9.041869773049944214e+00
8.183002285987017288e+00
8.360482588528466152e+00
7.888497677846952882e+00
7.812045269866501940e+00
1.066314007035243350e+01
9.260398811978225453e+00
1.724912202860392796e+01
9.552169024230092731e+00
7.566916369688621913e+00
8.223361128512628682e+00
1.207184947552842225e+01
1.440275963780825563e+01
1.137857808693518535e+01
1.193141245950115703e+01
3.078585769496950419e+01
2.558605381668922973e+01
3.577531307641433500e+01
3.862205914581635113e+01
1.385306975514560612e+01
1.831697655515321443e+01
2.734183578871743947e+01
3.925770606871110147e+01
1.910499481480871964e+01
3.286374946793306151e+01
3.346024302159136710e+01
3.326179868321485600e+01
3.037837133022354763e+01
3.632966941762834523e+01
2.551414239794077332e+01
2.414759616283412669e+01
2.330589300531519825e+01
2.963141094540437237e+01
2.204030684264811555e+02
9.420817661015176782e+03
4.678752718437935073e+03
1.694954716658061079e+04
1.542528933595108174e+04
5.153004292014268685e+03
0.000000000000000000e+00
7.491587855734400364e+03
7.939774895766721784e+03
0.000000000000000000e+00
0.000000000000000000e+00
0.000000000000000000e+00
0.000000000000000000e+00
0.000000000000000000e+00
0.000000000000000000e+00
0.000000000000000000e+00
0.000000000000000000e+00
0.000000000000000000e+00
0.000000000000000000e+00
0.000000000000000000e+00
0.000000000000000000e+00
0.000000000000000000e+00
0.000000000000000000e+00
0.000000000000000000e+00
0.000000000000000000e+00
0.000000000000000000e+00
0.000000000000000000e+00
0.000000000000000000e+00
0.000000000000000000e+00
0.000000000000000000e+00
0.000000000000000000e+00
0.000000000000000000e+00
0.000000000000000000e+00
0.000000000000000000e+00
0.000000000000000000e+00
0.000000000000000000e+00
0.000000000000000000e+00
0.000000000000000000e+00
0.000000000000000000e+00
0.000000000000000000e+00
0.000000000000000000e+00
0.000000000000000000e+00
0.000000000000000000e+00
0.000000000000000000e+00
0.000000000000000000e+00
0.000000000000000000e+00
0.000000000000000000e+00
0.000000000000000000e+00
0.000000000000000000e+00
0.000000000000000000e+00
0.000000000000000000e+00
0.000000000000000000e+00
0.000000000000000000e+00
