1.715596597749920182e-01
2.787586994789807981e-01
4.081582218387327932e-01
5.118949002388442082e-01
6.802380365476252688e-01
7.823055570255946778e-01
9.993156748186551308e-01
1.161121868852952765e+00
1.223690644204637801e+00
1.702914384559348848e+00
1.914931220863542283e+00
2.151196426106292581e+00
1.786220268224502306e+00
2.008177825690779628e+00
2.371773985185700706e+00
2.496154546329306001e+00
2.374406575422133070e+00
2.539336963638253675e+00
2.825686072905831736e+00
2.881501347961468174e+00
3.192804305250311891e+00
3.421563332211184250e+00
3.347010755535005710e+00
4.573995157104121745e+00
3.597671134743064769e+00
3.693409926641896934e+00
3.645858643459283677e+00
4.174224828487025363e+00
4.305389368503255376e+00
4.624219161584486315e+00
5.310596183529642467e+00
5.210865485757116389e+00
5.107589188018197390e+00
5.955739646080172811e+00
6.178482977266883225e+00
6.830136441195363339e+00
6.179822992207059329e+00
6.053820922089812484e+00
6.391944416190433742e+00
6.465557376076503715e+00
6.214915947978721711e+00
6.625552117428046728e+00
6.570744187441399653e+00
6.923813340411299144e+00
8.336076683803462117e+00
9.884516972303936555e+00
9.076387623920936676e+00
8.813229986012588668e+00
9.289850259023983980e+00
8.197801291898256792e+00
8.379467024185791146e+00
9.608550855765082943e+00
9.330876629357046426e+00
9.311264721852769100e+00
9.856971974077337606e+00
9.944893952341837817e+00
1.282072425907602842e+01
1.097334199023189250e+01
1.098975157912864375e+01
1.165034715562772760e+01
1.023929896218315250e+01
1.037724360793445655e+01
1.170522160255761790e+01
1.059462374889716152e+01
1.173828504486922952e+01
1.139244690527691972e+01
1.210756585275670183e+01
1.219184044629089492e+01
1.314909795530043191e+01
1.412616190632543933e+01
1.223808898965556224e+01
1.380935908432269876e+01
1.443604213487868115e+01
1.362641905632466433e+01
1.318209415686319907e+01
1.528117448081256491e+01
1.714589479394807370e+01
1.695093664782464771e+01
1.894613805014032692e+01
4.007549977990566248e+01
5.430512199401414364e+01
1.608426814511096552e+02
1.204684260215798531e+03
0.000000000000000000e+00
0.000000000000000000e+00
0.000000000000000000e+00
0.000000000000000000e+00
0.000000000000000000e+00
0.000000000000000000e+00
0.000000000000000000e+00
0.000000000000000000e+00
0.000000000000000000e+00
0.000000000000000000e+00
0.000000000000000000e+00
0.000000000000000000e+00
0.000000000000000000e+00
0.000000000000000000e+00
0.000000000000000000e+00
0.000000000000000000e+00
0.000000000000000000e+00
