8.508498837979019402e-01
4.200620697707170281e-01
6.474388316240200503e-01
1.826739218793165698e+00
1.981940201122964540e+00
1.761706289353724308e+00
2.998498002950837904e+00
3.755302891287426448e+00
2.677116689895210122e+00
2.414892200969218194e+00
3.044122758518813310e+00
3.229493909135908947e+00
3.928256861987373671e+00
6.283573016507549625e+00
1.182519519377047601e+01
7.347993043990578954e+00
6.162653184951200735e+00
4.697719069563979666e+00
5.278803590934647794e+00
5.148017127158432515e+00
7.510696585891127874e+00
6.977467541658937122e+00
7.704920285787506984e+00
6.704501132096844174e+00
7.750718294342530790e+00
7.130949502576869214e+00
9.393797292463105464e+00
9.280877604830731542e+00
1.135548643155964577e+01
1.406958620187067943e+01
3.326789618360908207e+01
1.353842943363396145e+01
1.595135589904473150e+01
1.028490022187473052e+01
3.298448799188566483e+01
1.921879788341810169e+01
1.570117846459698363e+01
1.619569806455347205e+01
1.728597315148251568e+01
1.524472790894795082e+01
2.604960429557196022e+01
4.634444937133680043e+01
2.102923274393019781e+01
2.838271813588905346e+01
1.718516177295010650e+01
1.646253581287154333e+01
2.084540886411343408e+01
3.674834108204502314e+01
1.827287894650937596e+04
1.543196715781809689e+04
2.011950331348219333e+04
1.976768787694877028e+04
0.000000000000000000e+00
0.000000000000000000e+00
9.357975706112638363e+03
2.046838130866952633e+04
8.736744509197760635e+03
0.000000000000000000e+00
0.000000000000000000e+00
0.000000000000000000e+00
0.000000000000000000e+00
0.000000000000000000e+00
0.000000000000000000e+00
0.000000000000000000e+00
0.000000000000000000e+00
0.000000000000000000e+00
0.000000000000000000e+00
0.000000000000000000e+00
0.000000000000000000e+00
0.000000000000000000e+00
0.000000000000000000e+00
0.000000000000000000e+00
0.000000000000000000e+00
0.000000000000000000e+00
0.000000000000000000e+00
0.000000000000000000e+00
0.000000000000000000e+00
0.000000000000000000e+00
0.000000000000000000e+00
0.000000000000000000e+00
0.000000000000000000e+00
0.000000000000000000e+00
0.000000000000000000e+00
0.000000000000000000e+00
0.000000000000000000e+00
0.000000000000000000e+00
0.000000000000000000e+00
0.000000000000000000e+00
0.000000000000000000e+00
0.000000000000000000e+00
0.000000000000000000e+00
0.000000000000000000e+00
0.000000000000000000e+00
0.000000000000000000e+00
0.000000000000000000e+00
0.000000000000000000e+00
0.000000000000000000e+00
0.000000000000000000e+00
0.000000000000000000e+00
0.000000000000000000e+00
