5.832563631995884013e-01
6.207336646285487314e-01
8.990854231414114883e-01
1.201499389548452035e+00
1.646595320367972626e+00
1.851278084853747341e+00
2.109207924200051654e+00
2.282072347543492974e+00
2.643032352434283361e+00
3.028999151950412916e+00
3.859259628836775313e+00
3.633508796785431816e+00
4.762072101648912259e+00
5.420189893884474586e+00
5.470908650417271701e+00
4.823666011984244051e+00
6.511982790039819946e+00
5.520359406117951728e+00
5.667041717287178315e+00
6.154797797218692246e+00
5.953789300565336617e+00
7.159464333219904830e+00
8.365884435728659696e+00
7.029601948104233777e+00
8.140156519944207858e+00
8.218454290575154531e+00
9.037319699436297427e+00
8.640376412174662235e+00
8.910902176427363486e+00
1.070875813743675309e+01
1.112352521554978324e+01
1.178039718127126712e+01
9.288360771551287698e+00
1.068478200450909554e+01
9.967810894399603328e+00
1.111454911938193213e+01
1.093996179689560577e+01
1.222911019364092056e+01
1.215717166956412321e+01
1.266074817745554704e+01
1.305235531190794518e+01
1.729880093655672368e+01
1.391630766522691864e+01
1.403768905636522923e+01
1.456879298299202752e+01
1.411878957867695839e+01
1.412545792877108752e+01
1.599696831515587014e+01
1.683630085529159359e+01
1.674106888860516662e+01
2.497222417162176100e+01
2.767386860228523560e+01
2.647100928402621989e+01
1.498714336817420474e+02
2.926033934849091978e+01
2.060834565101334803e+01
2.733752645789243374e+01
2.272521804058223279e+04
2.239355166116373221e+04
5.927247013352370431e+01
0.000000000000000000e+00
0.000000000000000000e+00
0.000000000000000000e+00
0.000000000000000000e+00
0.000000000000000000e+00
0.000000000000000000e+00
0.000000000000000000e+00
0.000000000000000000e+00
0.000000000000000000e+00
0.000000000000000000e+00
0.000000000000000000e+00
0.000000000000000000e+00
0.000000000000000000e+00
0.000000000000000000e+00
0.000000000000000000e+00
0.000000000000000000e+00
0.000000000000000000e+00
0.000000000000000000e+00
0.000000000000000000e+00
0.000000000000000000e+00
0.000000000000000000e+00
0.000000000000000000e+00
0.000000000000000000e+00
0.000000000000000000e+00
0.000000000000000000e+00
0.000000000000000000e+00
0.000000000000000000e+00
0.000000000000000000e+00
0.000000000000000000e+00
0.000000000000000000e+00
0.000000000000000000e+00
0.000000000000000000e+00
0.000000000000000000e+00
0.000000000000000000e+00
0.000000000000000000e+00
0.000000000000000000e+00
0.000000000000000000e+00
0.000000000000000000e+00
0.000000000000000000e+00
0.000000000000000000e+00
