4.964392812465222571e-01
4.551144663385898737e-01
6.155463855919334204e-01
8.134774428196922536e-01
1.136912686804797401e+00
1.423446846977640678e+00
1.597113975585347845e+00
1.752435845379756607e+00
2.004029548422701090e+00
2.160148571736763223e+00
2.639310542373217050e+00
2.715070841788034706e+00
3.218102785830052603e+00
3.448085415259281028e+00
4.491736532270211413e+00
3.793367068796497321e+00
3.990909010376055832e+00
4.122832516305554584e+00
4.232982706456198230e+00
5.428604637873528205e+00
5.463152843282789384e+00
6.833089020101254185e+00
6.356717806880558541e+00
6.436429817777441720e+00
5.927610187892187632e+00
5.986731989957080557e+00
6.302667945953873030e+00
6.996837723050012947e+00
6.729930477195157579e+00
7.217458731247440085e+00
7.772655759721739166e+00
1.007406743697271878e+01
7.502129006768728736e+00
7.071442170660087179e+00
7.982035273776706852e+00
8.710541240841598309e+00
9.359646588358470964e+00
1.206943339609796517e+01
1.221431421299321940e+01
9.813853526288939477e+00
1.127254368266429019e+01
1.073758680656036901e+01
1.067037208362935985e+01
1.170095931142440193e+01
1.126821132086451804e+01
1.076203771390203734e+01
1.252199556870569452e+01
1.160634121224153681e+01
1.324627134981508014e+01
1.689897512514157185e+01
1.275863979390122793e+01
1.558304328881960643e+01
2.033759605722695341e+01
2.018207642287263681e+01
2.099152256597277244e+01
1.916114222367665221e+01
1.921260205556458800e+01
2.443795585314789420e+01
3.417236253753801378e+01
2.239387727076924861e+01
0.000000000000000000e+00
0.000000000000000000e+00
0.000000000000000000e+00
0.000000000000000000e+00
0.000000000000000000e+00
0.000000000000000000e+00
0.000000000000000000e+00
0.000000000000000000e+00
0.000000000000000000e+00
0.000000000000000000e+00
0.000000000000000000e+00
0.000000000000000000e+00
0.000000000000000000e+00
0.000000000000000000e+00
0.000000000000000000e+00
0.000000000000000000e+00
0.000000000000000000e+00
0.000000000000000000e+00
0.000000000000000000e+00
0.000000000000000000e+00
0.000000000000000000e+00
0.000000000000000000e+00
0.000000000000000000e+00
0.000000000000000000e+00
0.000000000000000000e+00
0.000000000000000000e+00
0.000000000000000000e+00
0.000000000000000000e+00
0.000000000000000000e+00
0.000000000000000000e+00
0.000000000000000000e+00
0.000000000000000000e+00
0.000000000000000000e+00
0.000000000000000000e+00
0.000000000000000000e+00
0.000000000000000000e+00
0.000000000000000000e+00
0.000000000000000000e+00
0.000000000000000000e+00
0.000000000000000000e+00
