5.848295131229176436e-01
1.110961827092135312e+00
1.797006461826898605e+00
2.484369142383127116e+00
4.386607815241489128e+00
1.076199337647977750e+01
8.135117037666399042e+00
4.739094786940210469e+00
7.857391609244094077e+00
9.301193600541120432e+00
1.207201621114730727e+01
1.425418813465072709e+01
9.666341324709581073e+00
1.453831276256133975e+01
1.973239673206741074e+01
1.025669690122800759e+01
1.385587274972459326e+01
1.165898839893533889e+01
1.203269670583566153e+01
2.496822800710463497e+01
1.668547615209508805e+01
1.821506696642245515e+01
2.690696106760810835e+01
2.217730439446789603e+01
8.521579914919713872e+01
4.399969699676181989e+01
2.713032665061320614e+01
3.369665668182859264e+01
7.829436950915727778e+01
1.125635168410070219e+04
6.605235270478871712e+01
1.887965211364147251e+02
7.368849045623119309e+01
1.823642287416929548e+02
4.353658912145664317e+01
1.493537913351063071e+04
1.412449239295068219e+04
1.796122804967178865e+02
5.542512846905377444e+01
1.654697036001087690e+04
1.332636429159072941e+04
2.062435996362063690e+02
1.909192147890506988e+02
1.765261842524693202e+04
7.975836191648665590e+03
0.000000000000000000e+00
5.800787235800085000e+03
1.273013907702182587e+04
1.549576365293026538e+04
0.000000000000000000e+00
0.000000000000000000e+00
0.000000000000000000e+00
9.740594928099371828e+03
6.465602340457348873e+03
0.000000000000000000e+00
0.000000000000000000e+00
0.000000000000000000e+00
0.000000000000000000e+00
0.000000000000000000e+00
0.000000000000000000e+00
0.000000000000000000e+00
0.000000000000000000e+00
0.000000000000000000e+00
0.000000000000000000e+00
0.000000000000000000e+00
0.000000000000000000e+00
0.000000000000000000e+00
0.000000000000000000e+00
0.000000000000000000e+00
0.000000000000000000e+00
0.000000000000000000e+00
0.000000000000000000e+00
0.000000000000000000e+00
0.000000000000000000e+00
0.000000000000000000e+00
0.000000000000000000e+00
0.000000000000000000e+00
0.000000000000000000e+00
0.000000000000000000e+00
0.000000000000000000e+00
0.000000000000000000e+00
0.000000000000000000e+00
0.000000000000000000e+00
0.000000000000000000e+00
0.000000000000000000e+00
0.000000000000000000e+00
0.000000000000000000e+00
0.000000000000000000e+00
0.000000000000000000e+00
0.000000000000000000e+00
0.000000000000000000e+00
0.000000000000000000e+00
0.000000000000000000e+00
0.000000000000000000e+00
0.000000000000000000e+00
0.000000000000000000e+00
0.000000000000000000e+00
0.000000000000000000e+00
0.000000000000000000e+00
0.000000000000000000e+00
