3.651323914343300170e-01
6.907001927639965233e-01
1.034814784487755546e+00
1.436452842938569452e+00
1.940125698004309784e+00
2.485013085487304263e+00
2.779541695532527612e+00
3.549458763389790494e+00
4.941422792835418853e+00
3.822709696439494653e+00
3.990212705358728407e+00
8.711382438549891916e+00
5.140320187350169157e+00
8.463316120515626650e+00
7.108934427201249129e+00
6.426351298827471581e+00
7.564425343567641846e+00
7.792890836800541621e+00
8.282818637711544696e+00
9.420488846981413644e+00
9.833080343298716386e+00
9.712114879488490615e+00
1.112368199139400637e+01
1.218900818558799948e+01
1.268534943563268946e+01
1.425549510457751978e+01
1.029082213578095484e+01
1.277394942637867103e+01
1.943544996162178862e+01
1.651446706754667559e+01
1.624816844916102099e+01
1.450485715135361531e+01
1.767128360283698285e+01
1.501171780052950311e+01
1.556711733451271940e+01
2.604228212072388260e+01
1.647910421359043198e+01
3.908384561298181836e+01
1.780682019558777540e+01
2.076421188863914935e+01
2.787941439294813151e+01
1.750883507708221032e+01
1.808549074557446801e+01
2.040579883946711703e+01
2.360226322963176315e+01
1.871928160204545202e+04
1.826702501652239152e+04
2.672534752830259777e+02
2.755301336895140025e+02
6.756410425924038464e+03
0.000000000000000000e+00
1.048264532953070193e+04
1.629988215591224798e+04
1.012759421863769057e+04
0.000000000000000000e+00
0.000000000000000000e+00
0.000000000000000000e+00
0.000000000000000000e+00
0.000000000000000000e+00
0.000000000000000000e+00
0.000000000000000000e+00
0.000000000000000000e+00
0.000000000000000000e+00
0.000000000000000000e+00
0.000000000000000000e+00
0.000000000000000000e+00
0.000000000000000000e+00
0.000000000000000000e+00
0.000000000000000000e+00
0.000000000000000000e+00
0.000000000000000000e+00
0.000000000000000000e+00
0.000000000000000000e+00
0.000000000000000000e+00
0.000000000000000000e+00
0.000000000000000000e+00
0.000000000000000000e+00
0.000000000000000000e+00
0.000000000000000000e+00
0.000000000000000000e+00
0.000000000000000000e+00
0.000000000000000000e+00
0.000000000000000000e+00
0.000000000000000000e+00
0.000000000000000000e+00
0.000000000000000000e+00
0.000000000000000000e+00
0.000000000000000000e+00
0.000000000000000000e+00
0.000000000000000000e+00
0.000000000000000000e+00
0.000000000000000000e+00
0.000000000000000000e+00
0.000000000000000000e+00
0.000000000000000000e+00
0.000000000000000000e+00
0.000000000000000000e+00
0.000000000000000000e+00
0.000000000000000000e+00
0.000000000000000000e+00
