1.370050558867565993e-01
2.504184600038641406e-01
3.245759443749056117e-01
5.052741493092862690e-01
8.269733526558076253e-01
9.065205642926160712e-01
8.025333434363968177e-01
1.658079860393052218e+00
2.486928899322201403e+00
1.516299032951160752e+00
1.969798705328415611e+00
5.033914130834000744e+00
3.597523833891454803e+00
6.404087263183520840e+00
3.324787407398650974e+00
2.955072204248869738e+00
2.733186736254283655e+00
2.705545663743079032e+00
3.694246604414051838e+00
5.596251310605536489e+00
3.804872995353543619e+00
5.448277797171693138e+00
5.522945647844661465e+00
7.143823568083378817e+00
6.640844445470531099e+00
6.656164398011231498e+00
4.369374045621518654e+00
5.686159016731954452e+00
7.588524514283778721e+00
1.207775413744265869e+01
7.026671044868304072e+00
9.227191516772467850e+00
7.022857226308607537e+00
5.906143071595901795e+00
6.586617574817521081e+00
8.844745358307408267e+00
7.772138592830532211e+00
1.232271959084152080e+01
1.050179738073781799e+01
9.873693178000234383e+00
9.626030505884543231e+00
8.566315458545611605e+00
7.477329624977210543e+00
8.477295382971803406e+00
1.820041295104230628e+01
1.925116290366482303e+02
1.635262112992087680e+02
1.989804924627951550e+02
2.850216390778701339e+02
1.344103140708433421e+04
0.000000000000000000e+00
1.768922902279410846e+04
2.076698662576850620e+04
6.732172908195704622e+03
0.000000000000000000e+00
0.000000000000000000e+00
0.000000000000000000e+00
0.000000000000000000e+00
0.000000000000000000e+00
0.000000000000000000e+00
0.000000000000000000e+00
0.000000000000000000e+00
0.000000000000000000e+00
0.000000000000000000e+00
0.000000000000000000e+00
0.000000000000000000e+00
0.000000000000000000e+00
0.000000000000000000e+00
0.000000000000000000e+00
0.000000000000000000e+00
0.000000000000000000e+00
0.000000000000000000e+00
0.000000000000000000e+00
0.000000000000000000e+00
0.000000000000000000e+00
0.000000000000000000e+00
0.000000000000000000e+00
0.000000000000000000e+00
0.000000000000000000e+00
0.000000000000000000e+00
0.000000000000000000e+00
0.000000000000000000e+00
0.000000000000000000e+00
0.000000000000000000e+00
0.000000000000000000e+00
0.000000000000000000e+00
0.000000000000000000e+00
0.000000000000000000e+00
0.000000000000000000e+00
0.000000000000000000e+00
0.000000000000000000e+00
0.000000000000000000e+00
0.000000000000000000e+00
0.000000000000000000e+00
0.000000000000000000e+00
0.000000000000000000e+00
0.000000000000000000e+00
0.000000000000000000e+00
0.000000000000000000e+00
0.000000000000000000e+00
