2.509565243679434121e-01
5.193527092971057524e-01
6.973107295944632744e-01
1.200578848879282123e+00
1.490141066842438189e+00
1.338362037443931118e+00
1.606822431530145590e+00
2.290350831970143997e+00
2.088628788375975542e+00
2.310846189126446681e+00
2.779504320757053559e+00
2.879923495379518972e+00
3.462542716580330637e+00
3.820380519315519141e+00
4.006791875188447705e+00
4.150591725944142496e+00
4.157671171235486796e+00
4.425909756350174362e+00
5.433597324499219283e+00
5.692403515647273871e+00
5.357812913205704852e+00
6.169634032504567323e+00
5.826903182972998252e+00
5.891143780602980051e+00
5.940357574645895866e+00
7.347246407939650226e+00
8.117472725965422242e+00
6.986808235618182650e+00
7.408365284636162507e+00
8.000986535587808035e+00
8.156302939990560219e+00
8.184698305585325073e+00
9.214435006570839803e+00
9.309262622159312883e+00
1.033571140741330829e+01
1.012972747264872808e+01
1.210628436674726238e+01
9.694633222927601324e+00
1.360738276957791193e+01
1.075862535534913889e+01
1.046457851886371415e+01
1.116570095005883800e+01
1.107870404556163280e+01
1.376852715601328470e+01
1.612887638435308801e+01
1.445755625474359718e+01
2.148207952430530909e+01
2.003821045358358077e+01
1.833936874316833610e+01
2.066811731964834209e+01
5.510329115598923266e+01
2.346515274638653992e+01
1.603373654116030878e+01
2.123216232694574757e+01
3.007438883722752720e+01
2.007969721397776652e+01
2.089855314769388883e+02
0.000000000000000000e+00
0.000000000000000000e+00
0.000000000000000000e+00
0.000000000000000000e+00
0.000000000000000000e+00
0.000000000000000000e+00
0.000000000000000000e+00
0.000000000000000000e+00
0.000000000000000000e+00
0.000000000000000000e+00
0.000000000000000000e+00
0.000000000000000000e+00
0.000000000000000000e+00
0.000000000000000000e+00
0.000000000000000000e+00
0.000000000000000000e+00
0.000000000000000000e+00
0.000000000000000000e+00
0.000000000000000000e+00
0.000000000000000000e+00
0.000000000000000000e+00
0.000000000000000000e+00
0.000000000000000000e+00
0.000000000000000000e+00
0.000000000000000000e+00
0.000000000000000000e+00
0.000000000000000000e+00
0.000000000000000000e+00
0.000000000000000000e+00
0.000000000000000000e+00
0.000000000000000000e+00
0.000000000000000000e+00
0.000000000000000000e+00
0.000000000000000000e+00
0.000000000000000000e+00
0.000000000000000000e+00
0.000000000000000000e+00
0.000000000000000000e+00
0.000000000000000000e+00
0.000000000000000000e+00
0.000000000000000000e+00
0.000000000000000000e+00
0.000000000000000000e+00
