6.595170738825183454e-01
1.781556869745582583e+00
3.167049766387492138e+00
3.284291805294782929e+00
4.739237179776242037e+00
1.835053669223488981e+01
8.119505482471261359e+00
8.767527403453138746e+00
6.161255137010265948e+00
6.878821058531313426e+00
7.807350080497924338e+00
9.766218717426518481e+00
1.101394155142351750e+01
1.290362527050155350e+01
1.766092479086064060e+01
1.027310148711877780e+01
1.085162382745385656e+01
1.580155934056164568e+01
2.305354727598552955e+01
2.049224732892136203e+01
3.415643452269424785e+01
1.902575171464452097e+01
2.290956168821335481e+01
3.055817592310363295e+01
2.393193471462269173e+01
2.649502703828216355e+01
4.179839057608762687e+01
3.458661835301030862e+01
3.007991646437227828e+01
1.532150911661914847e+02
4.090378921345766372e+01
2.596156004053319180e+02
6.206034314397505369e+01
4.354227007823300966e+01
1.057492412591137878e+02
8.405156143486173903e+01
1.082271138833564379e+02
1.666819749442249190e+02
1.432335940630500954e+04
1.137406727254609820e+02
5.753923894878913359e+01
1.736278704997249952e+04
8.579062151152244041e+03
0.000000000000000000e+00
9.443647338186859997e+03
1.630438808687920755e+04
6.717339560270117545e+03
0.000000000000000000e+00
6.857785400864102485e+03
7.248661156471481263e+03
0.000000000000000000e+00
0.000000000000000000e+00
0.000000000000000000e+00
0.000000000000000000e+00
0.000000000000000000e+00
0.000000000000000000e+00
0.000000000000000000e+00
0.000000000000000000e+00
0.000000000000000000e+00
0.000000000000000000e+00
0.000000000000000000e+00
0.000000000000000000e+00
0.000000000000000000e+00
0.000000000000000000e+00
0.000000000000000000e+00
0.000000000000000000e+00
0.000000000000000000e+00
0.000000000000000000e+00
0.000000000000000000e+00
0.000000000000000000e+00
0.000000000000000000e+00
0.000000000000000000e+00
0.000000000000000000e+00
0.000000000000000000e+00
0.000000000000000000e+00
0.000000000000000000e+00
0.000000000000000000e+00
0.000000000000000000e+00
0.000000000000000000e+00
0.000000000000000000e+00
0.000000000000000000e+00
0.000000000000000000e+00
0.000000000000000000e+00
0.000000000000000000e+00
0.000000000000000000e+00
0.000000000000000000e+00
0.000000000000000000e+00
0.000000000000000000e+00
0.000000000000000000e+00
0.000000000000000000e+00
0.000000000000000000e+00
0.000000000000000000e+00
0.000000000000000000e+00
0.000000000000000000e+00
0.000000000000000000e+00
0.000000000000000000e+00
0.000000000000000000e+00
0.000000000000000000e+00
0.000000000000000000e+00
0.000000000000000000e+00
