4.327964467745304411e-01
9.300510742362484429e-01
1.659880612949811818e+00
1.582955066683471745e+00
2.075372819652187673e+00
2.829272997080780172e+00
4.323555781818290811e+00
3.640348127921087418e+00
6.776607399433105527e+00
4.583009761014752215e+00
5.912482830820978918e+00
7.029932394890161973e+00
5.692018850070229341e+00
6.777467233890798859e+00
7.476595169667510810e+00
8.274008696682676245e+00
8.243359014355775116e+00
1.241876026156768908e+01
1.653587308484499019e+01
1.052505056004166484e+01
1.068621698624636451e+01
1.115608969408211770e+01
1.504853187402540371e+01
1.578499680089801416e+01
1.972266459257808080e+01
1.489832739414487683e+01
3.280824175423153122e+01
2.146520651880104680e+01
2.829548096049750683e+01
2.813672581193532096e+01
2.313777208684861364e+01
2.288554932228887751e+01
1.904369945152967958e+01
1.966095106076245358e+01
2.000442997056497063e+01
3.294392987337563028e+01
2.289014409710217635e+01
3.238989690137710653e+01
2.913846231125722852e+01
2.243067521362890560e+01
1.965640948112588049e+01
2.776074791292611366e+01
1.978443185679749661e+02
1.616043649555055345e+04
1.787844318163747084e+04
1.822949596637618015e+04
0.000000000000000000e+00
0.000000000000000000e+00
6.349643811220504176e+03
1.800365244281804189e+04
6.481192596447905089e+03
0.000000000000000000e+00
0.000000000000000000e+00
0.000000000000000000e+00
0.000000000000000000e+00
0.000000000000000000e+00
0.000000000000000000e+00
0.000000000000000000e+00
0.000000000000000000e+00
0.000000000000000000e+00
0.000000000000000000e+00
0.000000000000000000e+00
0.000000000000000000e+00
0.000000000000000000e+00
0.000000000000000000e+00
0.000000000000000000e+00
0.000000000000000000e+00
0.000000000000000000e+00
0.000000000000000000e+00
0.000000000000000000e+00
0.000000000000000000e+00
0.000000000000000000e+00
0.000000000000000000e+00
0.000000000000000000e+00
0.000000000000000000e+00
0.000000000000000000e+00
0.000000000000000000e+00
0.000000000000000000e+00
0.000000000000000000e+00
0.000000000000000000e+00
0.000000000000000000e+00
0.000000000000000000e+00
0.000000000000000000e+00
0.000000000000000000e+00
0.000000000000000000e+00
0.000000000000000000e+00
0.000000000000000000e+00
0.000000000000000000e+00
0.000000000000000000e+00
0.000000000000000000e+00
0.000000000000000000e+00
0.000000000000000000e+00
0.000000000000000000e+00
0.000000000000000000e+00
0.000000000000000000e+00
0.000000000000000000e+00
0.000000000000000000e+00
0.000000000000000000e+00
0.000000000000000000e+00
0.000000000000000000e+00
