2.009935168492751612e-01
4.187469307871901636e-01
7.872106307096965461e-01
8.190552929972791940e-01
9.885216413575180772e-01
1.198654745042192271e+00
1.374589102537300267e+00
1.523689728051321524e+00
1.794248654600500092e+00
1.903404214381628767e+00
2.273598314105767404e+00
2.439645023978411320e+00
2.649600390203751488e+00
2.867796187492301030e+00
2.996668815888507531e+00
4.080391011141082380e+00
3.641458646618899397e+00
6.014070154161228920e+00
3.856557507582435207e+00
5.079724911131562770e+00
4.452793596628468187e+00
4.460854863272698978e+00
5.625375828123938327e+00
5.214795169846339284e+00
5.017673701061280411e+00
5.255401259384553825e+00
5.786480401569416898e+00
7.009979193222630300e+00
6.373582168163892447e+00
7.913783096494722891e+00
6.844324641780842988e+00
6.490523303508724418e+00
7.011341144527976077e+00
1.091982905378993252e+01
7.969364357721297587e+00
7.654595720416960347e+00
7.983265463336470802e+00
9.400089438561016308e+00
1.047289735827451018e+01
9.757853665324514481e+00
8.831012851048010148e+00
1.034225686252409915e+01
1.166626458725191462e+01
1.461271909073162156e+01
1.499219324736291803e+01
1.529217934124445755e+01
1.295099875764260133e+01
2.613523070151270389e+01
1.633109959966428804e+01
2.096092616745071169e+01
2.251622286660122336e+04
2.196616700254561511e+04
2.277720685256145225e+04
0.000000000000000000e+00
0.000000000000000000e+00
0.000000000000000000e+00
0.000000000000000000e+00
0.000000000000000000e+00
0.000000000000000000e+00
0.000000000000000000e+00
0.000000000000000000e+00
0.000000000000000000e+00
0.000000000000000000e+00
0.000000000000000000e+00
0.000000000000000000e+00
0.000000000000000000e+00
0.000000000000000000e+00
0.000000000000000000e+00
0.000000000000000000e+00
0.000000000000000000e+00
0.000000000000000000e+00
0.000000000000000000e+00
0.000000000000000000e+00
0.000000000000000000e+00
0.000000000000000000e+00
0.000000000000000000e+00
0.000000000000000000e+00
0.000000000000000000e+00
0.000000000000000000e+00
0.000000000000000000e+00
0.000000000000000000e+00
0.000000000000000000e+00
0.000000000000000000e+00
0.000000000000000000e+00
0.000000000000000000e+00
0.000000000000000000e+00
0.000000000000000000e+00
0.000000000000000000e+00
0.000000000000000000e+00
0.000000000000000000e+00
0.000000000000000000e+00
0.000000000000000000e+00
0.000000000000000000e+00
0.000000000000000000e+00
0.000000000000000000e+00
0.000000000000000000e+00
0.000000000000000000e+00
0.000000000000000000e+00
0.000000000000000000e+00
0.000000000000000000e+00
