1.206560017402714124e-01
1.547129917470476679e-01
1.976826323301900112e-01
2.576011361271620670e-01
5.685632085818109749e-01
4.106415352527567619e-01
4.212729710399613636e-01
5.746859157540181728e-01
6.059825893680664821e-01
1.101015227729685853e+00
7.930260909395999702e-01
7.503669190459463234e-01
1.314634640261219900e+00
1.111912955287066573e+00
1.197441386124377338e+00
1.116847726298645149e+00
1.288326194405018832e+00
1.336268536985994126e+00
1.508002353336855617e+00
1.269003108314565198e+00
1.608300097634409287e+00
1.859154764694795015e+00
1.582086393683404868e+00
1.753442967486023907e+00
2.286166277492306609e+00
2.204043852898572187e+00
2.265770661427565447e+00
2.016703048044649726e+00
1.977898274481333818e+00
2.727137982777867009e+00
2.480756685905597614e+00
2.622188855310515265e+00
2.785544181544930886e+00
3.305868255170397063e+00
3.728460688083953478e+00
3.975474509680813728e+00
3.942284614705620083e+00
3.927284330888177522e+00
3.549615981124400133e+00
3.707231581950216182e+00
4.500481370621860044e+00
3.702943687823685881e+00
3.878545617657258582e+00
4.669696605119913357e+00
3.504275382456135013e+00
3.744858717184324615e+00
3.665496072588735110e+00
4.233755374357039081e+00
4.364211562034469694e+00
4.100815954075652137e+00
4.770884355808387767e+00
6.336328645362925727e+00
4.893376302632940877e+00
4.975268830074265125e+00
6.907122718647249471e+00
5.850124591067429769e+00
5.092889188073710827e+00
5.894388066429724127e+00
5.515380842904300529e+00
4.896212607311253073e+00
5.334562052830292167e+00
5.260500241378442965e+00
5.899420179263444197e+00
6.138543275328542492e+00
7.337996202295287596e+00
6.865278123123527365e+00
8.613068646351623059e+00
7.923088369049945179e+00
7.768337186156363927e+00
7.335883980928765702e+00
8.183440065243733130e+00
7.445359806351165233e+00
7.607798280179205008e+00
7.829222434671558872e+00
9.396781528115880633e+00
9.514168465721169810e+00
1.094325234215328457e+01
1.035384796766086346e+01
9.249561827915345091e+00
1.395594223298431302e+01
2.410448974519709608e+01
1.301331725921075417e+02
1.276310373004570693e+03
0.000000000000000000e+00
0.000000000000000000e+00
0.000000000000000000e+00
0.000000000000000000e+00
0.000000000000000000e+00
0.000000000000000000e+00
0.000000000000000000e+00
0.000000000000000000e+00
0.000000000000000000e+00
0.000000000000000000e+00
0.000000000000000000e+00
0.000000000000000000e+00
0.000000000000000000e+00
0.000000000000000000e+00
0.000000000000000000e+00
0.000000000000000000e+00
0.000000000000000000e+00
