2.235879224327588510e-01
4.479051440151430308e-01
7.258204314798701873e-01
7.930543204264717261e-01
1.051728317031119575e+00
1.179837447551865370e+00
1.523245770467153815e+00
1.590315635902931124e+00
1.917537767824914585e+00
2.526240982545477021e+00
2.559814055197277227e+00
3.386946257919690950e+00
2.692578428380177247e+00
2.560226867320439581e+00
3.060312162849983864e+00
3.094305790800292666e+00
3.618411945664462337e+00
4.787237905530628446e+00
4.593615668994484480e+00
4.667429130962690742e+00
5.292045474646291048e+00
4.416375978183454620e+00
5.142828925472098689e+00
5.238497418801707717e+00
5.318289871475746722e+00
4.945966283303768307e+00
8.027473662586302794e+00
6.785585519717753478e+00
7.571036966580906302e+00
5.884541253044087483e+00
8.182366929049772253e+00
7.883849143016740335e+00
7.404479199307267834e+00
1.082023316442650618e+01
1.206290583202124900e+01
9.193114533620930118e+00
8.020063412113140444e+00
9.435129670327349061e+00
9.544083414298322410e+00
8.527542196028512933e+00
9.858362197402041005e+00
1.075449178708281828e+01
1.596429332047512517e+01
1.177717981836083538e+01
1.222029659225800025e+01
1.057776697113152053e+01
1.278049164872728838e+01
3.614293517451366711e+01
1.964929347382536662e+01
1.981665274614163863e+01
1.470606006582191760e+01
1.311671625056054147e+01
5.430900385934084085e+01
0.000000000000000000e+00
0.000000000000000000e+00
0.000000000000000000e+00
0.000000000000000000e+00
0.000000000000000000e+00
0.000000000000000000e+00
0.000000000000000000e+00
0.000000000000000000e+00
0.000000000000000000e+00
0.000000000000000000e+00
0.000000000000000000e+00
0.000000000000000000e+00
0.000000000000000000e+00
0.000000000000000000e+00
0.000000000000000000e+00
0.000000000000000000e+00
0.000000000000000000e+00
0.000000000000000000e+00
0.000000000000000000e+00
0.000000000000000000e+00
0.000000000000000000e+00
0.000000000000000000e+00
0.000000000000000000e+00
0.000000000000000000e+00
0.000000000000000000e+00
0.000000000000000000e+00
0.000000000000000000e+00
0.000000000000000000e+00
0.000000000000000000e+00
0.000000000000000000e+00
0.000000000000000000e+00
0.000000000000000000e+00
0.000000000000000000e+00
0.000000000000000000e+00
0.000000000000000000e+00
0.000000000000000000e+00
0.000000000000000000e+00
0.000000000000000000e+00
0.000000000000000000e+00
0.000000000000000000e+00
0.000000000000000000e+00
0.000000000000000000e+00
0.000000000000000000e+00
0.000000000000000000e+00
0.000000000000000000e+00
0.000000000000000000e+00
0.000000000000000000e+00
