8.989878720840018822e-01
3.874061849543823932e+00
2.542988354913621851e+00
3.219012432384076305e+00
2.550320965309353483e+00
4.580713829237708978e+00
3.616798424048448979e+00
4.427240214002052809e+00
6.118008052876741765e+00
6.731478767826317267e+00
8.233335515341650535e+00
1.204330029537656088e+01
6.475925574514903360e+00
1.063212310413840456e+01
1.497872460183682186e+01
9.554045038408130353e+00
2.149495124524981193e+01
2.651619562010669995e+01
1.012171266512888579e+01
1.392866633399380838e+01
1.842782777293036389e+01
1.363258988239106451e+01
1.835583367687546286e+01
1.594837542848025080e+01
2.926409690337895597e+01
1.948720116647576006e+01
1.639764460969655246e+01
3.863320976581679389e+01
3.108155786886736749e+01
6.582704444340615169e+01
2.680851589579758354e+01
2.834363896595336740e+01
7.230665757404804594e+01
2.885667044819091487e+01
7.408304258591797975e+01
6.126655092151282389e+01
2.218408225712510387e+02
3.031202166600015957e+01
3.722149365908459373e+01
1.207104431917569798e+02
1.748419905042943356e+04
5.563728623984105980e+03
1.627030567997738581e+04
5.877852723221497399e+03
0.000000000000000000e+00
0.000000000000000000e+00
1.548392973991945655e+04
6.506278959319511159e+03
0.000000000000000000e+00
0.000000000000000000e+00
0.000000000000000000e+00
0.000000000000000000e+00
0.000000000000000000e+00
0.000000000000000000e+00
0.000000000000000000e+00
0.000000000000000000e+00
0.000000000000000000e+00
0.000000000000000000e+00
0.000000000000000000e+00
0.000000000000000000e+00
0.000000000000000000e+00
0.000000000000000000e+00
0.000000000000000000e+00
0.000000000000000000e+00
0.000000000000000000e+00
0.000000000000000000e+00
0.000000000000000000e+00
0.000000000000000000e+00
0.000000000000000000e+00
0.000000000000000000e+00
0.000000000000000000e+00
0.000000000000000000e+00
0.000000000000000000e+00
0.000000000000000000e+00
0.000000000000000000e+00
0.000000000000000000e+00
0.000000000000000000e+00
0.000000000000000000e+00
0.000000000000000000e+00
0.000000000000000000e+00
0.000000000000000000e+00
0.000000000000000000e+00
0.000000000000000000e+00
0.000000000000000000e+00
0.000000000000000000e+00
0.000000000000000000e+00
0.000000000000000000e+00
0.000000000000000000e+00
0.000000000000000000e+00
0.000000000000000000e+00
0.000000000000000000e+00
0.000000000000000000e+00
0.000000000000000000e+00
0.000000000000000000e+00
0.000000000000000000e+00
0.000000000000000000e+00
0.000000000000000000e+00
0.000000000000000000e+00
0.000000000000000000e+00
0.000000000000000000e+00
