7.890971939385009737e-01
3.569644008519800682e+00
3.754286024980152181e+00
3.104985795237653168e+00
2.198648149700678012e+00
4.995586023462180947e+00
3.634305727266638364e+00
4.652293404396513843e+00
4.885543353465696903e+00
5.372883388578818753e+00
5.661550482407082363e+00
6.364830597097451914e+00
6.421743333144492638e+00
1.004271639244446490e+01
8.889235779733498433e+00
6.969477712923342949e+00
1.321199332543628735e+01
1.084472426812424928e+01
9.109114861068745128e+00
1.577738720535982786e+01
1.225175885413476706e+01
1.270672041665178043e+01
1.738271605309179790e+01
1.199295712440331663e+01
1.426890840721608988e+01
1.280805444835945828e+01
1.642940539644291320e+01
3.173624350641232539e+01
2.411033669334445761e+01
7.329389028618066959e+01
2.586972705082169455e+01
1.777236927254919152e+01
2.543549196271911583e+01
3.153865542399387323e+01
2.322236984479961208e+01
3.996201991752653271e+01
1.036537718237692758e+02
2.406732067620542637e+01
2.261102467391396686e+01
1.880631207879807698e+04
0.000000000000000000e+00
9.587883490393160173e+03
1.944525960749350270e+04
8.326176884743426854e+03
0.000000000000000000e+00
6.149623522498912280e+03
8.589058088540466997e+03
9.167150118318326349e+03
0.000000000000000000e+00
0.000000000000000000e+00
0.000000000000000000e+00
0.000000000000000000e+00
0.000000000000000000e+00
0.000000000000000000e+00
0.000000000000000000e+00
0.000000000000000000e+00
0.000000000000000000e+00
0.000000000000000000e+00
0.000000000000000000e+00
0.000000000000000000e+00
0.000000000000000000e+00
0.000000000000000000e+00
0.000000000000000000e+00
0.000000000000000000e+00
0.000000000000000000e+00
0.000000000000000000e+00
0.000000000000000000e+00
0.000000000000000000e+00
0.000000000000000000e+00
0.000000000000000000e+00
0.000000000000000000e+00
0.000000000000000000e+00
0.000000000000000000e+00
0.000000000000000000e+00
0.000000000000000000e+00
0.000000000000000000e+00
0.000000000000000000e+00
0.000000000000000000e+00
0.000000000000000000e+00
0.000000000000000000e+00
0.000000000000000000e+00
0.000000000000000000e+00
0.000000000000000000e+00
0.000000000000000000e+00
0.000000000000000000e+00
0.000000000000000000e+00
0.000000000000000000e+00
0.000000000000000000e+00
0.000000000000000000e+00
0.000000000000000000e+00
0.000000000000000000e+00
0.000000000000000000e+00
0.000000000000000000e+00
0.000000000000000000e+00
0.000000000000000000e+00
0.000000000000000000e+00
0.000000000000000000e+00
0.000000000000000000e+00
0.000000000000000000e+00
0.000000000000000000e+00
