3.896869507838212621e-01
4.467899855347394755e-01
1.267364575698434859e+00
8.682891282576291614e-01
1.241814711464811705e+00
1.404323632481663919e+00
1.724465155556672569e+00
1.894167790578020538e+00
2.686295057837532863e+00
2.399829511861647724e+00
2.606737686380427466e+00
3.397588578235767542e+00
3.375658752819776787e+00
4.844330433386464740e+00
4.993029278358346978e+00
3.641448650328910297e+00
5.843740141711591285e+00
4.008410166363514548e+00
4.771524306457385123e+00
4.879650816539813363e+00
8.493348006791396898e+00
5.365558901622195620e+00
7.001696514190926202e+00
6.150684226943095467e+00
7.144321996608146819e+00
8.417557251226387649e+00
6.808369249708396964e+00
7.863125045144510494e+00
8.493193302476102602e+00
7.743832843019001544e+00
8.405477023783660684e+00
8.795754946784263950e+00
8.543354778327740817e+00
8.901892079903722887e+00
9.378375316289867314e+00
1.088061858434919316e+01
9.795149895366662918e+00
9.803566190838186145e+00
1.105658483320482688e+01
1.274063847779952141e+01
1.770080645647144024e+01
6.521474018387452531e+01
6.681760122688352510e+01
2.491584933825685866e+01
1.738864919372255463e+04
1.922711103126297894e+04
3.657923121331018734e+01
1.248383506375942318e+02
1.568814379375389399e+04
1.751176826478615476e+04
2.163448925502619022e+04
0.000000000000000000e+00
0.000000000000000000e+00
0.000000000000000000e+00
0.000000000000000000e+00
0.000000000000000000e+00
0.000000000000000000e+00
0.000000000000000000e+00
0.000000000000000000e+00
0.000000000000000000e+00
0.000000000000000000e+00
0.000000000000000000e+00
0.000000000000000000e+00
0.000000000000000000e+00
0.000000000000000000e+00
0.000000000000000000e+00
0.000000000000000000e+00
0.000000000000000000e+00
0.000000000000000000e+00
0.000000000000000000e+00
0.000000000000000000e+00
0.000000000000000000e+00
0.000000000000000000e+00
0.000000000000000000e+00
0.000000000000000000e+00
0.000000000000000000e+00
0.000000000000000000e+00
0.000000000000000000e+00
0.000000000000000000e+00
0.000000000000000000e+00
0.000000000000000000e+00
0.000000000000000000e+00
0.000000000000000000e+00
0.000000000000000000e+00
0.000000000000000000e+00
0.000000000000000000e+00
0.000000000000000000e+00
0.000000000000000000e+00
0.000000000000000000e+00
0.000000000000000000e+00
0.000000000000000000e+00
0.000000000000000000e+00
0.000000000000000000e+00
0.000000000000000000e+00
0.000000000000000000e+00
0.000000000000000000e+00
0.000000000000000000e+00
0.000000000000000000e+00
0.000000000000000000e+00
0.000000000000000000e+00
