5.041919223730138011e-01
7.702013348768614875e-01
1.210781037415418426e+00
1.532707251140102089e+00
2.016401535209177087e+00
2.451938564883378913e+00
2.777480813305214458e+00
3.252826481007960790e+00
3.680967535344067176e+00
3.792897524317001778e+00
4.496342613271462341e+00
4.683841891045056549e+00
5.874660408810171930e+00
5.401876168471143380e+00
6.016718290677655290e+00
6.162852443228482358e+00
6.658845958724473491e+00
7.165440881105685555e+00
7.468642060248927628e+00
7.704335141912929785e+00
9.078073245717970252e+00
1.093808148038809236e+01
9.480732811597118115e+00
9.901121052535540201e+00
1.039635601398589237e+01
1.064833326018260884e+01
1.090532194043123049e+01
1.145010610515227789e+01
1.822733908140400771e+01
1.255555158224536960e+01
1.287314768946744081e+01
1.302499256882770418e+01
1.412253901066933182e+01
1.433271034778404385e+01
1.597575903453294188e+01
1.439048381699989498e+01
1.579395044845363749e+01
1.821057062463812670e+01
1.833702959543973421e+01
1.644810586659500018e+01
2.120681544976095623e+01
1.889567776395244181e+01
1.916041320699898520e+01
1.949167041643754672e+01
1.941803238644053664e+01
3.191298246268319261e+01
1.893046039983930484e+01
1.889537741003202598e+01
5.377190622947802723e+01
3.160389521932068035e+01
0.000000000000000000e+00
0.000000000000000000e+00
0.000000000000000000e+00
0.000000000000000000e+00
0.000000000000000000e+00
0.000000000000000000e+00
0.000000000000000000e+00
0.000000000000000000e+00
0.000000000000000000e+00
0.000000000000000000e+00
0.000000000000000000e+00
0.000000000000000000e+00
0.000000000000000000e+00
0.000000000000000000e+00
0.000000000000000000e+00
0.000000000000000000e+00
0.000000000000000000e+00
0.000000000000000000e+00
0.000000000000000000e+00
0.000000000000000000e+00
0.000000000000000000e+00
0.000000000000000000e+00
0.000000000000000000e+00
0.000000000000000000e+00
0.000000000000000000e+00
0.000000000000000000e+00
0.000000000000000000e+00
0.000000000000000000e+00
0.000000000000000000e+00
0.000000000000000000e+00
0.000000000000000000e+00
0.000000000000000000e+00
0.000000000000000000e+00
0.000000000000000000e+00
0.000000000000000000e+00
0.000000000000000000e+00
0.000000000000000000e+00
0.000000000000000000e+00
0.000000000000000000e+00
0.000000000000000000e+00
0.000000000000000000e+00
0.000000000000000000e+00
0.000000000000000000e+00
0.000000000000000000e+00
0.000000000000000000e+00
0.000000000000000000e+00
0.000000000000000000e+00
0.000000000000000000e+00
0.000000000000000000e+00
0.000000000000000000e+00
