1.172900554223101910e+00
2.136705386837790765e+00
3.139170883167818449e+00
5.155802471824265432e+00
1.205552571987305654e+01
8.347261104833840761e+00
8.889811023328183737e+00
8.788221501201709529e+00
1.172472308390841000e+01
2.050763830203108995e+01
1.304815708563894638e+01
1.498999390322022940e+01
1.919342488090482135e+01
1.561793666519293922e+01
1.573199210558179217e+01
1.904386498933685701e+01
3.462243438501968029e+01
2.290707956274896162e+01
3.549110582486935073e+01
3.532378157536811614e+01
4.837371684073149680e+01
4.930719715062041075e+01
6.928389801643567125e+01
4.570962692224076562e+01
1.172121085948918881e+04
8.858067347072576013e+03
7.277841440189853529e+03
9.781621296672747121e+03
1.163924318326783759e+04
1.082420297994255816e+04
1.145626390381613419e+04
1.187650680105205356e+04
9.662882415667172609e+03
1.392688646620162217e+04
8.210618732494929645e+03
9.445096694106103314e+03
9.615045771461058393e+03
4.799528674637556833e+03
0.000000000000000000e+00
8.005816089633644879e+03
1.585420359662822193e+04
0.000000000000000000e+00
0.000000000000000000e+00
0.000000000000000000e+00
0.000000000000000000e+00
0.000000000000000000e+00
6.029297719604657686e+03
0.000000000000000000e+00
0.000000000000000000e+00
0.000000000000000000e+00
0.000000000000000000e+00
0.000000000000000000e+00
0.000000000000000000e+00
0.000000000000000000e+00
0.000000000000000000e+00
0.000000000000000000e+00
0.000000000000000000e+00
0.000000000000000000e+00
0.000000000000000000e+00
0.000000000000000000e+00
0.000000000000000000e+00
0.000000000000000000e+00
0.000000000000000000e+00
0.000000000000000000e+00
0.000000000000000000e+00
0.000000000000000000e+00
0.000000000000000000e+00
0.000000000000000000e+00
0.000000000000000000e+00
0.000000000000000000e+00
0.000000000000000000e+00
0.000000000000000000e+00
0.000000000000000000e+00
0.000000000000000000e+00
0.000000000000000000e+00
0.000000000000000000e+00
0.000000000000000000e+00
0.000000000000000000e+00
0.000000000000000000e+00
0.000000000000000000e+00
0.000000000000000000e+00
0.000000000000000000e+00
0.000000000000000000e+00
0.000000000000000000e+00
0.000000000000000000e+00
0.000000000000000000e+00
0.000000000000000000e+00
0.000000000000000000e+00
0.000000000000000000e+00
0.000000000000000000e+00
0.000000000000000000e+00
0.000000000000000000e+00
0.000000000000000000e+00
0.000000000000000000e+00
0.000000000000000000e+00
0.000000000000000000e+00
0.000000000000000000e+00
0.000000000000000000e+00
0.000000000000000000e+00
0.000000000000000000e+00
