5.836828874362630648e-01
8.974343756991390864e-01
1.454989040874328232e+00
1.642748095957756949e+00
2.070937951831710588e+00
1.684509887854584775e+01
3.877451670127655792e+00
3.111272050492214003e+00
6.421282765224256117e+00
5.688808807325837158e+00
6.702395528814306225e+00
5.850183057730157010e+00
6.952798390532424655e+00
6.844816326542902729e+00
5.738338372239249807e+00
6.923106814186416713e+00
1.295792519022716682e+01
1.629442095473216767e+01
1.023452391867498079e+01
1.029429538780157749e+01
1.079807880146274357e+01
1.154377132342414392e+01
1.392418548351044016e+01
1.254906223006305055e+01
1.540645289591654432e+01
1.739759600115399607e+01
1.375777045804407628e+01
1.980516565159154752e+01
1.461129052186320543e+01
2.636857800480898817e+01
2.680144260766631703e+01
2.844420819277674894e+01
2.700913769310126966e+01
2.795418613293196231e+01
1.863813467418117753e+01
1.753291693653065053e+01
2.061041514848570699e+01
2.602779089388223355e+01
2.811166811547466082e+01
7.536745083120446907e+03
1.799518208228873118e+04
0.000000000000000000e+00
0.000000000000000000e+00
8.628928717146041890e+03
6.117948353403920919e+03
0.000000000000000000e+00
0.000000000000000000e+00
0.000000000000000000e+00
0.000000000000000000e+00
0.000000000000000000e+00
0.000000000000000000e+00
0.000000000000000000e+00
0.000000000000000000e+00
0.000000000000000000e+00
0.000000000000000000e+00
0.000000000000000000e+00
0.000000000000000000e+00
0.000000000000000000e+00
0.000000000000000000e+00
0.000000000000000000e+00
0.000000000000000000e+00
0.000000000000000000e+00
0.000000000000000000e+00
0.000000000000000000e+00
0.000000000000000000e+00
0.000000000000000000e+00
0.000000000000000000e+00
0.000000000000000000e+00
0.000000000000000000e+00
0.000000000000000000e+00
0.000000000000000000e+00
0.000000000000000000e+00
0.000000000000000000e+00
0.000000000000000000e+00
0.000000000000000000e+00
0.000000000000000000e+00
0.000000000000000000e+00
0.000000000000000000e+00
0.000000000000000000e+00
0.000000000000000000e+00
0.000000000000000000e+00
0.000000000000000000e+00
0.000000000000000000e+00
0.000000000000000000e+00
0.000000000000000000e+00
0.000000000000000000e+00
0.000000000000000000e+00
0.000000000000000000e+00
0.000000000000000000e+00
0.000000000000000000e+00
0.000000000000000000e+00
0.000000000000000000e+00
0.000000000000000000e+00
0.000000000000000000e+00
0.000000000000000000e+00
0.000000000000000000e+00
0.000000000000000000e+00
0.000000000000000000e+00
0.000000000000000000e+00
0.000000000000000000e+00
