3.091919248180067803e-01
5.390607971261860420e-01
8.082082635080094501e-01
1.108402252035538771e+00
1.780132174112142085e+00
1.782380145792143766e+00
2.317846312390403618e+00
2.194441379770425637e+00
2.632978729071548507e+00
3.214409222094956053e+00
3.006566824893926793e+00
4.166697923360951350e+00
3.539957287689300180e+00
4.188480087863207579e+00
4.168840980095916748e+00
4.293263103825494476e+00
5.256853653695977791e+00
5.045275062142883904e+00
5.501206624996348715e+00
5.614115621577559168e+00
6.012158870699310320e+00
6.976953741957229838e+00
6.864212556661263953e+00
8.268537449564474784e+00
7.515072239466718429e+00
7.639694991998720930e+00
7.781788337792765020e+00
8.194420032309162494e+00
8.322279949953296452e+00
8.417160769649221663e+00
8.985422683356434348e+00
8.993356518594453064e+00
1.010981898810192270e+01
9.464116965030678230e+00
1.004604618626459711e+01
1.009660820340604026e+01
1.075533104685600350e+01
1.369052749443003592e+01
1.229690480009334763e+01
1.199423702635578337e+01
1.229882819394829774e+01
1.900220620941240668e+01
1.980282483206032339e+04
2.070111138080852697e+01
1.309149591127573053e+01
2.265604219358728369e+04
1.909539157371785041e+04
2.120915848099314462e+04
0.000000000000000000e+00
0.000000000000000000e+00
0.000000000000000000e+00
0.000000000000000000e+00
0.000000000000000000e+00
0.000000000000000000e+00
0.000000000000000000e+00
0.000000000000000000e+00
0.000000000000000000e+00
0.000000000000000000e+00
0.000000000000000000e+00
0.000000000000000000e+00
0.000000000000000000e+00
0.000000000000000000e+00
0.000000000000000000e+00
0.000000000000000000e+00
0.000000000000000000e+00
0.000000000000000000e+00
0.000000000000000000e+00
0.000000000000000000e+00
0.000000000000000000e+00
0.000000000000000000e+00
0.000000000000000000e+00
0.000000000000000000e+00
0.000000000000000000e+00
0.000000000000000000e+00
0.000000000000000000e+00
0.000000000000000000e+00
0.000000000000000000e+00
0.000000000000000000e+00
0.000000000000000000e+00
0.000000000000000000e+00
0.000000000000000000e+00
0.000000000000000000e+00
0.000000000000000000e+00
0.000000000000000000e+00
0.000000000000000000e+00
0.000000000000000000e+00
0.000000000000000000e+00
0.000000000000000000e+00
0.000000000000000000e+00
0.000000000000000000e+00
0.000000000000000000e+00
0.000000000000000000e+00
0.000000000000000000e+00
0.000000000000000000e+00
0.000000000000000000e+00
0.000000000000000000e+00
0.000000000000000000e+00
0.000000000000000000e+00
0.000000000000000000e+00
0.000000000000000000e+00
