2.930713902609918819e-01
4.994981353891027598e-01
6.835047583748007360e-01
9.340602202958259159e-01
1.517830934719350156e+00
1.471379063317628244e+00
1.811935062519731243e+00
1.882664187982431070e+00
2.067336180031707826e+00
2.380872948801456612e+00
2.625606768590183382e+00
3.125758776090662661e+00
3.556597521937443052e+00
3.493277330275039727e+00
3.736450605195431152e+00
5.001101708269349189e+00
4.446391512072111141e+00
4.001149032035841380e+00
4.170111596386664843e+00
5.355728392957755268e+00
4.892801094860535827e+00
5.934801961816599025e+00
6.013193372214842292e+00
6.423205274924192132e+00
6.083305807334795645e+00
6.588414639697473874e+00
6.989783095049884487e+00
6.746110809996555879e+00
7.238312494136823538e+00
7.519723651681566423e+00
7.658039743922513409e+00
9.870268240409433957e+00
8.784033255648191485e+00
8.145093443472626760e+00
9.946053543546927500e+00
8.430206482105838006e+00
8.707953780293053114e+00
9.055235028628235483e+00
1.170194709954286694e+01
1.092091785034783769e+01
1.131324614907006598e+01
1.406325716606367315e+01
1.881054624060039515e+01
1.270830354747027258e+01
1.131611689683821353e+01
1.245538701196001696e+01
2.706187717494170286e+01
1.795696217632834646e+01
0.000000000000000000e+00
0.000000000000000000e+00
0.000000000000000000e+00
0.000000000000000000e+00
0.000000000000000000e+00
0.000000000000000000e+00
0.000000000000000000e+00
0.000000000000000000e+00
0.000000000000000000e+00
0.000000000000000000e+00
0.000000000000000000e+00
0.000000000000000000e+00
0.000000000000000000e+00
0.000000000000000000e+00
0.000000000000000000e+00
0.000000000000000000e+00
0.000000000000000000e+00
0.000000000000000000e+00
0.000000000000000000e+00
0.000000000000000000e+00
0.000000000000000000e+00
0.000000000000000000e+00
0.000000000000000000e+00
0.000000000000000000e+00
0.000000000000000000e+00
0.000000000000000000e+00
0.000000000000000000e+00
0.000000000000000000e+00
0.000000000000000000e+00
0.000000000000000000e+00
0.000000000000000000e+00
0.000000000000000000e+00
0.000000000000000000e+00
0.000000000000000000e+00
0.000000000000000000e+00
0.000000000000000000e+00
0.000000000000000000e+00
0.000000000000000000e+00
0.000000000000000000e+00
0.000000000000000000e+00
0.000000000000000000e+00
0.000000000000000000e+00
0.000000000000000000e+00
0.000000000000000000e+00
0.000000000000000000e+00
0.000000000000000000e+00
0.000000000000000000e+00
0.000000000000000000e+00
0.000000000000000000e+00
0.000000000000000000e+00
0.000000000000000000e+00
0.000000000000000000e+00
