9.742378517005741978e-01
2.239053766849928184e+00
3.074669198812936433e+00
4.071426847854722197e+00
7.550103121809510931e+00
7.973777234696229677e+00
5.865574067675658476e+00
6.196819341057908659e+00
8.324026639638404390e+00
1.092007494436105119e+01
1.141976010547770493e+01
1.143746708197341100e+01
1.290813452800060723e+01
1.343293666885360693e+01
1.313244035375056029e+01
1.625420647682226871e+01
2.014973855448334561e+01
1.640226819611488196e+01
1.600964053494227457e+01
2.049977932710197237e+01
1.766457475577785985e+01
1.095045592980929996e+02
1.182357912525289834e+02
3.202717611011172494e+01
2.713990245384274758e+01
4.239717942899128644e+01
5.984843513719543751e+01
6.271203445949310407e+01
9.214332531975060192e+01
4.897062197388113702e+01
4.005302750170086057e+01
8.047983171588678886e+01
1.667104247235285948e+04
5.430457211485134650e+01
5.118136640035624652e+01
1.187020516853623349e+02
9.060395053733540408e+03
1.312612994902473838e+04
1.824856731516736181e+04
0.000000000000000000e+00
0.000000000000000000e+00
9.117053300736415622e+03
5.881478107724326946e+03
0.000000000000000000e+00
0.000000000000000000e+00
0.000000000000000000e+00
0.000000000000000000e+00
0.000000000000000000e+00
0.000000000000000000e+00
0.000000000000000000e+00
0.000000000000000000e+00
0.000000000000000000e+00
0.000000000000000000e+00
0.000000000000000000e+00
0.000000000000000000e+00
0.000000000000000000e+00
0.000000000000000000e+00
0.000000000000000000e+00
0.000000000000000000e+00
0.000000000000000000e+00
0.000000000000000000e+00
0.000000000000000000e+00
0.000000000000000000e+00
0.000000000000000000e+00
0.000000000000000000e+00
0.000000000000000000e+00
0.000000000000000000e+00
0.000000000000000000e+00
0.000000000000000000e+00
0.000000000000000000e+00
0.000000000000000000e+00
0.000000000000000000e+00
0.000000000000000000e+00
0.000000000000000000e+00
0.000000000000000000e+00
0.000000000000000000e+00
0.000000000000000000e+00
0.000000000000000000e+00
0.000000000000000000e+00
0.000000000000000000e+00
0.000000000000000000e+00
0.000000000000000000e+00
0.000000000000000000e+00
0.000000000000000000e+00
0.000000000000000000e+00
0.000000000000000000e+00
0.000000000000000000e+00
0.000000000000000000e+00
0.000000000000000000e+00
0.000000000000000000e+00
0.000000000000000000e+00
0.000000000000000000e+00
0.000000000000000000e+00
0.000000000000000000e+00
0.000000000000000000e+00
0.000000000000000000e+00
0.000000000000000000e+00
0.000000000000000000e+00
0.000000000000000000e+00
0.000000000000000000e+00
