1.414339820363315070e-01
3.239687020411729512e-01
4.448839445029489359e-01
6.307824012951930293e-01
1.264103470421432007e+00
3.455838093688418322e+00
1.238079744290519812e+00
1.625437083849141873e+00
1.536975228054986653e+00
2.073946610901737042e+00
2.012218258297264750e+00
2.960056541973157707e+00
2.596484979310455188e+00
2.581870178459654497e+00
2.873684575727752932e+00
3.154086827633022061e+00
3.648883723328281814e+00
3.970585773999957269e+00
3.769431892882379120e+00
4.347573324870422695e+00
5.464659735464739931e+00
5.660771324599155996e+00
9.051192496498165596e+00
5.823074224234137120e+00
8.498178917569751079e+00
9.836920566829144619e+00
9.498182442524019109e+00
1.110118405020310917e+01
8.771437038210999404e+00
1.440958410856060290e+01
1.322834823964236151e+01
1.200316221201295086e+01
1.131774718759342413e+01
1.261424614439687808e+01
1.100835143983734987e+01
1.452834028739490435e+01
1.285742332067186666e+01
1.247681796214562944e+01
1.385990016469414421e+01
1.471541305884539952e+01
1.433990115373213037e+01
1.538066194211760163e+01
1.540858428546159153e+01
1.445592137323949089e+01
1.574450117783618452e+01
1.595951373980216736e+01
1.579946163705971074e+01
1.815727548822744453e+01
1.797604940937030449e+01
1.615844437202359174e+01
1.522410101320010867e+01
1.965000533125441251e+01
1.703171730848163179e+01
2.313932271240019389e+01
1.927888332406713445e+01
2.209741392199184418e+01
2.085008630848155420e+01
1.711013164139462717e+01
1.683145950399854840e+01
1.911046046114153185e+01
2.046423991467977999e+01
2.049642384417267849e+01
2.402452562783523504e+01
1.910037249320423314e+01
2.133820428746664533e+01
2.894077890562721223e+01
2.946692299193674813e+01
3.544732813058042353e+01
4.054200003577904710e+01
3.921229986904371145e+01
3.820163791062009295e+01
4.126401369922233187e+01
7.353023664185465691e+01
1.494016786628878890e+02
1.017093436649369323e+04
4.761961365808768278e+03
1.311270233429874907e+03
1.328980410698685773e+03
9.502132750179501954e+02
0.000000000000000000e+00
0.000000000000000000e+00
0.000000000000000000e+00
0.000000000000000000e+00
0.000000000000000000e+00
0.000000000000000000e+00
0.000000000000000000e+00
0.000000000000000000e+00
0.000000000000000000e+00
0.000000000000000000e+00
0.000000000000000000e+00
0.000000000000000000e+00
0.000000000000000000e+00
0.000000000000000000e+00
0.000000000000000000e+00
0.000000000000000000e+00
0.000000000000000000e+00
0.000000000000000000e+00
0.000000000000000000e+00
0.000000000000000000e+00
0.000000000000000000e+00
