4.795263631603906562e-01
8.663392700523581125e-01
9.708936407797489343e-01
2.205278455111881364e+00
1.359481217125664054e+00
2.555217608010559083e+00
3.489531732255178209e+00
4.345611581751259500e+00
2.595858929997316711e+00
3.926575858252461249e+00
4.766771659253948634e+00
4.547632851308237356e+00
4.946730030599815642e+00
6.624014615110678683e+00
4.776960376487207505e+00
6.770064402390564950e+00
5.382635111087994417e+00
5.933257582919412521e+00
8.075677314612233815e+00
6.309516373554563629e+00
8.107891576857799265e+00
7.231585696209529068e+00
9.688179257558701352e+00
1.245863339667072012e+01
1.156479419163667366e+01
1.060918190784958526e+01
1.211654276507964667e+01
1.358223895529205727e+01
1.101016514649423428e+01
1.998101148795795723e+01
1.226166847991155073e+01
2.458446614744041270e+01
1.452625775184952239e+01
1.431711923967605316e+01
1.750579708188029571e+01
2.487125774434717940e+01
1.166330817992439370e+04
1.876019264376506180e+04
1.851274500426700251e+04
0.000000000000000000e+00
7.254081809899367727e+03
1.032293189780425200e+04
8.519319507873926341e+03
6.960104197984936945e+03
0.000000000000000000e+00
0.000000000000000000e+00
0.000000000000000000e+00
0.000000000000000000e+00
0.000000000000000000e+00
0.000000000000000000e+00
0.000000000000000000e+00
0.000000000000000000e+00
0.000000000000000000e+00
0.000000000000000000e+00
0.000000000000000000e+00
0.000000000000000000e+00
0.000000000000000000e+00
0.000000000000000000e+00
0.000000000000000000e+00
0.000000000000000000e+00
0.000000000000000000e+00
0.000000000000000000e+00
0.000000000000000000e+00
0.000000000000000000e+00
0.000000000000000000e+00
0.000000000000000000e+00
0.000000000000000000e+00
0.000000000000000000e+00
0.000000000000000000e+00
0.000000000000000000e+00
0.000000000000000000e+00
0.000000000000000000e+00
0.000000000000000000e+00
0.000000000000000000e+00
0.000000000000000000e+00
0.000000000000000000e+00
0.000000000000000000e+00
0.000000000000000000e+00
0.000000000000000000e+00
0.000000000000000000e+00
0.000000000000000000e+00
0.000000000000000000e+00
0.000000000000000000e+00
0.000000000000000000e+00
0.000000000000000000e+00
0.000000000000000000e+00
0.000000000000000000e+00
0.000000000000000000e+00
0.000000000000000000e+00
0.000000000000000000e+00
0.000000000000000000e+00
0.000000000000000000e+00
0.000000000000000000e+00
0.000000000000000000e+00
0.000000000000000000e+00
0.000000000000000000e+00
0.000000000000000000e+00
0.000000000000000000e+00
0.000000000000000000e+00
0.000000000000000000e+00
