4.185878407634748277e-01
8.383546092644474923e-01
1.046068896352074340e+00
1.753007040480023981e+00
1.798183450567643060e+00
2.152030199535166055e+00
2.684133567958769895e+00
2.989315097782700104e+00
3.197634465030820383e+00
4.389786174897365001e+00
4.390352882840182325e+00
4.837041777924013353e+00
4.950934977095490908e+00
5.661329403085191281e+00
5.794638992899189489e+00
5.641120298714398018e+00
6.356713371735131624e+00
6.314454630371892030e+00
7.351336586153593977e+00
7.076530069568583770e+00
8.159575130232589402e+00
9.670997418126534129e+00
9.097409391081168195e+00
8.908911496250590645e+00
9.539848182553731348e+00
1.305280359779644250e+01
1.006180588753266036e+01
1.258783814289488845e+01
1.086181798608374471e+01
1.146133435177683602e+01
1.187399853336111732e+01
1.294808436418533937e+01
1.501880671783403187e+01
1.272633145024663115e+01
1.332763622375507673e+01
1.366094852354757627e+01
1.876905857148782886e+01
1.541444381474446956e+01
1.494239722043654517e+01
5.735500338162990630e+01
4.898363168003208301e+01
1.915359502503213207e+01
1.121811940430137753e+02
4.600072840954639020e+01
4.284193401350030683e+01
0.000000000000000000e+00
0.000000000000000000e+00
0.000000000000000000e+00
0.000000000000000000e+00
0.000000000000000000e+00
0.000000000000000000e+00
0.000000000000000000e+00
0.000000000000000000e+00
0.000000000000000000e+00
0.000000000000000000e+00
0.000000000000000000e+00
0.000000000000000000e+00
0.000000000000000000e+00
0.000000000000000000e+00
0.000000000000000000e+00
0.000000000000000000e+00
0.000000000000000000e+00
0.000000000000000000e+00
0.000000000000000000e+00
0.000000000000000000e+00
0.000000000000000000e+00
0.000000000000000000e+00
0.000000000000000000e+00
0.000000000000000000e+00
0.000000000000000000e+00
0.000000000000000000e+00
0.000000000000000000e+00
0.000000000000000000e+00
0.000000000000000000e+00
0.000000000000000000e+00
0.000000000000000000e+00
0.000000000000000000e+00
0.000000000000000000e+00
0.000000000000000000e+00
0.000000000000000000e+00
0.000000000000000000e+00
0.000000000000000000e+00
0.000000000000000000e+00
0.000000000000000000e+00
0.000000000000000000e+00
0.000000000000000000e+00
0.000000000000000000e+00
0.000000000000000000e+00
0.000000000000000000e+00
0.000000000000000000e+00
0.000000000000000000e+00
0.000000000000000000e+00
0.000000000000000000e+00
0.000000000000000000e+00
0.000000000000000000e+00
0.000000000000000000e+00
0.000000000000000000e+00
0.000000000000000000e+00
0.000000000000000000e+00
0.000000000000000000e+00
