4.039423926205885640e-01
7.843977197299153437e-01
1.454455270970482106e+00
1.804322823684397781e+00
1.645978414264177125e+00
1.989789551212464591e+00
2.493952147553282206e+00
2.683833968013800586e+00
3.069440935604061504e+00
4.552432490647277952e+00
4.693391924999830600e+00
4.994745674347157660e+00
4.735875934071517079e+00
4.517661030909542852e+00
7.752158574213446229e+00
5.012027698186438229e+00
5.729296654640489983e+00
6.742506440204823370e+00
7.065306778771712537e+00
7.216912099173059758e+00
7.198049477168905419e+00
7.522663389906687037e+00
7.243516892621127745e+00
1.133797879305346079e+01
8.572289066224190179e+00
9.371517622968799088e+00
8.925734928557217174e+00
9.796989696774566880e+00
9.856201087375508152e+00
1.023079645119186409e+01
1.046487568086787867e+01
1.083509903108154049e+01
1.318063750024737857e+01
1.121447745738402979e+01
1.160515286445997596e+01
1.188069366512381109e+01
1.810371219727517200e+01
1.347881064663123496e+01
1.429832566202448163e+01
2.493682474740532129e+01
1.716827919179729633e+01
1.436500223146693145e+01
2.349128759848895953e+01
2.903094293348774357e+01
3.992420289859595073e+01
0.000000000000000000e+00
0.000000000000000000e+00
0.000000000000000000e+00
0.000000000000000000e+00
0.000000000000000000e+00
0.000000000000000000e+00
0.000000000000000000e+00
0.000000000000000000e+00
0.000000000000000000e+00
0.000000000000000000e+00
0.000000000000000000e+00
0.000000000000000000e+00
0.000000000000000000e+00
0.000000000000000000e+00
0.000000000000000000e+00
0.000000000000000000e+00
0.000000000000000000e+00
0.000000000000000000e+00
0.000000000000000000e+00
0.000000000000000000e+00
0.000000000000000000e+00
0.000000000000000000e+00
0.000000000000000000e+00
0.000000000000000000e+00
0.000000000000000000e+00
0.000000000000000000e+00
0.000000000000000000e+00
0.000000000000000000e+00
0.000000000000000000e+00
0.000000000000000000e+00
0.000000000000000000e+00
0.000000000000000000e+00
0.000000000000000000e+00
0.000000000000000000e+00
0.000000000000000000e+00
0.000000000000000000e+00
0.000000000000000000e+00
0.000000000000000000e+00
0.000000000000000000e+00
0.000000000000000000e+00
0.000000000000000000e+00
0.000000000000000000e+00
0.000000000000000000e+00
0.000000000000000000e+00
0.000000000000000000e+00
0.000000000000000000e+00
0.000000000000000000e+00
0.000000000000000000e+00
0.000000000000000000e+00
0.000000000000000000e+00
0.000000000000000000e+00
0.000000000000000000e+00
0.000000000000000000e+00
0.000000000000000000e+00
0.000000000000000000e+00
