4.596324630784409115e-01
8.195669494447248571e-01
1.166243024033294828e+00
1.421298641696628895e+00
2.439039079758400952e+00
2.757823493663740244e+00
3.522037269913378399e+00
3.777055581349178404e+00
1.173158427199496323e+01
4.922555797656881005e+00
5.256276075763668842e+00
5.342038701808335510e+00
6.402920067162950701e+00
7.423070316925653778e+00
8.525657766159266515e+00
7.310101564619047920e+00
9.340533035339710466e+00
8.787367259655844975e+00
1.549287753686766855e+01
1.113836920460794389e+01
1.142475374737062666e+01
2.249391954018519968e+01
1.010882693458995973e+01
1.258928438829459573e+01
1.703140596928642125e+01
2.413070160818697474e+01
1.378332324376576068e+01
1.619060768116575488e+01
1.434037872736691099e+01
2.261588717550168681e+01
1.710680037896464967e+01
1.641530120103718104e+01
1.714583552285752077e+01
7.234684776012704788e+01
1.942983431443620066e+04
2.016902561522339965e+04
7.567061945256371473e+03
0.000000000000000000e+00
1.868579636548370399e+04
8.335217876512930161e+03
0.000000000000000000e+00
6.413428012601146293e+03
0.000000000000000000e+00
0.000000000000000000e+00
0.000000000000000000e+00
0.000000000000000000e+00
0.000000000000000000e+00
0.000000000000000000e+00
0.000000000000000000e+00
0.000000000000000000e+00
0.000000000000000000e+00
0.000000000000000000e+00
0.000000000000000000e+00
0.000000000000000000e+00
0.000000000000000000e+00
0.000000000000000000e+00
0.000000000000000000e+00
0.000000000000000000e+00
0.000000000000000000e+00
0.000000000000000000e+00
0.000000000000000000e+00
0.000000000000000000e+00
0.000000000000000000e+00
0.000000000000000000e+00
0.000000000000000000e+00
0.000000000000000000e+00
0.000000000000000000e+00
0.000000000000000000e+00
0.000000000000000000e+00
0.000000000000000000e+00
0.000000000000000000e+00
0.000000000000000000e+00
0.000000000000000000e+00
0.000000000000000000e+00
0.000000000000000000e+00
0.000000000000000000e+00
0.000000000000000000e+00
0.000000000000000000e+00
0.000000000000000000e+00
0.000000000000000000e+00
0.000000000000000000e+00
0.000000000000000000e+00
0.000000000000000000e+00
0.000000000000000000e+00
0.000000000000000000e+00
0.000000000000000000e+00
0.000000000000000000e+00
0.000000000000000000e+00
0.000000000000000000e+00
0.000000000000000000e+00
0.000000000000000000e+00
0.000000000000000000e+00
0.000000000000000000e+00
0.000000000000000000e+00
0.000000000000000000e+00
0.000000000000000000e+00
0.000000000000000000e+00
0.000000000000000000e+00
0.000000000000000000e+00
0.000000000000000000e+00
