4.659122884271775233e-01
9.328001033158986877e-01
1.364534397582657377e+00
1.703271575959647288e+00
2.538085943128746802e+00
4.183363313453460464e+00
2.812831365720727561e+00
3.759485377128216399e+00
4.050298145755744095e+00
6.015103228180658235e+00
5.196390356857613746e+00
5.949032908551051158e+00
5.910755301885917135e+00
6.323598057518021953e+00
7.131787848726238721e+00
7.360671933063756001e+00
7.360696045374074181e+00
8.420257779321911329e+00
9.645972750358820846e+00
9.131659078244073413e+00
9.915443018443800938e+00
1.101802410220118489e+01
1.126835598081745538e+01
1.129725909017567709e+01
1.175734148855010019e+01
1.261611122591892276e+01
1.322049949391126233e+01
1.367035579215682972e+01
1.338877343116490337e+01
1.383078914561433059e+01
1.436227267416303377e+01
1.443776896037606505e+01
1.524077966064376355e+01
1.583363756918186027e+01
7.900766929620434098e+01
2.265161452475787840e+01
2.994352277045451771e+01
1.367911607282648583e+04
3.917959754956072516e+01
2.207913988740451896e+04
1.799130981691783745e+04
2.346371100205760376e+04
0.000000000000000000e+00
0.000000000000000000e+00
0.000000000000000000e+00
0.000000000000000000e+00
0.000000000000000000e+00
0.000000000000000000e+00
0.000000000000000000e+00
0.000000000000000000e+00
0.000000000000000000e+00
0.000000000000000000e+00
0.000000000000000000e+00
0.000000000000000000e+00
0.000000000000000000e+00
0.000000000000000000e+00
0.000000000000000000e+00
0.000000000000000000e+00
0.000000000000000000e+00
0.000000000000000000e+00
0.000000000000000000e+00
0.000000000000000000e+00
0.000000000000000000e+00
0.000000000000000000e+00
0.000000000000000000e+00
0.000000000000000000e+00
0.000000000000000000e+00
0.000000000000000000e+00
0.000000000000000000e+00
0.000000000000000000e+00
0.000000000000000000e+00
0.000000000000000000e+00
0.000000000000000000e+00
0.000000000000000000e+00
0.000000000000000000e+00
0.000000000000000000e+00
0.000000000000000000e+00
0.000000000000000000e+00
0.000000000000000000e+00
0.000000000000000000e+00
0.000000000000000000e+00
0.000000000000000000e+00
0.000000000000000000e+00
0.000000000000000000e+00
0.000000000000000000e+00
0.000000000000000000e+00
0.000000000000000000e+00
0.000000000000000000e+00
0.000000000000000000e+00
0.000000000000000000e+00
0.000000000000000000e+00
0.000000000000000000e+00
0.000000000000000000e+00
0.000000000000000000e+00
0.000000000000000000e+00
0.000000000000000000e+00
0.000000000000000000e+00
0.000000000000000000e+00
0.000000000000000000e+00
0.000000000000000000e+00
