2.971724446667325381e-01
7.872306488861601226e-01
9.202015238046646894e-01
1.138718659676825951e+00
1.542732775625451191e+00
2.470183588549927478e+00
1.864696819388881988e+00
2.686412476975012176e+00
2.606409574482616343e+00
3.439980293099526687e+00
3.397444670516017062e+00
3.830058216947954008e+00
4.103484908372813322e+00
4.335502614365719154e+00
4.664064015189391732e+00
5.608192909184067432e+00
5.406075196658862936e+00
6.014205456002201799e+00
6.081133538480665734e+00
6.163964617228263165e+00
7.121313030609484507e+00
6.934140698155425220e+00
7.169344548551891627e+00
7.484671430527734870e+00
7.811284871669769814e+00
8.330307716808759366e+00
8.852563056515363016e+00
9.619304020046644865e+00
8.875317452024839682e+00
1.490460167921154344e+01
1.043752584701425334e+01
9.813790019517673713e+00
1.099397044574506488e+01
1.223504036789083749e+01
1.348548482920570457e+01
1.309341654491379359e+01
1.940440943032354326e+01
1.897243450211873395e+01
2.677441155051173283e+01
3.104680508741739331e+01
4.468043906634104445e+01
2.469378893952247722e+01
0.000000000000000000e+00
0.000000000000000000e+00
0.000000000000000000e+00
0.000000000000000000e+00
0.000000000000000000e+00
0.000000000000000000e+00
0.000000000000000000e+00
0.000000000000000000e+00
0.000000000000000000e+00
0.000000000000000000e+00
0.000000000000000000e+00
0.000000000000000000e+00
0.000000000000000000e+00
0.000000000000000000e+00
0.000000000000000000e+00
0.000000000000000000e+00
0.000000000000000000e+00
0.000000000000000000e+00
0.000000000000000000e+00
0.000000000000000000e+00
0.000000000000000000e+00
0.000000000000000000e+00
0.000000000000000000e+00
0.000000000000000000e+00
0.000000000000000000e+00
0.000000000000000000e+00
0.000000000000000000e+00
0.000000000000000000e+00
0.000000000000000000e+00
0.000000000000000000e+00
0.000000000000000000e+00
0.000000000000000000e+00
0.000000000000000000e+00
0.000000000000000000e+00
0.000000000000000000e+00
0.000000000000000000e+00
0.000000000000000000e+00
0.000000000000000000e+00
0.000000000000000000e+00
0.000000000000000000e+00
0.000000000000000000e+00
0.000000000000000000e+00
0.000000000000000000e+00
0.000000000000000000e+00
0.000000000000000000e+00
0.000000000000000000e+00
0.000000000000000000e+00
0.000000000000000000e+00
0.000000000000000000e+00
0.000000000000000000e+00
0.000000000000000000e+00
0.000000000000000000e+00
0.000000000000000000e+00
0.000000000000000000e+00
0.000000000000000000e+00
0.000000000000000000e+00
0.000000000000000000e+00
0.000000000000000000e+00
