8.632160172889842276e-01
1.505576475061561892e+00
2.172806111412962426e+00
3.481509610179094771e+00
4.969150855105945119e+00
7.562169164999319904e+00
8.811685384301719992e+00
8.487820227732683520e+00
7.532838592058483052e+00
9.430438804826991372e+00
1.026126176348582320e+01
9.868792168055344760e+00
1.438934540702793363e+01
1.259450281819156992e+01
1.274962289691591089e+01
1.640308016174467909e+01
1.996663241705554270e+01
2.555505586549627139e+01
2.055902383941565503e+01
3.322989590019416539e+01
2.359947862518024309e+01
2.750653621893434675e+01
2.239479791051454782e+01
3.685520821685301485e+01
1.966517911649662267e+02
9.435765548260850721e+01
7.591353452560286996e+01
3.794836335144810846e+01
1.289989803576364693e+02
5.145809825542459492e+01
1.832039794841119874e+04
1.050350841894430414e+04
0.000000000000000000e+00
1.758583638711504682e+04
1.252674908424694331e+04
0.000000000000000000e+00
9.460726635237699156e+03
5.931781577178207044e+03
0.000000000000000000e+00
0.000000000000000000e+00
0.000000000000000000e+00
0.000000000000000000e+00
0.000000000000000000e+00
0.000000000000000000e+00
0.000000000000000000e+00
0.000000000000000000e+00
0.000000000000000000e+00
0.000000000000000000e+00
0.000000000000000000e+00
0.000000000000000000e+00
0.000000000000000000e+00
0.000000000000000000e+00
0.000000000000000000e+00
0.000000000000000000e+00
0.000000000000000000e+00
0.000000000000000000e+00
0.000000000000000000e+00
0.000000000000000000e+00
0.000000000000000000e+00
0.000000000000000000e+00
0.000000000000000000e+00
0.000000000000000000e+00
0.000000000000000000e+00
0.000000000000000000e+00
0.000000000000000000e+00
0.000000000000000000e+00
0.000000000000000000e+00
0.000000000000000000e+00
0.000000000000000000e+00
0.000000000000000000e+00
0.000000000000000000e+00
0.000000000000000000e+00
0.000000000000000000e+00
0.000000000000000000e+00
0.000000000000000000e+00
0.000000000000000000e+00
0.000000000000000000e+00
0.000000000000000000e+00
0.000000000000000000e+00
0.000000000000000000e+00
0.000000000000000000e+00
0.000000000000000000e+00
0.000000000000000000e+00
0.000000000000000000e+00
0.000000000000000000e+00
0.000000000000000000e+00
0.000000000000000000e+00
0.000000000000000000e+00
0.000000000000000000e+00
0.000000000000000000e+00
0.000000000000000000e+00
0.000000000000000000e+00
0.000000000000000000e+00
0.000000000000000000e+00
0.000000000000000000e+00
0.000000000000000000e+00
0.000000000000000000e+00
0.000000000000000000e+00
0.000000000000000000e+00
0.000000000000000000e+00
