7.548184144523519823e-01
1.685823344544150837e+00
2.354765936822694528e+00
3.704812712283782616e+00
5.861613192715023679e+00
7.226821764778569523e+00
7.872213824801020721e+00
6.950009856691639065e+00
1.391576913375323343e+01
1.315945223038580281e+01
1.145587137607757278e+01
1.249679956972079076e+01
1.553661979957429651e+01
1.328595208373801917e+01
2.359069026987189943e+01
1.908582847010757177e+01
2.294451082865149161e+01
2.290796176938323470e+01
2.330339673428823843e+01
1.948221557625660694e+01
2.029517772411310617e+01
3.285459330174989390e+01
3.185495065900806466e+01
2.645521984246699176e+01
3.875092082472097843e+01
6.135658284304999910e+01
4.245738765392152914e+01
3.421716983911130683e+01
3.215255506649378958e+01
3.192406784448298041e+01
4.766880718154474295e+01
2.987062875517484599e+02
0.000000000000000000e+00
1.880106128947242178e+04
1.257920511009030270e+04
0.000000000000000000e+00
9.937300773470347849e+03
0.000000000000000000e+00
0.000000000000000000e+00
0.000000000000000000e+00
0.000000000000000000e+00
0.000000000000000000e+00
0.000000000000000000e+00
0.000000000000000000e+00
0.000000000000000000e+00
0.000000000000000000e+00
0.000000000000000000e+00
0.000000000000000000e+00
0.000000000000000000e+00
0.000000000000000000e+00
0.000000000000000000e+00
0.000000000000000000e+00
0.000000000000000000e+00
0.000000000000000000e+00
0.000000000000000000e+00
0.000000000000000000e+00
0.000000000000000000e+00
0.000000000000000000e+00
0.000000000000000000e+00
0.000000000000000000e+00
0.000000000000000000e+00
0.000000000000000000e+00
0.000000000000000000e+00
0.000000000000000000e+00
0.000000000000000000e+00
0.000000000000000000e+00
0.000000000000000000e+00
0.000000000000000000e+00
0.000000000000000000e+00
0.000000000000000000e+00
0.000000000000000000e+00
0.000000000000000000e+00
0.000000000000000000e+00
0.000000000000000000e+00
0.000000000000000000e+00
0.000000000000000000e+00
0.000000000000000000e+00
0.000000000000000000e+00
0.000000000000000000e+00
0.000000000000000000e+00
0.000000000000000000e+00
0.000000000000000000e+00
0.000000000000000000e+00
0.000000000000000000e+00
0.000000000000000000e+00
0.000000000000000000e+00
0.000000000000000000e+00
0.000000000000000000e+00
0.000000000000000000e+00
0.000000000000000000e+00
0.000000000000000000e+00
0.000000000000000000e+00
0.000000000000000000e+00
0.000000000000000000e+00
0.000000000000000000e+00
0.000000000000000000e+00
0.000000000000000000e+00
0.000000000000000000e+00
0.000000000000000000e+00
0.000000000000000000e+00
