4.523848013419294323e-01
9.766157077858637070e-01
1.419770110030885490e+00
1.925492036088603420e+00
2.717627311592856643e+00
2.827637900885788369e+00
3.350643215239387906e+00
5.287046928620306119e+00
4.805289990269036693e+00
4.789483018567419315e+00
5.329025716342249197e+00
5.999000218279854302e+00
6.918601351248419462e+00
6.929084985560153953e+00
9.663163566933254955e+00
7.563148366967300085e+00
9.124075701275424777e+00
8.988104322124224055e+00
9.066573918278123756e+00
1.160679782743705069e+01
9.826522419675361775e+00
1.059199027744905663e+01
1.207232610512528304e+01
1.223476439733555310e+01
1.247429942626800070e+01
1.376865736030288190e+01
1.413998123661713713e+01
1.450341688044854571e+01
1.428636429318015466e+01
1.572602428146496223e+01
1.599013357834126303e+01
1.628662797285771546e+01
2.264930449705485671e+01
2.628135186357514286e+01
3.881389303980524375e+01
2.027767966234747655e+04
2.292431809393843167e+01
7.559517294969153056e+01
1.261124947748769227e+04
2.138307624960179965e+04
0.000000000000000000e+00
0.000000000000000000e+00
0.000000000000000000e+00
0.000000000000000000e+00
0.000000000000000000e+00
0.000000000000000000e+00
0.000000000000000000e+00
0.000000000000000000e+00
0.000000000000000000e+00
0.000000000000000000e+00
0.000000000000000000e+00
0.000000000000000000e+00
0.000000000000000000e+00
0.000000000000000000e+00
0.000000000000000000e+00
0.000000000000000000e+00
0.000000000000000000e+00
0.000000000000000000e+00
0.000000000000000000e+00
0.000000000000000000e+00
0.000000000000000000e+00
0.000000000000000000e+00
0.000000000000000000e+00
0.000000000000000000e+00
0.000000000000000000e+00
0.000000000000000000e+00
0.000000000000000000e+00
0.000000000000000000e+00
0.000000000000000000e+00
0.000000000000000000e+00
0.000000000000000000e+00
0.000000000000000000e+00
0.000000000000000000e+00
0.000000000000000000e+00
0.000000000000000000e+00
0.000000000000000000e+00
0.000000000000000000e+00
0.000000000000000000e+00
0.000000000000000000e+00
0.000000000000000000e+00
0.000000000000000000e+00
0.000000000000000000e+00
0.000000000000000000e+00
0.000000000000000000e+00
0.000000000000000000e+00
0.000000000000000000e+00
0.000000000000000000e+00
0.000000000000000000e+00
0.000000000000000000e+00
0.000000000000000000e+00
0.000000000000000000e+00
0.000000000000000000e+00
0.000000000000000000e+00
0.000000000000000000e+00
0.000000000000000000e+00
0.000000000000000000e+00
0.000000000000000000e+00
0.000000000000000000e+00
0.000000000000000000e+00
0.000000000000000000e+00
