9.850816285816342555e-02
4.818046387090167970e-01
3.907951211706904293e-01
6.526033693061840113e-01
7.874668336849591777e-01
2.498156380009659561e+00
1.036552132198382825e+00
9.406669626227529335e+00
1.364224056727761036e+00
2.525637423043774366e+00
2.533278196118807113e+00
2.858627516434095295e+00
2.752838473817098564e+00
2.442108676889085395e+00
4.508372666967675357e+00
4.376926021316064563e+00
1.944117498609362428e+03
5.801127581720129989e+00
3.457639316143253261e+00
6.661949242789837911e+00
8.373415598176876529e+00
7.926546221992896157e+00
4.994350417865436498e+01
2.943760250093860577e+03
2.122975930027554270e+01
4.055772652991833382e+01
5.239531680625798060e+01
2.953418994885837279e+01
3.418764074954213328e+01
6.921170302579123756e+01
2.322460904630323597e+01
6.096267081739974714e+01
3.108504458158866512e+01
6.138606507436821147e+01
4.307340173526424110e+01
6.885568315928917116e+01
4.577458032912125674e+01
3.576432666589023768e+01
5.144071718894866052e+01
5.222947048670992132e+01
4.926324384264643186e+01
5.192270559631277393e+01
3.820857601244665602e+01
4.611461582222123923e+01
5.141122856368533434e+01
3.759345152429334291e+01
4.350862883494666278e+01
4.409103452197056328e+01
4.338933768228322663e+01
4.965643438150208056e+01
4.266087289761425438e+01
4.164829523611089712e+01
4.750999512249437373e+01
5.412738282128677270e+01
4.126592843633946472e+01
4.020890792647346501e+01
3.579994267268921959e+01
5.030313374519131031e+01
4.878199354070499538e+01
4.909603056424796108e+01
4.673259853543820697e+01
4.673039019174409958e+01
4.598606451535090400e+01
4.272719836353281408e+01
4.236907071863188179e+01
4.282054938746340156e+01
4.688352437831431985e+01
4.023574300024870354e+01
4.136624471981559736e+01
5.164559156070853874e+01
5.230886705985229668e+01
5.143382702094569936e+01
6.151212442230146138e+01
5.033180944297947690e+01
4.844806001999241829e+01
5.852031311040165207e+01
3.938482357106911991e+01
4.506313783390677230e+01
4.576354604251118019e+01
4.358589798754157840e+01
5.956742124825871088e+01
4.461412090013390497e+01
4.581015363127561812e+01
5.741807868426566586e+01
5.079668389205209422e+01
4.891121543893002155e+01
4.768917719229773411e+01
4.650152825325951511e+01
5.371101622015378041e+01
5.141508133955041870e+01
5.476545492149221417e+01
5.120014834712826968e+01
5.666072792254630741e+01
4.818383212476997812e+01
4.882990500768230646e+01
4.858630579217297907e+01
4.393037398029683516e+01
6.301788486610606554e+01
5.003247625654190500e+01
5.917713981311003124e+01
