5.961429989216557868e-01
1.869324315227322231e+00
2.718569214340494256e+00
3.192858041406993141e+00
4.200145074132771938e+00
5.171023742640555199e+00
7.663700542551770134e+00
7.661883467334764219e+00
8.782799997702289474e+00
8.348578461602102152e+00
9.784973095169425150e+00
9.817057540387988723e+00
1.148598036894076557e+01
1.263591258917342408e+01
1.327509550699886454e+01
1.434900984948508906e+01
1.480705651356027630e+01
1.886442958645124435e+01
1.652634209501398388e+01
1.740170076025145462e+01
1.629065027391395049e+01
1.935664774559095491e+01
1.937735688547891044e+01
2.603772817110738558e+01
2.055094260498674785e+01
2.375171085409181515e+01
2.343976270768368764e+01
2.494795101103684942e+01
2.592533711878608571e+01
2.554976804696953252e+01
2.713915528268356780e+01
2.824487821396754228e+01
3.038076620985993515e+01
4.586821910265231850e+01
3.564968899436550487e+01
5.044263163678862583e+01
3.024454947406636052e+01
3.933864832998580141e+01
6.289441103846306902e+01
3.244270757277131878e+01
0.000000000000000000e+00
0.000000000000000000e+00
0.000000000000000000e+00
0.000000000000000000e+00
0.000000000000000000e+00
0.000000000000000000e+00
0.000000000000000000e+00
0.000000000000000000e+00
0.000000000000000000e+00
0.000000000000000000e+00
0.000000000000000000e+00
0.000000000000000000e+00
0.000000000000000000e+00
0.000000000000000000e+00
0.000000000000000000e+00
0.000000000000000000e+00
0.000000000000000000e+00
0.000000000000000000e+00
0.000000000000000000e+00
0.000000000000000000e+00
0.000000000000000000e+00
0.000000000000000000e+00
0.000000000000000000e+00
0.000000000000000000e+00
0.000000000000000000e+00
0.000000000000000000e+00
0.000000000000000000e+00
0.000000000000000000e+00
0.000000000000000000e+00
0.000000000000000000e+00
0.000000000000000000e+00
0.000000000000000000e+00
0.000000000000000000e+00
0.000000000000000000e+00
0.000000000000000000e+00
0.000000000000000000e+00
0.000000000000000000e+00
0.000000000000000000e+00
0.000000000000000000e+00
0.000000000000000000e+00
0.000000000000000000e+00
0.000000000000000000e+00
0.000000000000000000e+00
0.000000000000000000e+00
0.000000000000000000e+00
0.000000000000000000e+00
0.000000000000000000e+00
0.000000000000000000e+00
0.000000000000000000e+00
0.000000000000000000e+00
0.000000000000000000e+00
0.000000000000000000e+00
0.000000000000000000e+00
0.000000000000000000e+00
0.000000000000000000e+00
0.000000000000000000e+00
0.000000000000000000e+00
0.000000000000000000e+00
0.000000000000000000e+00
0.000000000000000000e+00
