9.636396755324342367e-01
1.381244841634168274e+00
3.032529542255826716e+00
3.123811908579552821e+00
6.579309084753162118e+00
5.143536377050464736e+00
8.541091513332526475e+00
6.767977380145286936e+00
7.744461029066747493e+00
8.528527100329084121e+00
1.033639055728843914e+01
1.016615922414509221e+01
1.222054460325631808e+01
1.385517881119347017e+01
1.209884742559090931e+01
1.366822661854826748e+01
1.534293007604761172e+01
1.841180469088089922e+01
2.624199714143886553e+01
2.339404162636745355e+01
2.126325554136362328e+01
2.042515769349373400e+01
4.024328458971449862e+01
8.595495431479332638e+01
1.007751818862577977e+02
7.640256665555696713e+01
3.929929963471832366e+01
4.044390795274618000e+01
3.425070417591953742e+01
1.362124820760453986e+04
0.000000000000000000e+00
1.696594383811290390e+04
6.350003673203816106e+03
0.000000000000000000e+00
6.216663927114567741e+03
9.248357773720035766e+03
0.000000000000000000e+00
0.000000000000000000e+00
0.000000000000000000e+00
0.000000000000000000e+00
0.000000000000000000e+00
0.000000000000000000e+00
0.000000000000000000e+00
0.000000000000000000e+00
0.000000000000000000e+00
0.000000000000000000e+00
0.000000000000000000e+00
0.000000000000000000e+00
0.000000000000000000e+00
0.000000000000000000e+00
0.000000000000000000e+00
0.000000000000000000e+00
0.000000000000000000e+00
0.000000000000000000e+00
0.000000000000000000e+00
0.000000000000000000e+00
0.000000000000000000e+00
0.000000000000000000e+00
0.000000000000000000e+00
0.000000000000000000e+00
0.000000000000000000e+00
0.000000000000000000e+00
0.000000000000000000e+00
0.000000000000000000e+00
0.000000000000000000e+00
0.000000000000000000e+00
0.000000000000000000e+00
0.000000000000000000e+00
0.000000000000000000e+00
0.000000000000000000e+00
0.000000000000000000e+00
0.000000000000000000e+00
0.000000000000000000e+00
0.000000000000000000e+00
0.000000000000000000e+00
0.000000000000000000e+00
0.000000000000000000e+00
0.000000000000000000e+00
0.000000000000000000e+00
0.000000000000000000e+00
0.000000000000000000e+00
0.000000000000000000e+00
0.000000000000000000e+00
0.000000000000000000e+00
0.000000000000000000e+00
0.000000000000000000e+00
0.000000000000000000e+00
0.000000000000000000e+00
0.000000000000000000e+00
0.000000000000000000e+00
0.000000000000000000e+00
0.000000000000000000e+00
0.000000000000000000e+00
0.000000000000000000e+00
0.000000000000000000e+00
0.000000000000000000e+00
0.000000000000000000e+00
0.000000000000000000e+00
0.000000000000000000e+00
0.000000000000000000e+00
