1.143989431794195877e+00
2.237024055988999116e+00
3.514292139785099689e+00
4.481085628023375733e+00
6.182898259771704375e+00
6.902697650817438024e+00
7.981726237967778026e+00
9.281603951225594784e+00
1.067717970971755115e+01
1.179907913159694210e+01
1.227648545663615032e+01
1.407130729163263894e+01
1.462769849881044770e+01
1.652760362454447574e+01
1.759906366195516725e+01
1.907221856058859544e+01
1.877315323270079617e+01
2.074632693797453342e+01
2.137220531341327856e+01
2.513685907767245098e+01
2.472860133083320022e+01
2.483525045174943813e+01
2.641501358287661461e+01
2.733803163841466599e+01
2.866874734153885385e+01
2.826766871548198523e+01
3.144368173943744438e+01
3.277623190257889974e+01
3.537997422633964106e+01
1.629541325768311708e+02
1.908773046334138053e+04
1.602529052446088826e+02
8.816274013045342144e+03
0.000000000000000000e+00
2.158831816101636650e+04
1.137005769472652901e+04
0.000000000000000000e+00
0.000000000000000000e+00
0.000000000000000000e+00
0.000000000000000000e+00
0.000000000000000000e+00
0.000000000000000000e+00
0.000000000000000000e+00
0.000000000000000000e+00
0.000000000000000000e+00
0.000000000000000000e+00
0.000000000000000000e+00
0.000000000000000000e+00
0.000000000000000000e+00
0.000000000000000000e+00
0.000000000000000000e+00
0.000000000000000000e+00
0.000000000000000000e+00
0.000000000000000000e+00
0.000000000000000000e+00
0.000000000000000000e+00
0.000000000000000000e+00
0.000000000000000000e+00
0.000000000000000000e+00
0.000000000000000000e+00
0.000000000000000000e+00
0.000000000000000000e+00
0.000000000000000000e+00
0.000000000000000000e+00
0.000000000000000000e+00
0.000000000000000000e+00
0.000000000000000000e+00
0.000000000000000000e+00
0.000000000000000000e+00
0.000000000000000000e+00
0.000000000000000000e+00
0.000000000000000000e+00
0.000000000000000000e+00
0.000000000000000000e+00
0.000000000000000000e+00
0.000000000000000000e+00
0.000000000000000000e+00
0.000000000000000000e+00
0.000000000000000000e+00
0.000000000000000000e+00
0.000000000000000000e+00
0.000000000000000000e+00
0.000000000000000000e+00
0.000000000000000000e+00
0.000000000000000000e+00
0.000000000000000000e+00
0.000000000000000000e+00
0.000000000000000000e+00
0.000000000000000000e+00
0.000000000000000000e+00
0.000000000000000000e+00
0.000000000000000000e+00
0.000000000000000000e+00
0.000000000000000000e+00
0.000000000000000000e+00
0.000000000000000000e+00
0.000000000000000000e+00
0.000000000000000000e+00
0.000000000000000000e+00
0.000000000000000000e+00
