6.601017832047016975e-01
1.225955199453271360e+00
2.082387111281165826e+00
2.725564308457572249e+00
3.158909040771728183e+00
3.927091167814480865e+00
4.544247678098371601e+00
4.983833429208242016e+00
5.663258610729424269e+00
5.981999186126751411e+00
9.041394318801582841e+00
7.846233853921098955e+00
8.566737664992574608e+00
8.811144671887497282e+00
9.582908240511311959e+00
1.083652356083548263e+01
1.152749286614491631e+01
1.185946544392812640e+01
1.216153723340818082e+01
1.555061470188497275e+01
1.463797224221321791e+01
1.361056169768761137e+01
1.485237284835413796e+01
1.540587177527431706e+01
1.806364457874221685e+01
1.666098852441716360e+01
1.679022553976455612e+01
1.815182564059103143e+01
1.878915560639421400e+01
2.219741443746942977e+01
3.135616239673086625e+01
2.411666421745822930e+01
2.548315053681918840e+01
2.096171226983603628e+04
2.841686562490193424e+01
3.559509579894151443e+01
3.163890009600248732e+02
2.379363339415754308e+04
0.000000000000000000e+00
0.000000000000000000e+00
0.000000000000000000e+00
0.000000000000000000e+00
0.000000000000000000e+00
0.000000000000000000e+00
0.000000000000000000e+00
0.000000000000000000e+00
0.000000000000000000e+00
0.000000000000000000e+00
0.000000000000000000e+00
0.000000000000000000e+00
0.000000000000000000e+00
0.000000000000000000e+00
0.000000000000000000e+00
0.000000000000000000e+00
0.000000000000000000e+00
0.000000000000000000e+00
0.000000000000000000e+00
0.000000000000000000e+00
0.000000000000000000e+00
0.000000000000000000e+00
0.000000000000000000e+00
0.000000000000000000e+00
0.000000000000000000e+00
0.000000000000000000e+00
0.000000000000000000e+00
0.000000000000000000e+00
0.000000000000000000e+00
0.000000000000000000e+00
0.000000000000000000e+00
0.000000000000000000e+00
0.000000000000000000e+00
0.000000000000000000e+00
0.000000000000000000e+00
0.000000000000000000e+00
0.000000000000000000e+00
0.000000000000000000e+00
0.000000000000000000e+00
0.000000000000000000e+00
0.000000000000000000e+00
0.000000000000000000e+00
0.000000000000000000e+00
0.000000000000000000e+00
0.000000000000000000e+00
0.000000000000000000e+00
0.000000000000000000e+00
0.000000000000000000e+00
0.000000000000000000e+00
0.000000000000000000e+00
0.000000000000000000e+00
0.000000000000000000e+00
0.000000000000000000e+00
0.000000000000000000e+00
0.000000000000000000e+00
0.000000000000000000e+00
0.000000000000000000e+00
0.000000000000000000e+00
0.000000000000000000e+00
0.000000000000000000e+00
0.000000000000000000e+00
0.000000000000000000e+00
