5.656426516663068949e-01
1.059366225139875661e+00
1.448536198735830061e+00
2.071929366058435917e+00
3.464124658534497581e+00
3.326448675293873336e+00
3.581036831118312502e+00
4.102080166598589095e+00
4.747433617518791671e+00
5.129658742379993974e+00
7.074469087494875907e+00
6.430542072338824688e+00
7.891769384072954807e+00
7.502735973042143236e+00
7.851622556948756326e+00
8.654069485281695506e+00
8.001577429207923586e+00
1.084869540227993490e+01
9.437061756127718581e+00
1.146013783494517746e+01
1.086013458352724825e+01
1.207437432667094868e+01
1.124651050729946888e+01
1.310700000263720888e+01
1.278987567985805285e+01
1.489248516873712092e+01
1.507052304625631045e+01
1.660144898359107302e+01
1.502404152777135060e+01
1.572010400503841154e+01
1.643926876179018493e+01
1.696454149972904446e+01
3.834143479850236957e+01
1.851885307942694681e+01
2.131439303880645753e+01
2.430349599994023890e+01
2.745184050486891181e+01
9.251017891265709636e+01
0.000000000000000000e+00
0.000000000000000000e+00
0.000000000000000000e+00
0.000000000000000000e+00
0.000000000000000000e+00
0.000000000000000000e+00
0.000000000000000000e+00
0.000000000000000000e+00
0.000000000000000000e+00
0.000000000000000000e+00
0.000000000000000000e+00
0.000000000000000000e+00
0.000000000000000000e+00
0.000000000000000000e+00
0.000000000000000000e+00
0.000000000000000000e+00
0.000000000000000000e+00
0.000000000000000000e+00
0.000000000000000000e+00
0.000000000000000000e+00
0.000000000000000000e+00
0.000000000000000000e+00
0.000000000000000000e+00
0.000000000000000000e+00
0.000000000000000000e+00
0.000000000000000000e+00
0.000000000000000000e+00
0.000000000000000000e+00
0.000000000000000000e+00
0.000000000000000000e+00
0.000000000000000000e+00
0.000000000000000000e+00
0.000000000000000000e+00
0.000000000000000000e+00
0.000000000000000000e+00
0.000000000000000000e+00
0.000000000000000000e+00
0.000000000000000000e+00
0.000000000000000000e+00
0.000000000000000000e+00
0.000000000000000000e+00
0.000000000000000000e+00
0.000000000000000000e+00
0.000000000000000000e+00
0.000000000000000000e+00
0.000000000000000000e+00
0.000000000000000000e+00
0.000000000000000000e+00
0.000000000000000000e+00
0.000000000000000000e+00
0.000000000000000000e+00
0.000000000000000000e+00
0.000000000000000000e+00
0.000000000000000000e+00
0.000000000000000000e+00
0.000000000000000000e+00
0.000000000000000000e+00
0.000000000000000000e+00
0.000000000000000000e+00
0.000000000000000000e+00
0.000000000000000000e+00
0.000000000000000000e+00
