1.268080985623885937e+00
2.041349377668737475e+00
2.942962420788684863e+00
7.096394010825610721e+00
5.303473312297483311e+00
6.447107454346249433e+00
8.448888486134366715e+00
8.654911847670444303e+00
1.389109510000125169e+01
1.201195274408906322e+01
1.149147218980823126e+01
1.610923134398886702e+01
1.812759452752150580e+01
2.131401272344965392e+01
1.742357496045649157e+01
1.932278330363331875e+01
2.513921281225709237e+01
4.594624809353567940e+01
2.279615175216952849e+01
4.707421274118892285e+01
2.610481910432989139e+01
6.712030054143167490e+01
6.215914675090881758e+01
5.157734100973880942e+01
6.051263650926912163e+01
1.048829356275957565e+02
3.773705579448293435e+01
6.994307118841516058e+01
1.273626575719621360e+04
1.971144201802718817e+04
1.910343927321129013e+04
6.307457779838408896e+03
1.152116113163833870e+04
7.166900000643074236e+03
5.836274745706706199e+03
0.000000000000000000e+00
0.000000000000000000e+00
0.000000000000000000e+00
0.000000000000000000e+00
0.000000000000000000e+00
0.000000000000000000e+00
0.000000000000000000e+00
0.000000000000000000e+00
0.000000000000000000e+00
0.000000000000000000e+00
0.000000000000000000e+00
0.000000000000000000e+00
0.000000000000000000e+00
0.000000000000000000e+00
0.000000000000000000e+00
0.000000000000000000e+00
0.000000000000000000e+00
0.000000000000000000e+00
0.000000000000000000e+00
0.000000000000000000e+00
0.000000000000000000e+00
0.000000000000000000e+00
0.000000000000000000e+00
0.000000000000000000e+00
0.000000000000000000e+00
0.000000000000000000e+00
0.000000000000000000e+00
0.000000000000000000e+00
0.000000000000000000e+00
0.000000000000000000e+00
0.000000000000000000e+00
0.000000000000000000e+00
0.000000000000000000e+00
0.000000000000000000e+00
0.000000000000000000e+00
0.000000000000000000e+00
0.000000000000000000e+00
0.000000000000000000e+00
0.000000000000000000e+00
0.000000000000000000e+00
0.000000000000000000e+00
0.000000000000000000e+00
0.000000000000000000e+00
0.000000000000000000e+00
0.000000000000000000e+00
0.000000000000000000e+00
0.000000000000000000e+00
0.000000000000000000e+00
0.000000000000000000e+00
0.000000000000000000e+00
0.000000000000000000e+00
0.000000000000000000e+00
0.000000000000000000e+00
0.000000000000000000e+00
0.000000000000000000e+00
0.000000000000000000e+00
0.000000000000000000e+00
0.000000000000000000e+00
0.000000000000000000e+00
0.000000000000000000e+00
0.000000000000000000e+00
0.000000000000000000e+00
0.000000000000000000e+00
0.000000000000000000e+00
0.000000000000000000e+00
