7.100067657411829325e-01
1.353150882439603686e+00
1.791520341263158400e+00
3.239215888432609436e+00
4.208271380809581075e+00
3.362398038550526103e+00
5.744108889500713744e+00
5.353746994549596572e+00
5.983465660423782140e+00
6.337265231694434675e+00
7.390713012094844991e+00
8.053909299653115639e+00
1.006053589817503990e+01
8.753111445075070662e+00
1.018679734435671236e+01
1.122853732205452992e+01
1.100392440845240749e+01
1.452998225359107209e+01
1.257926684258144157e+01
1.497138186882760635e+01
1.597313453231610048e+01
2.019987860676771163e+01
1.633759905833795401e+01
1.834838762203813900e+01
1.729549073021519234e+01
2.317034096539623178e+01
1.866373734925675976e+01
2.183504324087033055e+01
1.729643968306649549e+04
1.940134021705345731e+04
1.857825937224789595e+04
0.000000000000000000e+00
1.546313228992287441e+04
6.711299316524276946e+03
6.229440572921245803e+03
0.000000000000000000e+00
0.000000000000000000e+00
0.000000000000000000e+00
0.000000000000000000e+00
0.000000000000000000e+00
0.000000000000000000e+00
0.000000000000000000e+00
0.000000000000000000e+00
0.000000000000000000e+00
0.000000000000000000e+00
0.000000000000000000e+00
0.000000000000000000e+00
0.000000000000000000e+00
0.000000000000000000e+00
0.000000000000000000e+00
0.000000000000000000e+00
0.000000000000000000e+00
0.000000000000000000e+00
0.000000000000000000e+00
0.000000000000000000e+00
0.000000000000000000e+00
0.000000000000000000e+00
0.000000000000000000e+00
0.000000000000000000e+00
0.000000000000000000e+00
0.000000000000000000e+00
0.000000000000000000e+00
0.000000000000000000e+00
0.000000000000000000e+00
0.000000000000000000e+00
0.000000000000000000e+00
0.000000000000000000e+00
0.000000000000000000e+00
0.000000000000000000e+00
0.000000000000000000e+00
0.000000000000000000e+00
0.000000000000000000e+00
0.000000000000000000e+00
0.000000000000000000e+00
0.000000000000000000e+00
0.000000000000000000e+00
0.000000000000000000e+00
0.000000000000000000e+00
0.000000000000000000e+00
0.000000000000000000e+00
0.000000000000000000e+00
0.000000000000000000e+00
0.000000000000000000e+00
0.000000000000000000e+00
0.000000000000000000e+00
0.000000000000000000e+00
0.000000000000000000e+00
0.000000000000000000e+00
0.000000000000000000e+00
0.000000000000000000e+00
0.000000000000000000e+00
0.000000000000000000e+00
0.000000000000000000e+00
0.000000000000000000e+00
0.000000000000000000e+00
0.000000000000000000e+00
0.000000000000000000e+00
0.000000000000000000e+00
0.000000000000000000e+00
0.000000000000000000e+00
