6.970710010654279642e-01
1.345635113496669311e+00
1.927701837158585674e+00
2.721430142953876974e+00
3.222553569797538486e+00
4.686043058909063141e+00
4.345432922478683402e+00
5.351393949762358382e+00
6.384382165815238430e+00
7.432926637352164079e+00
8.464201576938833682e+00
8.291539764090352094e+00
8.787093715110348313e+00
9.683332638327048159e+00
1.024565629668214584e+01
1.075560815954842120e+01
1.151273454022014064e+01
1.172576759702885418e+01
1.249923312079149973e+01
1.409340885193233284e+01
1.433778138949185887e+01
1.507379326969696542e+01
1.678346147019695778e+01
1.871911255180892297e+01
1.700455528943647465e+01
2.335592446617268081e+01
2.136568127911070292e+01
1.826773201507405631e+01
2.021055023779295823e+01
3.255749379509973807e+01
4.464827584484226008e+01
2.012730803630534865e+04
2.301961552866183069e+01
2.213184845508598664e+04
4.321521254522443911e+01
0.000000000000000000e+00
0.000000000000000000e+00
0.000000000000000000e+00
0.000000000000000000e+00
0.000000000000000000e+00
0.000000000000000000e+00
0.000000000000000000e+00
0.000000000000000000e+00
0.000000000000000000e+00
0.000000000000000000e+00
0.000000000000000000e+00
0.000000000000000000e+00
0.000000000000000000e+00
0.000000000000000000e+00
0.000000000000000000e+00
0.000000000000000000e+00
0.000000000000000000e+00
0.000000000000000000e+00
0.000000000000000000e+00
0.000000000000000000e+00
0.000000000000000000e+00
0.000000000000000000e+00
0.000000000000000000e+00
0.000000000000000000e+00
0.000000000000000000e+00
0.000000000000000000e+00
0.000000000000000000e+00
0.000000000000000000e+00
0.000000000000000000e+00
0.000000000000000000e+00
0.000000000000000000e+00
0.000000000000000000e+00
0.000000000000000000e+00
0.000000000000000000e+00
0.000000000000000000e+00
0.000000000000000000e+00
0.000000000000000000e+00
0.000000000000000000e+00
0.000000000000000000e+00
0.000000000000000000e+00
0.000000000000000000e+00
0.000000000000000000e+00
0.000000000000000000e+00
0.000000000000000000e+00
0.000000000000000000e+00
0.000000000000000000e+00
0.000000000000000000e+00
0.000000000000000000e+00
0.000000000000000000e+00
0.000000000000000000e+00
0.000000000000000000e+00
0.000000000000000000e+00
0.000000000000000000e+00
0.000000000000000000e+00
0.000000000000000000e+00
0.000000000000000000e+00
0.000000000000000000e+00
0.000000000000000000e+00
0.000000000000000000e+00
0.000000000000000000e+00
0.000000000000000000e+00
0.000000000000000000e+00
0.000000000000000000e+00
0.000000000000000000e+00
0.000000000000000000e+00
