5.713426613725799408e-01
1.106969805005435292e+00
1.414579729551297405e+00
2.360769575090924555e+00
2.518901758754749753e+00
2.993489269039321776e+00
3.825850026729009201e+00
4.834442714658963247e+00
5.185039674384245956e+00
5.690609776001354980e+00
6.279515555903540935e+00
6.952823538068964027e+00
7.476138586603765290e+00
8.806725645210010001e+00
8.361965889113188055e+00
8.639358232348369526e+00
9.895736733765600590e+00
1.016578261112961101e+01
1.081050299641737666e+01
1.092504145807160576e+01
1.276566292437304106e+01
1.207049642069288353e+01
1.386395409069996987e+01
1.590870415152328832e+01
1.412442308501542776e+01
1.505331483566268780e+01
1.551072952827884421e+01
1.550067790586955141e+01
1.574466155979889592e+01
1.904170162423666213e+01
1.843394043763024825e+01
5.443817704665072199e+01
2.322634642960245088e+01
3.444366500091631167e+01
1.768026075764723544e+02
8.189886730903244825e+03
0.000000000000000000e+00
0.000000000000000000e+00
0.000000000000000000e+00
0.000000000000000000e+00
0.000000000000000000e+00
0.000000000000000000e+00
0.000000000000000000e+00
0.000000000000000000e+00
0.000000000000000000e+00
0.000000000000000000e+00
0.000000000000000000e+00
0.000000000000000000e+00
0.000000000000000000e+00
0.000000000000000000e+00
0.000000000000000000e+00
0.000000000000000000e+00
0.000000000000000000e+00
0.000000000000000000e+00
0.000000000000000000e+00
0.000000000000000000e+00
0.000000000000000000e+00
0.000000000000000000e+00
0.000000000000000000e+00
0.000000000000000000e+00
0.000000000000000000e+00
0.000000000000000000e+00
0.000000000000000000e+00
0.000000000000000000e+00
0.000000000000000000e+00
0.000000000000000000e+00
0.000000000000000000e+00
0.000000000000000000e+00
0.000000000000000000e+00
0.000000000000000000e+00
0.000000000000000000e+00
0.000000000000000000e+00
0.000000000000000000e+00
0.000000000000000000e+00
0.000000000000000000e+00
0.000000000000000000e+00
0.000000000000000000e+00
0.000000000000000000e+00
0.000000000000000000e+00
0.000000000000000000e+00
0.000000000000000000e+00
0.000000000000000000e+00
0.000000000000000000e+00
0.000000000000000000e+00
0.000000000000000000e+00
0.000000000000000000e+00
0.000000000000000000e+00
0.000000000000000000e+00
0.000000000000000000e+00
0.000000000000000000e+00
0.000000000000000000e+00
0.000000000000000000e+00
0.000000000000000000e+00
0.000000000000000000e+00
0.000000000000000000e+00
0.000000000000000000e+00
0.000000000000000000e+00
0.000000000000000000e+00
0.000000000000000000e+00
0.000000000000000000e+00
