1.833003713520331424e-01
4.460044105330955855e-01
5.074594292404216445e-01
7.100528134936537894e-01
9.274388293845932107e-01
2.371065824405169220e+00
1.086954388412827210e+00
2.531751656094133995e+00
1.462478228403212066e+00
1.895555826698881230e+00
1.877651703337084088e+00
3.142890152870240872e+00
2.901975613851253577e+00
2.624446146940227376e+00
1.271375797123735829e+01
3.637286846970342324e+00
1.030144907058879866e+01
5.145067603265649936e+00
2.809927495783146600e+00
4.266297143208545251e+00
8.065035139395337893e+00
9.021501055590405826e+00
1.788537979967726343e+01
1.572880568306922378e+01
1.208913263672255844e+01
1.357560669385907737e+01
8.458145592348111919e+00
9.146505810842835871e+00
9.672205431241900797e+00
2.319914816783500555e+01
9.248300800760548057e+00
4.297212555276806597e+03
2.629866754742342749e+01
2.307011807467872444e+01
1.805284444378929365e+01
3.259480679401614367e+01
2.624457962135374700e+01
2.523249088528223893e+01
3.135251356663477651e+01
2.642249815016685588e+01
2.519095241325950596e+01
3.232191684109761809e+01
3.831764776312758158e+01
5.976223734821332556e+01
3.408465499375643759e+01
4.420008542334188206e+01
3.177955350996304063e+01
2.705263645038482068e+01
3.440578556337961658e+01
2.992627577834676345e+01
2.657940553781330095e+01
3.230556479503881206e+01
3.316514465251803045e+01
5.408694654459416995e+01
3.166336435841964914e+01
3.029110383229524928e+01
2.805151267932303227e+01
3.780133523238111337e+01
3.373095342933741847e+01
3.787696291177766028e+01
3.440590914295480474e+01
3.401824656900646460e+01
4.142268047508123630e+01
3.583946440793430810e+01
2.812908823450764828e+01
3.946322090537215388e+01
3.257495141391409987e+01
3.613392898186314994e+01
3.839374797009175921e+01
3.975011571595605631e+01
3.882029266627851882e+01
4.170202871678670675e+01
4.144951539819746955e+01
4.723119400766264420e+01
4.126428044685167862e+01
3.913691784674470142e+01
4.351881961014391464e+01
4.355580718972748855e+01
3.706289305336073880e+01
4.636420050211079769e+01
5.041416283564894485e+01
4.650193375300106879e+01
4.529284315670821570e+01
4.641459940726930711e+01
4.362046822508504107e+01
4.357682995553971494e+01
4.874645416831339162e+01
5.203240611256858017e+01
4.866865266517472577e+01
4.643615667041409978e+01
4.689238157629480241e+01
4.877436430155420055e+01
4.523871139553398990e+01
4.654532629485347428e+01
4.666207039861397021e+01
4.634542354711460632e+01
5.456006167493065107e+01
5.203625308639118430e+01
5.440897833673161443e+01
5.935041287417431022e+01
