1.007626555307199911e+00
1.657567945094122308e+00
1.009405004395678418e+01
5.679928930547838206e+00
5.223439826116240248e+00
6.191863471728478174e+00
8.932724792740071251e+00
1.207255507927474270e+01
1.001173636974640146e+01
1.343034415332313358e+01
1.111562902206268078e+01
1.182920006369700694e+01
1.695129867032522597e+01
1.409143841062441105e+01
2.497905079815420493e+01
1.726610060171734062e+01
2.172807005168586159e+01
3.443648273168918195e+01
4.391733412476502707e+01
3.474228944037191980e+01
2.489226540250524167e+01
3.215240763175450667e+01
2.873905062499845542e+01
2.809240629754616592e+01
3.375304275012112498e+01
3.248564536414350812e+01
3.879012157924858428e+01
1.951312162534135859e+04
1.957356385736043376e+04
0.000000000000000000e+00
1.029439112498721443e+04
8.772301573350105173e+03
0.000000000000000000e+00
0.000000000000000000e+00
0.000000000000000000e+00
0.000000000000000000e+00
0.000000000000000000e+00
0.000000000000000000e+00
0.000000000000000000e+00
0.000000000000000000e+00
0.000000000000000000e+00
0.000000000000000000e+00
0.000000000000000000e+00
0.000000000000000000e+00
0.000000000000000000e+00
0.000000000000000000e+00
0.000000000000000000e+00
0.000000000000000000e+00
0.000000000000000000e+00
0.000000000000000000e+00
0.000000000000000000e+00
0.000000000000000000e+00
0.000000000000000000e+00
0.000000000000000000e+00
0.000000000000000000e+00
0.000000000000000000e+00
0.000000000000000000e+00
0.000000000000000000e+00
0.000000000000000000e+00
0.000000000000000000e+00
0.000000000000000000e+00
0.000000000000000000e+00
0.000000000000000000e+00
0.000000000000000000e+00
0.000000000000000000e+00
0.000000000000000000e+00
0.000000000000000000e+00
0.000000000000000000e+00
0.000000000000000000e+00
0.000000000000000000e+00
0.000000000000000000e+00
0.000000000000000000e+00
0.000000000000000000e+00
0.000000000000000000e+00
0.000000000000000000e+00
0.000000000000000000e+00
0.000000000000000000e+00
0.000000000000000000e+00
0.000000000000000000e+00
0.000000000000000000e+00
0.000000000000000000e+00
0.000000000000000000e+00
0.000000000000000000e+00
0.000000000000000000e+00
0.000000000000000000e+00
0.000000000000000000e+00
0.000000000000000000e+00
0.000000000000000000e+00
0.000000000000000000e+00
0.000000000000000000e+00
0.000000000000000000e+00
0.000000000000000000e+00
0.000000000000000000e+00
0.000000000000000000e+00
0.000000000000000000e+00
0.000000000000000000e+00
0.000000000000000000e+00
0.000000000000000000e+00
0.000000000000000000e+00
0.000000000000000000e+00
