6.138140027230625240e-01
1.058472491187298692e+00
2.611148386475310001e+00
2.118956052135455348e+00
3.237777929549723765e+00
3.182415447998133917e+00
5.728119212660336856e+00
5.279294559144488197e+00
5.389488718418118829e+00
6.441005268054281530e+00
8.837138308904247452e+00
9.093730689485255425e+00
7.261883604543447390e+00
8.824859147135285298e+00
8.989481529335058951e+00
9.726813924691976254e+00
9.497769070127951352e+00
1.051950750284858493e+01
1.064108943781247163e+01
1.132012600497124488e+01
1.250626147180726200e+01
1.366828231521128423e+01
1.463809689438335582e+01
1.464704880785581764e+01
1.735954305921637797e+01
1.487821913182556344e+01
1.632497942889553855e+01
6.287998027536001189e+01
1.073227816336466702e+02
0.000000000000000000e+00
1.996257212423701617e+02
4.894880725245687358e+01
2.298593587060054779e+04
5.260747619969437494e+01
0.000000000000000000e+00
0.000000000000000000e+00
0.000000000000000000e+00
0.000000000000000000e+00
0.000000000000000000e+00
0.000000000000000000e+00
0.000000000000000000e+00
0.000000000000000000e+00
0.000000000000000000e+00
0.000000000000000000e+00
0.000000000000000000e+00
0.000000000000000000e+00
0.000000000000000000e+00
0.000000000000000000e+00
0.000000000000000000e+00
0.000000000000000000e+00
0.000000000000000000e+00
0.000000000000000000e+00
0.000000000000000000e+00
0.000000000000000000e+00
0.000000000000000000e+00
0.000000000000000000e+00
0.000000000000000000e+00
0.000000000000000000e+00
0.000000000000000000e+00
0.000000000000000000e+00
0.000000000000000000e+00
0.000000000000000000e+00
0.000000000000000000e+00
0.000000000000000000e+00
0.000000000000000000e+00
0.000000000000000000e+00
0.000000000000000000e+00
0.000000000000000000e+00
0.000000000000000000e+00
0.000000000000000000e+00
0.000000000000000000e+00
0.000000000000000000e+00
0.000000000000000000e+00
0.000000000000000000e+00
0.000000000000000000e+00
0.000000000000000000e+00
0.000000000000000000e+00
0.000000000000000000e+00
0.000000000000000000e+00
0.000000000000000000e+00
0.000000000000000000e+00
0.000000000000000000e+00
0.000000000000000000e+00
0.000000000000000000e+00
0.000000000000000000e+00
0.000000000000000000e+00
0.000000000000000000e+00
0.000000000000000000e+00
0.000000000000000000e+00
0.000000000000000000e+00
0.000000000000000000e+00
0.000000000000000000e+00
0.000000000000000000e+00
0.000000000000000000e+00
0.000000000000000000e+00
0.000000000000000000e+00
0.000000000000000000e+00
0.000000000000000000e+00
0.000000000000000000e+00
0.000000000000000000e+00
