6.700516839442184347e-01
1.229943552005545726e+00
2.236913359784603816e+00
3.499595179964834823e+00
3.310248388768816330e+00
3.856022353737916575e+00
4.814076054903347668e+00
5.251588470604779957e+00
5.866036716238720139e+00
6.859810257253549537e+00
6.902005234613888263e+00
8.511702609444402157e+00
8.904867930276029853e+00
9.176835204804156376e+00
1.016004909795069544e+01
1.052323886314417933e+01
1.051741851211048129e+01
1.177480095757872114e+01
1.195097676032369449e+01
1.316935907813248363e+01
1.346432646762807828e+01
1.504043390170780015e+01
1.624123758362961922e+01
1.573647281293369460e+01
1.561452494724604989e+01
1.614678378904093492e+01
1.863035215672605105e+01
1.858024782557919607e+01
2.075560597883170644e+01
2.274165102077738609e+01
2.172834973271337233e+01
2.116301920835433492e+01
2.251952940699965566e+01
2.456400050432578652e+01
0.000000000000000000e+00
0.000000000000000000e+00
0.000000000000000000e+00
0.000000000000000000e+00
0.000000000000000000e+00
0.000000000000000000e+00
0.000000000000000000e+00
0.000000000000000000e+00
0.000000000000000000e+00
0.000000000000000000e+00
0.000000000000000000e+00
0.000000000000000000e+00
0.000000000000000000e+00
0.000000000000000000e+00
0.000000000000000000e+00
0.000000000000000000e+00
0.000000000000000000e+00
0.000000000000000000e+00
0.000000000000000000e+00
0.000000000000000000e+00
0.000000000000000000e+00
0.000000000000000000e+00
0.000000000000000000e+00
0.000000000000000000e+00
0.000000000000000000e+00
0.000000000000000000e+00
0.000000000000000000e+00
0.000000000000000000e+00
0.000000000000000000e+00
0.000000000000000000e+00
0.000000000000000000e+00
0.000000000000000000e+00
0.000000000000000000e+00
0.000000000000000000e+00
0.000000000000000000e+00
0.000000000000000000e+00
0.000000000000000000e+00
0.000000000000000000e+00
0.000000000000000000e+00
0.000000000000000000e+00
0.000000000000000000e+00
0.000000000000000000e+00
0.000000000000000000e+00
0.000000000000000000e+00
0.000000000000000000e+00
0.000000000000000000e+00
0.000000000000000000e+00
0.000000000000000000e+00
0.000000000000000000e+00
0.000000000000000000e+00
0.000000000000000000e+00
0.000000000000000000e+00
0.000000000000000000e+00
0.000000000000000000e+00
0.000000000000000000e+00
0.000000000000000000e+00
0.000000000000000000e+00
0.000000000000000000e+00
0.000000000000000000e+00
0.000000000000000000e+00
0.000000000000000000e+00
0.000000000000000000e+00
0.000000000000000000e+00
0.000000000000000000e+00
0.000000000000000000e+00
0.000000000000000000e+00
