2.118910746261800426e+00
3.083327836505768804e+00
5.489398981238208464e+00
7.147259840717492096e+00
8.759000407833887891e+00
8.856402069621509554e+00
1.195410857461208209e+01
1.231843552430093069e+01
1.741660817821911422e+01
1.918972126766031039e+01
2.013065663694866458e+01
2.052900952129910195e+01
2.683863846726075764e+01
3.128588543569864555e+01
2.630238018280189394e+01
4.041533422171684009e+01
5.293458427335853145e+01
3.514233996191354947e+01
4.035486611290008341e+01
2.682748163004593493e+02
1.258835651395810658e+02
1.306838213512880884e+02
6.338624883102921359e+01
5.781906294532434742e+01
7.034164693375504385e+01
1.142341075131276739e+04
1.478616154247149461e+04
1.883200471986830598e+04
0.000000000000000000e+00
1.030246181290682580e+04
7.139120973344711274e+03
0.000000000000000000e+00
0.000000000000000000e+00
0.000000000000000000e+00
0.000000000000000000e+00
0.000000000000000000e+00
0.000000000000000000e+00
0.000000000000000000e+00
0.000000000000000000e+00
0.000000000000000000e+00
0.000000000000000000e+00
0.000000000000000000e+00
0.000000000000000000e+00
0.000000000000000000e+00
0.000000000000000000e+00
0.000000000000000000e+00
0.000000000000000000e+00
0.000000000000000000e+00
0.000000000000000000e+00
0.000000000000000000e+00
0.000000000000000000e+00
0.000000000000000000e+00
0.000000000000000000e+00
0.000000000000000000e+00
0.000000000000000000e+00
0.000000000000000000e+00
0.000000000000000000e+00
0.000000000000000000e+00
0.000000000000000000e+00
0.000000000000000000e+00
0.000000000000000000e+00
0.000000000000000000e+00
0.000000000000000000e+00
0.000000000000000000e+00
0.000000000000000000e+00
0.000000000000000000e+00
0.000000000000000000e+00
0.000000000000000000e+00
0.000000000000000000e+00
0.000000000000000000e+00
0.000000000000000000e+00
0.000000000000000000e+00
0.000000000000000000e+00
0.000000000000000000e+00
0.000000000000000000e+00
0.000000000000000000e+00
0.000000000000000000e+00
0.000000000000000000e+00
0.000000000000000000e+00
0.000000000000000000e+00
0.000000000000000000e+00
0.000000000000000000e+00
0.000000000000000000e+00
0.000000000000000000e+00
0.000000000000000000e+00
0.000000000000000000e+00
0.000000000000000000e+00
0.000000000000000000e+00
0.000000000000000000e+00
0.000000000000000000e+00
0.000000000000000000e+00
0.000000000000000000e+00
0.000000000000000000e+00
0.000000000000000000e+00
0.000000000000000000e+00
0.000000000000000000e+00
0.000000000000000000e+00
0.000000000000000000e+00
0.000000000000000000e+00
0.000000000000000000e+00
