1.202623447247427535e+00
2.095258604483506204e+00
3.295438749777691356e+00
4.405010745866667854e+00
5.270741606706008220e+00
6.654828993566579420e+00
8.963893907454217214e+00
8.379990028319777906e+00
1.006281423607213377e+01
1.207515495975832565e+01
1.262274801794245960e+01
1.475686381748800535e+01
1.401940530808271568e+01
1.477773040122048620e+01
1.750757446036854859e+01
1.762572356727729783e+01
1.738551807361666945e+01
1.881684439149151800e+01
2.168903534272248024e+01
2.077293100366997791e+01
2.623077035382050681e+01
2.410832368164246375e+01
2.452203673991826349e+01
2.558279391762872024e+01
2.680033310112695233e+01
3.758515118156718415e+01
2.944944578955240999e+01
5.293508451249694957e+01
1.638881529208524341e+02
1.059623967977286441e+02
2.264247231197556903e+04
2.177868118105711983e+04
0.000000000000000000e+00
0.000000000000000000e+00
0.000000000000000000e+00
0.000000000000000000e+00
0.000000000000000000e+00
0.000000000000000000e+00
0.000000000000000000e+00
0.000000000000000000e+00
0.000000000000000000e+00
0.000000000000000000e+00
0.000000000000000000e+00
0.000000000000000000e+00
0.000000000000000000e+00
0.000000000000000000e+00
0.000000000000000000e+00
0.000000000000000000e+00
0.000000000000000000e+00
0.000000000000000000e+00
0.000000000000000000e+00
0.000000000000000000e+00
0.000000000000000000e+00
0.000000000000000000e+00
0.000000000000000000e+00
0.000000000000000000e+00
0.000000000000000000e+00
0.000000000000000000e+00
0.000000000000000000e+00
0.000000000000000000e+00
0.000000000000000000e+00
0.000000000000000000e+00
0.000000000000000000e+00
0.000000000000000000e+00
0.000000000000000000e+00
0.000000000000000000e+00
0.000000000000000000e+00
0.000000000000000000e+00
0.000000000000000000e+00
0.000000000000000000e+00
0.000000000000000000e+00
0.000000000000000000e+00
0.000000000000000000e+00
0.000000000000000000e+00
0.000000000000000000e+00
0.000000000000000000e+00
0.000000000000000000e+00
0.000000000000000000e+00
0.000000000000000000e+00
0.000000000000000000e+00
0.000000000000000000e+00
0.000000000000000000e+00
0.000000000000000000e+00
0.000000000000000000e+00
0.000000000000000000e+00
0.000000000000000000e+00
0.000000000000000000e+00
0.000000000000000000e+00
0.000000000000000000e+00
0.000000000000000000e+00
0.000000000000000000e+00
0.000000000000000000e+00
0.000000000000000000e+00
0.000000000000000000e+00
0.000000000000000000e+00
0.000000000000000000e+00
0.000000000000000000e+00
0.000000000000000000e+00
0.000000000000000000e+00
0.000000000000000000e+00
