7.421176388473905705e-01
1.195056688952689683e+00
1.797444657188357775e+00
2.571263118045750140e+00
2.810407741005114257e+00
3.436239097473804627e+00
4.136005548913920471e+00
4.810265252855434603e+00
5.655932098547710396e+00
5.626838240699730598e+00
6.657526363937884994e+00
6.841070999593022783e+00
7.770965218205846625e+00
8.424352960543686208e+00
8.984783491602243544e+00
1.032776697654662890e+01
1.072903393449147558e+01
1.090690592665911751e+01
1.119979441842345835e+01
1.160918960561569868e+01
1.379244644440866985e+01
1.513350499391532011e+01
1.534935754996876511e+01
1.584272167085329741e+01
1.870847423407782273e+01
1.583773981775831174e+01
1.750297992428582461e+01
1.867487771256205775e+01
7.678368272999088617e+01
1.808137316113079152e+01
8.483470160892264289e+01
2.276713523011040525e+04
0.000000000000000000e+00
0.000000000000000000e+00
0.000000000000000000e+00
0.000000000000000000e+00
0.000000000000000000e+00
0.000000000000000000e+00
0.000000000000000000e+00
0.000000000000000000e+00
0.000000000000000000e+00
0.000000000000000000e+00
0.000000000000000000e+00
0.000000000000000000e+00
0.000000000000000000e+00
0.000000000000000000e+00
0.000000000000000000e+00
0.000000000000000000e+00
0.000000000000000000e+00
0.000000000000000000e+00
0.000000000000000000e+00
0.000000000000000000e+00
0.000000000000000000e+00
0.000000000000000000e+00
0.000000000000000000e+00
0.000000000000000000e+00
0.000000000000000000e+00
0.000000000000000000e+00
0.000000000000000000e+00
0.000000000000000000e+00
0.000000000000000000e+00
0.000000000000000000e+00
0.000000000000000000e+00
0.000000000000000000e+00
0.000000000000000000e+00
0.000000000000000000e+00
0.000000000000000000e+00
0.000000000000000000e+00
0.000000000000000000e+00
0.000000000000000000e+00
0.000000000000000000e+00
0.000000000000000000e+00
0.000000000000000000e+00
0.000000000000000000e+00
0.000000000000000000e+00
0.000000000000000000e+00
0.000000000000000000e+00
0.000000000000000000e+00
0.000000000000000000e+00
0.000000000000000000e+00
0.000000000000000000e+00
0.000000000000000000e+00
0.000000000000000000e+00
0.000000000000000000e+00
0.000000000000000000e+00
0.000000000000000000e+00
0.000000000000000000e+00
0.000000000000000000e+00
0.000000000000000000e+00
0.000000000000000000e+00
0.000000000000000000e+00
0.000000000000000000e+00
0.000000000000000000e+00
0.000000000000000000e+00
0.000000000000000000e+00
0.000000000000000000e+00
0.000000000000000000e+00
0.000000000000000000e+00
0.000000000000000000e+00
0.000000000000000000e+00
