2.091726762306000964e-01
6.898276127700675442e-01
6.640823438428058445e-01
1.085697814861477539e+00
1.285564969630079935e+00
1.730206442429976788e+00
1.214626300932631908e+00
2.583896441640476382e+00
1.588085013405527768e+00
2.135711542483752723e+00
2.404386138905068027e+00
3.664087045002664134e+00
3.015265664637166942e+00
3.018371312019650698e+00
7.461182645898884580e+00
4.170331783626598288e+00
1.614902201630016521e+01
4.583546864394866027e+00
4.027975147240268505e+00
4.698082802514391254e+00
6.960630707251334925e+00
7.322682119557196501e+00
1.749484859670849701e+01
9.697416250413793293e+00
1.223454981941964448e+01
1.958077828440046630e+01
1.834301307955730920e+01
1.283198388358071362e+01
1.290826898288441882e+01
2.290395030308122415e+01
6.872722501304695086e+00
1.536947082408706322e+01
1.096300303466040305e+01
1.589441292856179722e+01
2.109401369163308715e+01
3.481662021791407113e+01
3.276632828214045645e+01
1.872860721889271218e+01
2.403721892904192003e+01
1.141326079813811134e+01
1.880653883722011699e+01
2.446834349501513017e+01
2.350503218983395470e+01
2.007640907832110244e+01
2.367835335081189641e+01
2.379577361239306299e+01
2.930319757661617786e+01
3.015642369411462553e+01
1.849163523451455049e+01
2.639969031392028498e+01
2.109955258204377060e+01
3.874907905718342960e+01
2.054790504842178578e+01
3.791006915255810128e+01
2.175519004522387334e+01
2.178702873237911319e+01
3.985471673832176975e+01
2.068555642328545829e+01
3.409837638070982280e+01
3.309509677496050273e+01
2.768896208282214033e+01
2.472193782694838049e+01
2.782457683724512165e+01
2.325902726949822252e+01
2.208000365029315759e+01
4.335353972746219142e+01
2.951579873371456841e+01
3.359494121853973780e+01
2.716135752721866936e+01
2.599536814720882560e+01
3.095031720716111678e+01
3.086604403468777136e+01
3.374863327230543320e+01
4.079246659352956073e+01
4.048573415039277279e+01
2.917822707726913123e+01
4.031939310273319421e+01
3.501250371353627600e+01
3.114446792621009408e+01
3.571204686046039001e+01
3.423846632795871869e+01
3.792947451702004713e+01
3.166368362743030929e+01
3.701376335017157970e+01
3.203472193851474970e+01
3.295641130829891097e+01
4.474109941104818944e+01
4.362900325347311536e+01
4.260985991252475458e+01
3.526602057041250049e+01
5.006910719053248471e+01
4.051696829772668451e+01
3.596866318684723751e+01
3.324151429475124786e+01
3.898456046436790956e+01
4.731620795677524427e+01
4.394217813660652894e+01
3.288460893293500220e+01
3.801529368516639806e+01
4.886027472743912625e+01
