3.124932423557527650e-01
1.557305088927395387e+00
1.724723611064399975e+00
5.779489173061849172e+00
7.432446061989116615e+00
1.414767891105004338e+01
5.141997301510208729e+00
8.876189305091226061e+02
1.231255184656366986e+01
3.158499300889019779e+01
8.159023724881071757e+02
1.399934501096231088e+03
1.790111787813731553e+03
4.046400843300220629e+01
8.940591658342659684e+02
6.244970175611277341e+01
2.018763897551462151e+03
2.579331189165516662e+03
5.354223197823915115e+01
2.267065423088446551e+03
4.154266939834553796e+01
3.258808273352742617e+03
3.353668022557032145e+03
3.298038369850467433e+01
3.634126630132439004e+03
8.831310710068208891e+01
5.259520486034899989e+01
4.121586907389986663e+03
8.597823385567320997e+01
5.983706690876564238e+01
6.842776997365574232e+01
6.229952191782139437e+01
8.489195357209582937e+01
8.094312704793540547e+01
8.867004406487087920e+01
9.374256167184861965e+01
6.346005158450924455e+01
4.845912213704713878e+01
8.296184181393694246e+01
5.885438699151298891e+01
7.457870422937263299e+01
6.007518276966870729e+01
9.128875302352965093e+01
6.568603378356418432e+01
7.246785665556332390e+01
9.754671974960878345e+01
9.664059499573622247e+01
8.760607834241245939e+01
8.146219971213071176e+01
6.288943193960613343e+01
7.418827611434973335e+01
8.195667546261549319e+01
8.217841159148268559e+01
5.243246023747569495e+01
5.205147075827058956e+01
7.740266253215916947e+01
9.642695084588592636e+01
7.268805338275605266e+01
9.122544351403217888e+01
8.077558558778439135e+01
9.197216492201273752e+01
7.028721919804628726e+01
9.078413523568935489e+03
8.571007252744419020e+03
1.522045511150027437e+02
9.722540471518406775e+03
9.885127098235407175e+03
1.000496653445050651e+04
9.402658290790024694e+03
9.071064804624267708e+03
9.354661253508118534e+03
1.007732311948735878e+04
1.137031142184014101e+02
1.026160338409502089e+02
1.313731935562221054e+02
1.059100604160769217e+04
8.886188224721190636e+03
9.628946243330603465e+03
1.099783246573651013e+04
1.147287628817830227e+04
1.152547005663653545e+04
1.197492889628731791e+04
1.063944175501277641e+04
1.090361173159356258e+04
1.161496941771180173e+04
1.100112556372571271e+04
1.223061021822127987e+04
1.294487110216633846e+04
1.310771740862440311e+04
1.353783902382238296e+02
1.303841839457320202e+04
1.250083803936163531e+04
1.125660078032204183e+04
1.261276123668012588e+04
1.124707353125653390e+04
1.033879829535125828e+04
1.078318113689529673e+04
1.033713478605824275e+04
8.149920293347678125e+03
7.678020818368931032e+03
