1.508407326672875637e-01
7.550196764865247934e-01
4.293228432018636465e-01
4.087385641822501303e-01
1.188489684102735922e+00
1.009926307952007996e+00
9.233558181223081363e+00
3.410291452294362813e+00
5.457661177831712784e+00
2.632836585287989362e+00
1.420100445664895572e+00
8.091672979570025959e+00
8.381992125407556671e+00
1.335005682282373662e+01
4.663739012945432805e+00
1.821886826442392504e+01
2.450548838693211110e+03
9.705361700787550561e+00
1.509744908334731583e+01
1.186764198694075745e+01
1.737398978668140259e+01
1.016145049397397493e+01
1.639870398573919985e+01
1.945790827986800053e+01
5.573664460215861283e+01
2.626146280874935357e+01
1.970076589422130908e+01
5.320222029475029757e+01
3.358397805602925246e+01
7.106752789692714600e+01
3.054867530563097588e+01
4.664451215952560403e+01
3.737911105127925993e+01
6.180604976176302756e+01
4.526014282884279538e+01
5.140518026468136270e+01
3.946046185051510946e+01
3.908458484355022478e+01
5.181846211201180807e+01
5.236014807786973790e+01
5.453563684919574683e+01
4.609503810213987407e+01
4.875074630439973333e+01
5.929236595832485790e+01
5.099191520660868093e+01
5.281686111562097352e+01
6.087229477225229601e+01
4.930352884777260414e+01
5.123004132946039846e+01
3.758607490853831479e+01
5.500793132308461253e+01
4.856687503702385555e+01
4.841813595964713812e+01
4.786038028840494718e+01
4.569559114269551969e+01
4.374884687767643499e+01
4.572138771029868565e+01
4.866514287025443508e+01
4.981372545452173028e+01
4.925726637307511879e+01
5.109480030764250102e+01
4.674356567673788021e+01
5.160996337717699589e+01
5.189128443689618564e+01
5.651837666393350190e+01
5.398473069933669422e+01
5.308458608331751094e+01
5.473995872671494567e+01
5.954259735162460032e+01
6.297163529210678945e+01
5.819198472435007119e+01
6.143925558242856511e+01
7.442698786443072834e+01
6.107347884209757183e+01
5.420754553873381099e+01
6.723540933089658722e+01
6.269522131282906230e+01
6.216021925543284254e+01
6.634665422322657946e+01
4.994092816682933744e+01
5.291707349465217902e+01
5.867046772988187797e+01
6.073155221769641798e+01
5.632052700992027638e+01
5.009694837784443422e+01
6.335411654238675538e+01
5.116758986353328709e+01
6.230680614476595736e+01
6.227129928386944613e+01
5.417440289666614461e+01
5.467537546005928561e+01
6.186772629597847839e+01
6.585991617323543323e+01
7.828620868887053064e+01
6.491345568517240849e+01
8.663004656461117747e+01
7.288572705653869832e+01
1.148580251251774058e+02
1.461212362285253039e+04
1.713768123022840655e+02
