1.571569396230045046e-01
6.656270117511140505e-01
3.994321314395646860e-01
3.698516240067105110e-01
8.924554205922730077e-01
9.343957671426793565e-01
2.019219654285068444e+00
1.577206503704264184e+00
7.657720772782689700e+00
2.886071683482410499e+00
2.461009351142670720e+00
1.576136060688746809e+01
4.775919867804322649e+00
3.854127672205529986e+00
4.205412355435789173e+00
5.496805254302775445e+00
2.493355909155737663e+03
2.474511352134872944e+00
5.103132591983954747e+00
5.189017947716652479e+00
5.792446561178663522e+00
8.007693812903928787e+00
7.235066548058298963e+00
7.086757619793998764e+00
9.521639207484090761e+00
6.964834913497560898e+00
7.738727931405475324e+00
1.484721982498591686e+01
2.729363812313746962e+01
4.240483501598267679e+01
1.781383115784299775e+01
2.795146576679189465e+01
1.873445912423893844e+01
3.990336311874563791e+01
2.307307398818955235e+01
2.531495561110098080e+01
2.416078957120906878e+01
2.490031762319222963e+01
1.483586097626996292e+01
3.646331393413556299e+01
3.157784002538229018e+01
3.884908264952872514e+01
3.066540855684864297e+01
2.056847975101278436e+01
1.750701214794467120e+01
2.539963042083644496e+01
3.719948278036444833e+01
4.150016156637659748e+01
3.133095985396432681e+01
3.450558410803108700e+01
2.651942311447285050e+01
4.245750763952418794e+01
2.527903992197957805e+01
3.332455722556330358e+01
2.450173572524038335e+01
2.973711843012394240e+01
4.585711992283518867e+01
4.213116271228068399e+01
3.601157487464556084e+01
4.106769533101843450e+01
4.222319999336372121e+01
3.241028120360004294e+01
3.676304398701589093e+01
3.477396651510611747e+01
3.712575664748438697e+01
3.194900931529123866e+01
4.115068309798277824e+01
4.397137229791957225e+01
3.881848926681428225e+01
5.224795833132228751e+01
3.635040108117971158e+01
6.052820206967314931e+01
5.093426919481587589e+01
4.995521282413591990e+01
3.445717111779036657e+01
5.431854806900259547e+01
4.996609917111733523e+01
5.676482583863708697e+01
4.037468000959481884e+01
3.705963402854873578e+01
3.703164315022964104e+01
4.344318384797438171e+01
3.844167583788086517e+01
4.576727142881175325e+01
5.216256899400481473e+01
4.441739989039635361e+01
4.744470608310572857e+01
4.786315399699244466e+01
3.910896856342927919e+01
5.515103873853313843e+01
4.145456648628708507e+01
3.998190447320183694e+01
4.350146409945094916e+01
4.717274611664616657e+01
5.367933792742229571e+01
5.567850561094142137e+01
5.730529240417327230e+01
5.303389406902461900e+01
5.874327274113571917e+01
6.049012565004453279e+01
