1.972987604467578426e-01
6.654156461868048211e-01
4.963297020422013373e-01
6.852552701402373492e-01
1.023485181560175095e+00
1.301813913137578105e+00
2.629985307299104402e+00
2.077900116364943983e+00
2.025319858721346566e+00
2.125914549299120271e+00
8.887148943128293510e+00
2.826718773750618752e+00
2.254341665990368337e+00
2.603225547407218343e+00
4.268529289380732727e+00
3.665722053235362488e+00
6.344227758130827510e+00
3.583641863417441620e+00
4.153490320221774112e+00
3.591349660074189210e+00
4.244154379704935032e+00
5.340235938944745797e+00
6.933230330909707639e+00
5.115475064692910578e+00
7.479737630550872041e+00
7.007990173084207797e+00
7.802153980659535470e+00
7.278921285629881055e+00
8.470654273960434466e+00
1.182676496168575753e+01
9.052657513557333502e+00
1.223393351916848282e+01
1.040390616332210172e+01
9.686424584373360958e+00
8.859453252655256961e+00
1.404144921382636824e+01
1.215687747109961769e+01
1.786258116641440097e+01
1.195851140912988875e+01
1.152217116168732325e+01
1.489795125281255750e+01
1.079327718562721827e+01
1.287750126499451397e+01
9.143623509648262981e+00
1.049382045583356593e+01
1.383904509992923870e+01
1.355350934756010517e+01
1.675947495529649345e+01
1.894141294516591856e+01
3.016050409385455922e+01
2.923647212273990803e+01
2.115699235082296781e+01
1.335900791796711040e+01
2.023687895102758105e+01
1.227747979506920828e+01
1.677163044380545287e+01
2.318129288671074661e+01
2.429889877917077357e+01
3.410568493972848358e+01
1.694655256275807886e+01
1.531221729736172499e+01
2.208371668743859217e+01
3.104831949007344960e+01
2.279008110813527921e+01
1.799442787026319479e+01
2.282574709262671320e+01
2.798935966924397434e+01
1.942947257132349392e+01
2.215916726045060159e+01
3.591863227154898652e+01
2.366664364743561322e+01
2.087349126892255313e+01
2.573953256014591418e+01
2.637105233966349260e+01
1.990395461395969789e+01
2.402439502922587167e+01
2.426289760043274413e+01
2.391334604081345105e+01
2.689463633604382053e+01
3.522649452221374133e+01
3.295959667321265130e+01
3.430289081989759836e+01
2.767568451462264179e+01
3.836314157562106431e+01
2.728748211214279706e+01
2.420876797299668226e+01
3.152292399510216114e+01
3.600397898993509926e+01
2.759424163601781643e+01
2.526599211333086359e+01
2.864296598567750252e+01
2.848933908172001850e+01
2.919058174662297489e+01
2.863394417034353978e+01
3.313755709352395229e+01
3.357781216177146888e+01
3.517650719178852370e+01
3.098456693007357288e+01
3.454740004414806265e+01
4.180983985239326728e+01
