4.856522930839215491e-01
1.514765038475772707e+00
2.024371620531745020e+00
1.074809257327164147e+01
6.802216586844661350e+00
2.956093704704226610e+00
2.273110863055234798e+00
8.957197532496636541e+02
9.997539848170641008e+00
6.256969803298029653e+00
1.718626669758551316e+03
1.833591422007099709e+03
4.809594868086969655e+01
2.093018263011525960e+03
2.677710167796811547e+01
1.641246999364734847e+03
1.699703613969152016e+01
2.568922496130829586e+03
4.250741708497710647e+01
3.043510729039606133e+01
3.253015042798750756e+01
3.277933478340920374e+03
4.067384266169711537e+01
5.311298513017227663e+01
5.974843268963859799e+01
8.492830730403554185e+01
9.059246797536317786e+01
4.982956974253360727e+01
5.228869723583355977e+01
1.012902369482355880e+02
4.452031169208347450e+01
8.427501285729051972e+01
6.310459672518290830e+01
7.311048659289591001e+01
5.351219943723842221e+01
8.911346644588179799e+01
6.353743911498887087e+01
6.125127387868649009e+01
8.068305861104893495e+01
7.044351905266081815e+01
7.095202868634224558e+01
6.536770354986340692e+01
6.843264879992418059e+01
6.116617984292640386e+01
6.825254358545883804e+01
6.469502837476900936e+01
7.629167829760021391e+01
5.979628497399329490e+01
5.741301735420711339e+01
5.664833984766426056e+01
7.179039833746954002e+01
6.632665389164672831e+01
4.330144386498037790e+01
7.287996559325345913e+01
8.460890870374460349e+01
9.397871056046135152e+01
7.839974579322868919e+01
9.353349397381242625e+01
9.139127820764575461e+01
9.392685165455844981e+03
1.479036575555248874e+02
1.313355187727920281e+02
1.514846159720966057e+02
1.081448534349999591e+02
1.017823511958337440e+04
1.023079038723612513e+02
8.298099074059442160e+01
1.065997590269505235e+04
1.388123901766719825e+02
1.412418447078756287e+02
1.108925727664958686e+04
1.127104067571692576e+04
1.134828817790798468e+02
1.566602187218273343e+02
1.130983245099754095e+04
1.148328147633300068e+04
1.204474938841897347e+04
1.220949960174799526e+04
1.231267464804055271e+04
1.183988669366382851e+02
1.125113383168962855e+02
1.199507115390201903e+02
1.245424563464562016e+04
1.315088677163113789e+04
1.412124598211144928e+02
1.113759930617860618e+02
8.579476177115365942e+01
1.049875843294441751e+02
1.055154112332934488e+02
1.528187937627352255e+02
1.624448593539179910e+02
1.800388609659296151e+02
1.346368502023441761e+04
1.415383318960844008e+04
1.314772871025119093e+04
1.105997956038009943e+04
1.457033541043624246e+04
1.219706997689166565e+04
8.844519903496082406e+03
9.567375521266783835e+03
