2.805031789824012911e-01
9.586812364415394638e-01
8.348869869534831789e-01
1.271222889010824586e+00
1.064051352751471891e+00
1.295078134111265378e+01
4.496150262447081936e+00
1.715175514944951685e+00
2.107578936539208581e+00
1.122073318223921490e+01
8.313485435550392211e+00
4.614572816841975822e+01
1.020614674264074573e+01
2.185486601023153597e+01
1.219668790703635608e+01
2.333935844589475437e+03
1.254665440983502478e+01
1.510889931341220560e+01
6.024320326514022383e+00
1.536054954973515407e+01
1.405904035359182558e+01
2.740441611347828754e+01
4.812231084619953236e+01
2.166857352461269670e+01
3.011965263995029574e+01
4.045114455923672267e+03
3.147246509035722184e+01
5.191961882052044785e+01
4.512918579221272353e+01
4.484740309503425948e+01
2.779705954478082575e+01
6.954569199622120834e+01
4.425042851513084230e+01
5.539385246488740222e+01
4.551161441506285854e+01
4.858551314603841575e+01
5.248776237330950067e+01
4.718467072415636920e+01
4.886012981036563474e+01
6.002748809083809078e+01
4.253850255857209106e+01
5.547051452210224909e+01
5.365573034711718492e+01
5.129914519037197351e+01
4.850020172116187922e+01
5.057626861486348702e+01
4.345854946787882511e+01
6.156580816040856519e+01
4.935492152186389347e+01
5.174540725621488946e+01
4.314592283805014006e+01
4.233187553354525079e+01
4.091292439971462613e+01
4.999959088537212182e+01
6.018439403630949158e+01
5.265594121065085176e+01
5.324736948388064661e+01
5.354966507818516419e+01
5.322244882006410194e+01
6.387730146222943262e+01
5.685053885227699055e+01
5.826862636665094186e+01
5.659998949571134119e+01
5.838077549665307941e+01
5.925682938612474970e+01
5.819990346955693639e+01
6.072508834747788597e+01
6.787919373659818234e+01
7.256665482582862126e+01
5.245693648535341680e+01
6.499240046245071767e+01
6.110049844454210444e+01
8.544019923931313087e+01
7.119166121555920768e+01
6.158231861727146850e+01
6.100450733465402919e+01
6.791061407768323477e+01
5.735208824453160048e+01
4.905772897185705972e+01
5.397261469435326831e+01
6.104836810885497300e+01
5.671645309132460255e+01
6.634887699146683815e+01
7.337235551723637172e+01
5.582015064410897764e+01
6.989546012665434205e+01
5.793642524046470044e+01
7.278807252128937932e+01
8.602060104188703349e+01
1.247327452101359597e+02
1.221897178002771085e+02
1.212664788855692279e+02
1.544211701528882088e+02
1.479986475375304144e+04
1.492198481338654528e+04
1.755255388562582368e+02
1.452740489842640091e+04
1.545059136009634130e+04
1.264445568949910097e+02
1.055450343305641354e+02
