2.443600679175333135e-01
9.202382651079510367e-01
7.046702280310815913e-01
8.223947389259883556e-01
5.519420759207400717e-01
2.320483870852390051e+00
8.711380409437936567e-01
7.131008203136406376e-01
1.235599097386484102e+00
8.150901260267776394e+00
1.911304132362335428e+00
4.183063760582313328e+00
2.367441904475009018e+00
3.646632510097274071e+00
4.018592696354132521e+00
1.525686818498043884e+01
4.767384277602963571e+00
5.032130377153121614e+00
2.695273828355953416e+00
5.043667524683345782e+00
5.179024983218784683e+00
8.204931490403394534e+00
6.888875645945064186e+00
5.178934484846653419e+00
1.223530465009780599e+01
2.280227864584499642e+01
1.900194212191897591e+01
1.030024175885839277e+01
3.644498879914414857e+01
1.885587716461325769e+01
2.371334630524812681e+01
1.785738002969809557e+01
1.954823529157788187e+01
1.647535922724659940e+01
1.702577800438114508e+01
2.497550560112257756e+01
1.549391012151772351e+01
1.607056409331204350e+01
4.800689578252995204e+01
3.332985046689694997e+01
2.755957763872641308e+01
2.429081653509299343e+01
1.984971810449544449e+01
2.267257488681617161e+01
2.907357839417545620e+01
3.598305443986998853e+01
3.366013828374540395e+01
5.521123153340259648e+01
1.357618227128827826e+01
1.386779734029473232e+01
2.242484836441961704e+01
3.514262598915523483e+01
1.963182246072585357e+01
4.022947306096644837e+01
2.591950595915611189e+01
3.452196150059582891e+01
4.036548294369006840e+01
3.444848677225467526e+01
4.267767703242768107e+01
2.422009005649616142e+01
3.107478119481297441e+01
4.341207825204114101e+01
4.086950493556545183e+01
4.392341772501676189e+01
3.689390596745522544e+01
3.177935607966140807e+01
3.522765056193366462e+01
3.862932240774044601e+01
2.652744541174858028e+01
4.659558166364870857e+01
4.515466541885167828e+01
4.752257646797404789e+01
4.641678818471262957e+01
4.151608994564475807e+01
4.487789968428990051e+01
4.337394254202597210e+01
3.687243759460454129e+01
3.862770432452329317e+01
3.337691222090749932e+01
4.400210786412323927e+01
4.630527658982885697e+01
5.159733201463870955e+01
5.127753598632439491e+01
3.609585455949420663e+01
3.929339114357353679e+01
4.235693148864660884e+01
5.543428261689457770e+01
5.420074836115564665e+01
5.464705012828162012e+01
5.520687724082223724e+01
5.454802781802688116e+01
5.619382186468022411e+01
5.712953878249166451e+01
5.790536005241679618e+01
5.425027034733520281e+01
5.236561208972179315e+01
5.602309573502926554e+01
5.972736328818234597e+01
5.745277166187389639e+01
5.881881130488132925e+01
