1.645451846385932171e-01
3.275641864720088559e-01
1.080666219681787554e+00
4.312034950633873986e-01
4.960260599516651547e-01
5.296496937958324880e-01
7.742928122898510290e-01
7.254398117739164764e-01
7.757625390178951585e-01
1.449079166304824584e+00
1.164180403418354048e+00
1.674907283867114405e+00
1.511635864573475097e+00
3.020045902016877726e+00
2.168322251462929895e+00
3.079784761072164034e+00
2.725297068316704596e+00
2.475070944953903673e+00
1.701788849551034932e+00
2.161418186566879562e+00
3.116383245527172718e+00
3.707973493196614623e+00
3.439644924040548002e+00
3.642041668706791135e+00
3.872965229411728494e+00
4.840905692040192498e+00
3.542167240091226521e+00
3.611401728755338159e+00
3.462804078498508797e+00
4.287891518639166399e+00
3.983117916119428781e+00
4.933256810311370977e+00
6.614916083060538909e+00
9.276704937680873897e+00
5.275150031150023899e+00
6.175258234007314329e+00
9.693549326015203249e+00
5.948720471733605741e+00
5.251474619653399678e+00
6.780081652316901852e+00
7.801629396310509890e+00
8.701959979456196592e+00
8.873848239490522261e+00
1.150474127336921093e+01
1.482124788028765039e+01
1.068663933809386002e+01
8.544931822167420421e+00
7.307808862647324766e+00
7.362279655224475583e+00
7.424810072696772068e+00
8.026320683635253417e+00
1.222511078629338144e+01
1.193314449890476681e+01
1.590769866649842257e+01
1.916212065996504421e+01
2.070400957960877619e+01
9.978882712789713949e+00
1.164834802394895519e+01
1.096126789433344229e+01
1.281621163192435553e+01
1.737542921072721214e+01
2.002105207024728273e+01
1.949422285162173551e+01
1.768128904715253569e+01
1.535860858772788085e+01
1.698273082232798004e+01
1.664663848555785108e+01
1.508312376683451816e+01
1.609576907257861578e+01
1.549521954243033761e+01
1.666602204588667036e+01
2.222064438061738656e+01
1.534062188735494026e+01
2.380284582323778153e+01
2.310965421561625632e+01
1.939197256634639643e+01
1.871662723002511086e+01
2.629120164832200501e+01
2.427499079225920653e+01
2.164199745050811430e+01
2.568974359069039082e+01
2.478615358154130632e+01
1.815956106057712205e+01
1.711715262705143914e+01
1.614771874004023999e+01
1.332840576973129387e+01
1.855458115993623380e+01
1.586654353941426443e+01
2.557784110143283129e+01
2.497866505195139197e+01
2.289231075791851211e+01
2.911040511720382185e+01
2.776787644590799076e+01
3.043718605649080189e+01
3.162403793990214851e+01
3.050821520538978859e+01
2.824770861330296157e+01
2.618538415881203818e+01
2.781733010571059594e+01
2.606360499687239596e+01
