2.258796076157855437e-01
1.110972193046164458e+00
4.991748302978013530e-01
3.718947459657209187e+00
1.363738027912039241e+00
1.425970537530524274e+00
1.708318150476358044e+00
4.966363783557046219e+00
2.674358709053450855e+00
2.905516243062360449e+00
2.602924247834042415e+00
4.930456276481819167e+00
7.924537374949170321e+00
4.055237688397462570e+00
8.765013182510356771e+00
4.882799892974480471e+00
8.748776002664673257e+00
8.540270517963769237e+00
6.490604625043934206e+00
9.467837301772933145e+00
1.216195936437663150e+01
1.119717143831120865e+01
1.503552808460027279e+01
1.319806521880162009e+01
1.198843849730075917e+01
1.431063269566304896e+01
1.658628755420110679e+01
1.696054832742313678e+01
1.648319008527317919e+01
1.745916338639107579e+01
1.486070480039088260e+01
1.857518203700455928e+01
1.629470056544258938e+01
2.048471030654038216e+01
1.883734894505272806e+01
1.972929994145339094e+01
2.154850858047936413e+01
2.310214542927928250e+01
2.102032755186635171e+01
2.189999630822849142e+01
2.751721219141561647e+01
2.309409555870955089e+01
2.187547704515192848e+01
2.312523102690716925e+01
2.738552570662289298e+01
3.295931529578658825e+01
2.355183816418094978e+01
2.707211835638752362e+01
2.639928459588704612e+01
2.253856649740546558e+01
3.525296232019157827e+01
3.715931967398341840e+01
5.307504438546176573e+01
3.770069167679135091e+01
5.551452273643180746e+01
8.011159901902435365e+01
1.003967487665943281e+02
1.199035262425243786e+02
1.304390331561385210e+02
1.281589862097574724e+02
1.469252877333272238e+02
8.789537177532647547e+03
2.473790792142354348e+03
8.497166357396611147e+02
0.000000000000000000e+00
0.000000000000000000e+00
0.000000000000000000e+00
0.000000000000000000e+00
0.000000000000000000e+00
0.000000000000000000e+00
0.000000000000000000e+00
0.000000000000000000e+00
0.000000000000000000e+00
0.000000000000000000e+00
0.000000000000000000e+00
0.000000000000000000e+00
0.000000000000000000e+00
0.000000000000000000e+00
0.000000000000000000e+00
0.000000000000000000e+00
0.000000000000000000e+00
0.000000000000000000e+00
0.000000000000000000e+00
0.000000000000000000e+00
0.000000000000000000e+00
0.000000000000000000e+00
0.000000000000000000e+00
0.000000000000000000e+00
0.000000000000000000e+00
0.000000000000000000e+00
0.000000000000000000e+00
0.000000000000000000e+00
0.000000000000000000e+00
0.000000000000000000e+00
0.000000000000000000e+00
0.000000000000000000e+00
0.000000000000000000e+00
0.000000000000000000e+00
0.000000000000000000e+00
0.000000000000000000e+00
