2.639919476635053108e-01
9.650184542007929078e-01
5.042558114888335830e-01
6.629716625611156156e-01
7.751180159336847897e-01
7.707122892633280209e-01
2.646371946023301280e+00
3.763372097973064712e+00
1.509041841787033489e+00
2.074289853254824401e+00
1.638562446411382156e+00
5.646487578672643615e+00
4.656827850993978224e+00
3.606160881938340168e+00
1.102842023277269412e+01
4.178765940046915262e+00
6.403515139505675080e+00
5.844002012583518813e+00
5.261261860985264605e+00
5.797296394894865479e+00
5.285199924345643119e+00
6.408113062263899984e+00
1.022622980709340013e+01
1.017374719171204056e+01
8.563049087370721679e+00
1.579460870507482362e+01
1.285109924594186914e+01
1.248893272868380322e+01
1.665119665048326780e+01
2.048541097752842433e+01
2.276771118195097898e+01
2.024890570849393256e+01
2.066572448314959942e+01
2.417042412921341921e+01
2.106603319012737074e+01
2.176097738691731820e+01
2.358180639582287341e+01
2.363842032596969034e+01
2.208049073353907588e+01
2.117393497963476179e+01
2.496129482343887318e+01
2.171682014932203231e+01
3.056816456373333324e+01
2.695988817621511302e+01
2.594756767608041059e+01
3.242728520503056444e+01
2.692328229022575314e+01
3.433700924367961704e+01
2.878708018890391429e+01
2.359574522646947869e+01
4.192222328334713666e+01
2.852738488840965658e+01
3.097230411901266578e+01
3.728947915929003898e+01
3.191112316161062168e+01
3.244004302583633148e+01
3.742441837296591700e+01
3.520988770621408293e+01
3.299970967924837595e+01
3.384333189730820379e+01
4.937256355617146397e+01
4.773025017204513887e+01
3.183681417777165024e+01
4.155943982553848315e+01
3.273936021299704890e+01
3.948651672485188158e+01
4.304595753725273255e+01
2.956538458686097215e+01
4.945002404656045059e+01
3.786469211199803908e+01
3.764206893273999555e+01
3.112224034600640010e+01
2.989355671301512274e+01
3.942036157293158993e+01
5.067651809481851899e+01
3.397428723308602372e+01
4.074173857230105256e+01
3.695916444342550022e+01
4.996309205358509331e+01
3.151550474383994427e+01
3.655159398206506438e+01
7.409546834500982015e+01
5.720890190037561496e+01
5.058204096530635496e+01
6.533192371687049160e+01
1.102045167742909229e+02
6.682900885842438754e+01
8.771966894096391343e+01
1.163680841564714967e+02
1.242861369733829093e+02
1.091258284308376574e+02
7.851730883291627094e+01
7.952477578606807640e+01
8.502451785566370290e+01
7.378611472508139002e+01
5.659506492952919388e+01
6.193161259313135503e+01
5.247991426600077602e+01
7.009744084294040078e+01
8.867502863763846221e+01
