3.295891219458625399e-01
5.048298634182077471e+00
8.709974115238682257e-01
5.619561827500401119e-01
5.717162672840612192e-01
7.568455440529613387e-01
1.092674816209860955e+00
2.488166496302926856e+00
1.337005162598891905e+00
1.690954784185082493e+00
1.910565579380272494e+00
7.341641405321535530e+00
5.465035619109954723e+00
2.864648211476599649e+00
5.517462335941559104e+00
5.767586590672574509e+00
4.578887603257069117e+00
3.521686693247831013e+00
3.219678777476146614e+00
4.009606434363182537e+00
4.684128981241626022e+00
6.735289769443356001e+00
5.748632794738382401e+00
1.055704311434933729e+01
1.140192735316205130e+01
8.855953660417428708e+00
1.275612947521415563e+01
1.037416205015365378e+01
9.651544049274008330e+00
1.226224717644693030e+01
1.254055381376310585e+01
1.733613887230908901e+01
1.761227077433983013e+01
1.739914491239779792e+01
3.340708645505312546e+01
2.554371898427127263e+01
2.372501436281437392e+01
2.753070287665927296e+01
2.797756120787969891e+01
1.888301286862174777e+01
1.374620593939308755e+01
1.637480716324862584e+01
4.260931414062861222e+01
3.663203012057785912e+01
4.366798321720806086e+01
2.093425134943787924e+01
1.396849074807194135e+01
3.632395688685710411e+01
2.759156252851425606e+01
1.774801529098405339e+01
3.628402826640140688e+01
3.191188056328502753e+01
3.300412542926571291e+01
4.177290883159824375e+01
3.662199733374067279e+01
2.909588345770781714e+01
2.629734059028676896e+01
3.986115888544875929e+01
4.307120320591479867e+01
3.247600231683215810e+01
3.569993395347425746e+01
4.836693202732964636e+01
4.930293162044673494e+01
3.236644285861167702e+01
2.960402790366362069e+01
3.070007970553610477e+01
2.976585393248159050e+01
3.130067461784234695e+01
3.871511210428272420e+01
4.702299293402617053e+01
5.170127274241044546e+01
5.034133399566505318e+01
4.976984362791892380e+01
5.262507263766588039e+01
4.162906704375107125e+01
3.836725782827276987e+01
4.645071958739955420e+01
4.332952577872021749e+01
4.510437373240339554e+01
4.675505178361728298e+01
4.635250086117711277e+01
4.522217164161575909e+01
4.000413984263933997e+01
4.472685517725548721e+01
4.470028474968259502e+01
5.063191690072746098e+01
5.549294713064486473e+01
5.757015811857742449e+01
5.780509442501708861e+01
5.665942577576132066e+01
5.827437793596932636e+01
5.778666626609042112e+01
5.491026791010980190e+01
5.492920597307431763e+01
5.730969725554668770e+01
5.941869494317197109e+01
5.672421092071008530e+01
5.887055991303225966e+01
6.099599771003908444e+01
6.338404222807904631e+01
