2.669272695805689488e-01
2.893723891024989392e+00
5.366984937202812223e-01
4.738369855320309632e-01
6.512047307092166948e-01
7.793359162993173106e-01
1.040182893069999670e+00
1.515483694593005248e+00
1.103192410752251940e+00
1.665074880007937352e+00
1.664113522271233103e+00
2.957261518674748846e+00
3.717256092475423213e+00
3.130885102639034745e+00
8.395313295297180289e+00
4.351988890542901167e+00
3.717731310828930713e+00
2.603137640523975005e+00
2.589472458787372755e+00
2.875877493181748346e+00
3.392589439696135578e+00
4.956237235287226817e+00
5.442101281781695832e+00
6.264868257004469143e+00
1.205060496013622284e+01
8.280068819202378805e+00
1.010006660440801518e+01
1.101411312203344117e+01
9.639152179666465869e+00
7.739173739736151525e+00
9.136645882570277877e+00
9.874487906575410534e+00
1.048403178866404417e+01
1.339091241436052293e+01
1.377028337353543108e+01
8.905200372049900892e+00
9.172360482678843852e+00
1.006379253907262417e+01
8.840728375954789442e+00
1.412320944546448587e+01
1.705197013884527735e+01
1.766040529327591457e+01
1.945398275139588051e+01
1.642698528023505489e+01
1.762977977477390112e+01
4.340449625337804918e+01
1.352656710921172234e+01
3.619894347766600617e+01
2.783380006291471531e+01
1.469617525505105959e+01
2.758045622334244840e+01
3.726331301402732521e+01
2.484742669605629217e+01
3.532319004323660039e+01
3.340353706505705134e+01
2.703831218642300271e+01
3.783591004800931756e+01
3.313746676744467123e+01
3.135171677343438645e+01
4.039231807308028266e+01
4.122695374431201998e+01
4.010889919518297830e+01
3.249487140739423552e+01
3.487998584055831230e+01
2.623548057293447044e+01
3.457325233335729564e+01
3.281938916612294577e+01
3.352336266339490578e+01
3.633525365220991432e+01
3.627221844782389581e+01
4.004484636198972680e+01
3.960362700941403347e+01
4.300990048062862314e+01
5.390453280930640290e+01
4.485286123890374199e+01
3.258535338278961291e+01
4.689522339222791203e+01
3.933010333191420216e+01
4.051917260923047337e+01
4.770021606178831064e+01
3.015722428747754691e+01
3.723441948154358272e+01
3.682442222707702939e+01
3.849129154648073126e+01
4.513157681385560238e+01
4.326338962278671829e+01
3.645615754877982084e+01
4.503751229762094255e+01
4.539004412604874261e+01
5.039272494902228061e+01
4.708193466601574784e+01
4.897396277373824347e+01
4.776517610568004102e+01
4.828206476455923735e+01
4.912562511333057103e+01
4.871169327020820106e+01
4.711594522988373512e+01
4.608262800128347436e+01
4.476177407717722900e+01
4.721728107251087891e+01
