8.991422257356310732e-01
8.641551087396979192e-01
2.557813358985968843e+00
9.424825930900210480e+00
7.990898608048682128e+00
9.190751672901146918e+00
1.093143873287399856e+03
8.871296677711958623e+00
1.430029963244870714e+03
3.015321615670445610e+01
8.098250731270045577e+00
1.793062739489802127e+01
2.440697896051541349e+01
1.722564332088626671e+01
1.769685819439053986e+01
2.621580457869906240e+03
3.171075040920326771e+01
1.479141212385411109e+03
3.255375232824764709e+01
4.704779853439527670e+01
8.909982677868461565e+01
9.690763800536321071e+01
9.785347968860601497e+01
5.192451305674349982e+01
6.331085967696121486e+01
4.715063355693861524e+01
6.219840724840480561e+01
7.322983933767984865e+01
7.115794716354002958e+01
5.865370155640418659e+01
6.257429138034691363e+01
5.927999872875356147e+01
6.177037234534784460e+01
6.407178081826154425e+01
6.425896319549184454e+01
6.917560098370850596e+01
7.601978115712486783e+01
5.724647453454765156e+01
8.521523803145123566e+01
6.819599641911661081e+01
7.447423039000409517e+01
6.440698710605416011e+01
7.857184034483255175e+01
9.815471528249420885e+01
9.653217278833068349e+01
7.538647015430815657e+01
9.549202464068089569e+01
8.843528424944075539e+01
8.453610209537175990e+01
9.349147102086463690e+01
8.673966540341859854e+01
7.726627501072829318e+01
8.882951962086586661e+01
9.501589428981360470e+03
1.629519408623545189e+02
1.022214619895285495e+02
1.299205529651407574e+02
1.631700516524985289e+02
1.037183797757140564e+04
1.778913360808855657e+02
1.603912596858120025e+02
1.327427182395008174e+02
1.004169775634605912e+02
1.970812923045313596e+02
1.105841776379053772e+04
1.107585173956255312e+04
1.107681701155137307e+04
2.047596166619744338e+02
1.177707093743656878e+04
1.118382994065220919e+04
7.989474914279872792e+03
1.028465901143392875e+04
1.085445042922913126e+04
1.132445554060849099e+04
1.001561567722026484e+04
1.131945973550255076e+04
1.252220122883094882e+04
1.372908149734127983e+04
1.347930121394141497e+04
1.183851083248711439e+04
6.610253050514676033e+03
1.151586481910672592e+04
9.890075783745263834e+03
1.045618491967549744e+04
1.014767183150995515e+04
7.306423583761266855e+03
9.202771219318936346e+03
9.579481417162382058e+03
8.432736625096626085e+03
5.004089953563105155e+03
6.290125532799817847e+03
7.506844379612819466e+03
0.000000000000000000e+00
0.000000000000000000e+00
0.000000000000000000e+00
0.000000000000000000e+00
0.000000000000000000e+00
6.845494599025681055e+03
0.000000000000000000e+00
0.000000000000000000e+00
