5.539944245518786392e-01
4.584934283056334436e-01
1.208132607178589168e+00
1.251505415463441961e+00
3.774991678784623161e+00
6.375309365302022968e+00
7.357900595946331279e+00
2.015854531901247970e+00
1.511430475605887658e+01
8.915819319223675876e+00
1.008699955135678650e+01
1.158396631247846820e+01
8.131213745278033755e+00
6.759410047122850429e+00
8.861762622552110003e+00
7.415223289776189830e+00
1.543426995826023607e+01
1.430760468364028526e+01
5.584364701484798132e+01
1.390774501457794088e+01
5.605825082257400283e+01
2.976032901654095397e+01
2.163117712871037313e+01
3.113758017258318134e+01
3.428354989056001756e+01
5.600923360949096974e+01
4.359607006451300037e+01
5.203248188981424249e+01
4.355820385469137790e+01
4.916741822336401668e+01
3.964636798459372358e+01
4.396181532600382269e+01
5.025209399435249935e+01
4.366332110834790825e+01
4.898823182386806252e+01
6.190104696147891872e+01
5.631740734575755880e+01
5.345570701564118821e+01
5.109497369172281367e+01
5.473431439569550605e+01
4.800188321543172520e+01
5.587684441703945026e+01
5.242519040881740722e+01
4.611398280479917133e+01
6.791619015346762467e+01
4.394172282776756333e+01
4.729637445322327238e+01
4.994353381377280243e+01
6.133954905962877291e+01
5.953151853160300533e+01
5.845698620114933419e+01
6.039774135153716372e+01
6.506082872201814382e+01
6.253691922189889141e+01
4.778653588519406981e+01
5.732501717956237997e+01
5.920124701042816895e+01
6.571324243272205479e+01
5.682877904272353931e+01
6.016789285600656711e+01
6.699692470226054297e+01
7.102380309030996841e+01
6.241417238292473968e+01
5.269962188459894747e+01
5.859959640870627595e+01
7.314252699142136294e+01
7.169209711002328334e+01
5.885098077982982545e+01
6.738125166621183837e+01
5.625795565890150129e+01
6.367219961140904871e+01
6.754039261500074076e+01
6.575476948851934367e+01
7.170329639017023737e+01
6.619782638332439717e+01
7.171341415057041502e+01
6.407867064329521156e+01
7.946044217164951817e+01
8.613706898094194742e+01
8.180833218709059906e+01
9.553687770905722232e+01
1.096642402813816233e+02
9.807010499963358541e+01
1.142206375974337362e+02
1.260406654349962139e+02
1.697397452817854173e+02
1.582730937819177655e+02
1.635036445344536276e+02
1.619266323170168107e+02
1.222233517278887831e+02
1.159104814986372389e+02
9.087699280539577273e+01
8.460176671988266150e+01
1.159701819871706334e+02
1.107417178719296800e+02
1.011887016861032578e+02
1.058484184315761496e+02
1.250769836841133866e+02
1.544694882844005122e+02
1.673248972792875691e+02
