3.697687943481640094e-01
3.241807764557001481e-01
7.482378998081977706e-01
8.050173069891952693e-01
9.376917149444518040e-01
1.266193791191868812e+00
1.111923919885792422e+00
1.501507234917052847e+00
5.958489629350881778e+00
4.769313404400762124e+00
3.158408270877844704e+00
3.475260403631200479e+00
4.047029675786663283e+00
4.843317049389616713e+00
4.392991921347045192e+00
6.099707436625394052e+00
4.666436994452939580e+00
6.083989020056351116e+00
9.546201255384367812e+00
7.866409703921053875e+00
1.057986404505354550e+01
1.443792401335245401e+01
1.295465201026114066e+01
1.933795904212389871e+01
1.410427397734805233e+01
2.524371178647641756e+01
1.849224610857693207e+01
5.518042826720769511e+01
1.890315081273461217e+01
2.624992345551256889e+01
2.188697178362161111e+01
2.120612555961369949e+01
2.661811117375976821e+01
3.032350703709266782e+01
3.208367318263591983e+01
2.969201446959960577e+01
3.000903737656209813e+01
3.132985473048585945e+01
2.870530876318848712e+01
1.991894906948398969e+01
3.715925171424991902e+01
2.371952359443722713e+01
3.149057685520410743e+01
3.019911176395703478e+01
4.135990443228146773e+01
2.218823631012065434e+01
1.773657076149873646e+01
3.130152665094886899e+01
4.700892359103792728e+01
3.309547797620385268e+01
4.496198943472163023e+01
4.273220212458088696e+01
4.489665113485605019e+01
3.988200942467636878e+01
3.498898799796879899e+01
4.201923020368337092e+01
3.656547512229789021e+01
3.772506105100788432e+01
3.166051154324905070e+01
4.318072545417385300e+01
4.635911717252238162e+01
4.231091534295025980e+01
4.631492178330782394e+01
4.097621860037705943e+01
5.661808370009345026e+01
5.076158502567342623e+01
5.057066807538031128e+01
5.865664176515757333e+01
4.649120580687743143e+01
5.081993726177170601e+01
4.604304701261699506e+01
3.951084204112569864e+01
4.456939106044113430e+01
5.245143761195155463e+01
4.840676944284933114e+01
5.870102761781377865e+01
5.191650265658230978e+01
5.226813128056131319e+01
5.229348325347950777e+01
6.557594533495731071e+01
6.090607377322220373e+01
5.873644748128795356e+01
6.582206367121239055e+01
5.519731079562097165e+01
6.061560854031434076e+01
6.358089615765137381e+01
6.233971903210231602e+01
6.115979286383306146e+01
6.285335698986775554e+01
5.975835108636882609e+01
6.244224859981000009e+01
6.182647749470860532e+01
6.675982008779007515e+01
6.620260612109541398e+01
7.106296909274098539e+01
7.083786167995742744e+01
8.382600790760237430e+01
7.475293269035257993e+01
7.536987494726582781e+01
7.904757196412830922e+01
