3.965941960135135336e-01
4.761199560637916495e-01
8.488481062684106737e-01
7.323859648136871181e-01
1.171159706282297375e+00
1.298989460307501620e+00
1.036755445862803215e+00
1.160147893198106406e+00
2.584867438236170045e+00
3.160774636390425218e+00
2.117150727392566267e+00
2.469104692080352326e+00
2.583712449738102102e+00
5.312782810141209566e+00
3.615247543058883739e+00
4.142798209570875301e+00
3.073910843879089416e+00
5.246512621444686886e+00
5.600714983895819898e+00
4.192239620304938796e+00
4.966546785812486320e+00
5.951296504225379813e+00
6.704277142133491907e+00
8.147264696915486937e+00
1.433933468223879260e+01
1.860602133033482275e+01
1.379660848710555854e+01
1.648492778318182062e+01
1.055956841620042930e+01
9.002582665050708144e+00
9.769528797528705510e+00
1.153664008322798651e+01
1.687132844510201224e+01
1.513536010755244909e+01
9.716320646091629598e+00
1.307198575714250310e+01
8.413655284478240404e+00
2.416806510042724554e+01
1.913909899394005620e+01
1.848172049682322537e+01
3.741767632725235160e+01
3.351611402240133941e+01
2.128993951121481132e+01
2.099440175589559843e+01
2.505118279783221880e+01
2.106642043966643030e+01
1.704553686107723465e+01
2.227342331962282529e+01
2.242097902457484437e+01
3.984425600319674743e+01
3.702100391637731036e+01
3.249857435124481242e+01
2.788090362402522260e+01
2.982127285916263659e+01
2.929175988289789601e+01
4.334098669454185426e+01
2.556965772851141949e+01
3.909479020758469403e+01
3.158520227610292963e+01
3.333978187618312461e+01
2.401664002203102655e+01
3.991824930527693738e+01
3.320946052274463511e+01
4.576005654493379637e+01
3.979446745894652793e+01
4.083688837943518024e+01
4.233118453755108135e+01
5.088470391179338748e+01
4.429373006963753312e+01
4.305025204907810377e+01
5.126416325890969716e+01
6.295660321084594102e+01
5.271451282851116815e+01
5.352436049999636225e+01
5.829260375970154939e+01
4.624549510972492072e+01
5.517759780159032346e+01
4.687848461878856199e+01
5.173210141026931552e+01
5.165777861638647295e+01
5.202700827601412925e+01
5.255449391744790688e+01
5.153611617321739402e+01
5.322014158239915815e+01
5.498501147790805277e+01
5.599632041700539986e+01
5.586840900946381083e+01
5.601367008601115316e+01
5.555319074309505822e+01
5.396758337995124322e+01
5.450504829797708339e+01
5.596790846474333136e+01
6.035048390650910477e+01
6.515021588576721001e+01
6.163819478303830834e+01
6.340200868111968902e+01
6.102479009078837180e+01
6.456369018542090998e+01
5.869076703400843797e+01
6.841730393081890327e+01
