6.390545967597283106e-01
8.316719801601555329e-01
1.739960528626088410e+00
1.981129954588902464e+01
3.235754737372141587e+00
3.588475992406985782e+00
5.321634942379637856e+00
6.614670195816305664e+00
7.713496298751489455e+00
1.316232354290230333e+01
4.982388267796308945e+00
6.626345350832888670e+00
1.401091256232632354e+01
6.758816449841112295e+00
9.907796821660518560e+00
2.202543325892223081e+01
2.242212609727773653e+01
2.605490297580534431e+01
2.144769288747424341e+01
2.303097203151220995e+01
2.276587607912189881e+01
3.063144532770571615e+01
3.063081943654577444e+01
3.292153755725261277e+01
3.482064096987592450e+01
2.722130774527014552e+01
3.237828504413685238e+01
3.785593705802156705e+01
3.802354015889993377e+01
3.435643346060548708e+01
3.546576873842748512e+01
3.866082745247689445e+01
3.900887868731040697e+01
4.611274086914721693e+01
4.448406940298846735e+01
4.187004373425379100e+01
4.656970413247021412e+01
4.124384964545927090e+01
4.848898583786903771e+01
4.286019705330804186e+01
4.822405952660136563e+01
4.958518922346968338e+01
4.271062391212154807e+01
4.547022703551684941e+01
4.139480816097443494e+01
5.231949997903782901e+01
5.582877711171745005e+01
8.793407099071060884e+01
6.888454528083936168e+01
7.518140501545956056e+01
9.664788785951681405e+01
1.150089453115419360e+02
1.127179525328118643e+02
8.736203860345871419e+01
1.051124369943565426e+02
9.574320781438785843e+01
1.208292376262634633e+02
1.127491155986115103e+02
9.194177806077586013e+01
6.850819147065698189e+01
9.674419084264300750e+01
2.208520033727053544e+02
2.117632684814774393e+02
2.155770754359268722e+02
2.083646627703452339e+02
2.230127811050192577e+02
1.594538242088198956e+02
1.332515043085364823e+02
1.250977533496706258e+02
1.298856813252255336e+02
1.494523848639732080e+02
9.601812768026074707e+01
1.383283264944407165e+02
1.566264074735012457e+02
2.496629824953618311e+02
1.359933731182363772e+04
1.315178060584430386e+04
1.138365174062933693e+04
1.114364862243495372e+04
1.248465096019954035e+04
1.276399892377353535e+04
1.266543134613350048e+04
1.188699492774748978e+04
1.246216829323132151e+04
1.191558634275005534e+04
1.234489996835568127e+04
1.368258318119153046e+04
1.435890712413476831e+04
1.350065751112905673e+04
1.337658203506110658e+04
1.258057304511850816e+04
1.258044322970644316e+04
1.291694804491951982e+04
1.400544237404620435e+04
1.395779292889267708e+04
1.308195692244152815e+04
1.120888140337980258e+04
9.893793236366931524e+03
1.122790526657308692e+04
1.051913263812392870e+04
