4.561380559535652135e-01
4.080416462114568321e-01
7.262976105304526087e-01
1.371158699891091848e+00
1.851387228272416641e+00
4.150537288446116690e+00
5.411322917055080062e+00
2.828874173975055140e+00
2.370039265757073466e+00
4.368244743136213692e+00
4.969897602816436333e+00
6.629865476580167005e+00
6.721042314685661268e+00
6.992431738433952937e+00
9.001214855087905420e+00
6.762939586709981299e+00
2.352332518956651697e+01
1.962096249072338239e+01
1.671023897112944923e+01
2.482618059865893656e+01
1.819167520177566644e+01
1.764036783650474760e+01
2.810641025307871033e+01
3.255209100025142988e+01
2.945785764833022213e+01
2.057790074487683185e+01
3.484480907569889752e+01
5.010172554679697754e+01
2.985294888084816378e+01
2.928842483855952494e+01
5.313065433444573671e+01
3.963113403626767450e+01
4.359535344366431531e+01
4.499611576776845823e+01
4.116449733826566870e+01
4.213848599160570529e+01
4.760981672720173918e+01
4.166770113397407727e+01
4.031810689039073026e+01
4.116806130295894661e+01
4.423723341528292252e+01
4.553887497364853232e+01
4.369415599708830200e+01
4.802456329689434966e+01
5.635613911813846499e+01
4.345351174616259016e+01
4.487763845316299438e+01
4.398843581074228837e+01
4.237269531223551411e+01
5.226986720689709642e+01
5.195164926763194302e+01
4.712098779089905065e+01
4.788095127147092001e+01
4.599540420183458878e+01
5.743165021261481229e+01
4.745527229216529719e+01
4.546937174473862342e+01
5.476429376088760392e+01
3.826504768319314564e+01
5.895926642104339521e+01
5.633198172520935287e+01
5.984800154105462866e+01
5.787047894132361137e+01
5.566881629182855562e+01
5.718660214479231740e+01
6.623217277814555359e+01
6.731207686623724840e+01
5.356369470382891507e+01
4.588210359301456265e+01
6.143240955817950066e+01
6.006280761498464926e+01
5.058300221416615727e+01
6.947308786885182030e+01
9.030087220690290906e+01
7.828571480573062047e+01
6.472685088477392412e+01
7.877994029056539205e+01
9.951534554995569692e+01
9.274275148467322083e+01
9.409897584427059769e+01
9.222725701314202240e+01
9.249901970455124456e+01
7.783080325090314489e+01
7.467042961687877778e+01
8.292647613274490936e+01
7.720440368744245063e+01
7.000556476255489713e+01
7.606600055484435075e+01
7.681011567664036477e+01
9.080360427226227671e+01
9.481960505010911788e+01
1.285471201349462547e+02
1.919334200491431375e+02
1.743681875764433062e+04
1.756344942849071958e+04
1.779417020561176105e+04
1.686962533085366886e+04
1.805895433327437058e+04
1.622411504278645589e+04
1.325741563256413610e+04
