2.271646700869344448e-01
3.517141010320171124e-01
5.542353877355544745e-01
1.164052412438602913e+00
7.902793176258027241e-01
1.062116462904335590e+00
1.156274413118562494e+00
1.417040895071514539e+00
1.389512364836629876e+00
1.779687861772852653e+00
1.749671775849454658e+00
1.989116743919672636e+00
2.062106600918131694e+00
2.414876496917151449e+00
3.249426872808177436e+00
2.707800683835405842e+00
3.189601963011188257e+00
4.287287405771180282e+00
3.069283175232466299e+00
3.893592767434030044e+00
3.625146460701018203e+00
4.467961989817403001e+00
4.112244346530043337e+00
5.347627688493014730e+00
5.681159227491450636e+00
7.209969216965860461e+00
8.968034005937488118e+00
9.476661192720580829e+00
8.047172763840201526e+00
6.649797040080753341e+00
8.245614628850299610e+00
6.643721864389514842e+00
7.706218640062237668e+00
9.230176393346612329e+00
1.131338873906239861e+01
8.559437376721303892e+00
1.401211026552227423e+01
1.044991982011386966e+01
9.194544776471339276e+00
1.215090581942064674e+01
8.104151844344279709e+00
9.065099847411117295e+00
1.345456491524247866e+01
1.503376011671460866e+01
1.063245960300293191e+01
9.128897030338917418e+00
8.888394639980859324e+00
9.558065807165968764e+00
1.104996248009376814e+01
1.770842670278159403e+01
1.926642435963139732e+01
1.225914444956257654e+01
1.249554623781788187e+01
1.285917381052473196e+01
1.833799362528449706e+01
1.304076517069883501e+01
1.532160711953906329e+01
1.758315986257875707e+01
1.988380329619690201e+01
2.598760271089641449e+01
2.215620924319595986e+01
1.749332555102695963e+01
2.669112319080641171e+01
2.617764032584003786e+01
2.425463196693200985e+01
2.808948413061411742e+01
2.962102981319729977e+01
3.006918022999797557e+01
2.375084985121600667e+01
2.402846653333199356e+01
2.203948189561554472e+01
2.105090841417121439e+01
3.621672792537156482e+01
2.318808718080193643e+01
2.689701579893563377e+01
3.087022103551570851e+01
2.797025051185723044e+01
3.036945956197986973e+01
3.744932361121088604e+01
3.227974522630942289e+01
3.630174121726569325e+01
3.337331484761144651e+01
3.288314281761977043e+01
3.523220860867136395e+01
3.473635389053758615e+01
3.397433555618545142e+01
3.274453937121241864e+01
4.139821605179991337e+01
4.049944245901799178e+01
3.906456287567552721e+01
4.215746010186747128e+01
4.697533677669395047e+01
3.936556023661416504e+01
4.419927042566292386e+01
4.434630032072300310e+01
4.357137726160888747e+01
4.399958344027271551e+01
5.340188183227403584e+01
5.305078954731827423e+01
4.362239270695615545e+01
