8.843772736484931674e-01
2.233197143650170524e+00
1.290149880011697725e+00
8.756087188170614155e+00
2.948127957610656047e+00
9.515586727533522193e+00
5.495604239647696510e+00
4.297381749681512986e+01
2.065352371329389669e+01
1.020902354903898335e+01
2.815625139236484742e+01
1.620578665588087915e+03
2.029626593503022391e+01
1.736319046643648534e+01
6.133954531458898174e+01
7.258155894471838110e+01
4.561670487248160555e+01
6.506519312025966428e+01
5.116928121252745854e+01
4.958555315242961825e+01
5.998997791741879126e+01
3.801171613113088199e+01
4.319680566947378964e+01
5.769148880200469165e+01
5.753213025500321010e+01
5.145933139683911861e+01
5.584666844393800744e+01
5.566453791801861684e+01
5.717886260604204551e+01
6.583322845327190009e+01
5.848195082498139641e+01
6.753409637714339908e+01
6.360304606681418704e+01
7.037928968174395550e+01
7.242233404495742377e+01
6.613399903633288091e+01
6.507388565380972523e+01
6.246946743474381236e+01
6.957259520330325131e+01
6.381838783545342153e+01
6.325883838671756365e+01
6.756612861236952483e+01
1.007883343574062991e+02
9.596608636494579514e+01
7.714739060759556821e+01
8.470055554164747491e+01
9.251643486023188245e+01
1.063260623909175990e+02
1.535731285679102314e+02
9.818112468519564572e+03
1.006217920044803395e+04
1.696294100297325542e+02
1.043921639530120774e+04
1.034154093524710152e+04
1.072570003623027151e+04
1.035164649269998154e+04
8.866578313441150385e+03
1.062945910075368192e+04
1.153748830165647996e+04
1.007161983384693485e+04
1.137230640700163167e+04
1.182175734631178420e+04
1.215277892541194706e+04
1.163300736605543716e+04
1.238944880774540616e+04
1.261292915496783280e+04
1.292101444338448528e+04
1.303135013305677239e+04
1.362990238389527804e+04
1.294557709413335942e+04
1.163757281682038229e+04
5.968606120428878967e+03
5.734633878165844180e+03
9.413619683531356714e+03
4.344378117959226984e+03
5.900903193125057442e+03
7.359481469287132313e+03
5.559599040790560139e+03
4.403781796908918295e+03
0.000000000000000000e+00
0.000000000000000000e+00
1.089729657186376426e+04
8.603386116535799374e+03
1.066490748490509577e+04
6.845938421853347791e+03
0.000000000000000000e+00
0.000000000000000000e+00
0.000000000000000000e+00
0.000000000000000000e+00
0.000000000000000000e+00
0.000000000000000000e+00
0.000000000000000000e+00
0.000000000000000000e+00
5.492162361438327935e+03
0.000000000000000000e+00
0.000000000000000000e+00
0.000000000000000000e+00
0.000000000000000000e+00
0.000000000000000000e+00
0.000000000000000000e+00
