5.578422092014748701e-01
1.240759093935098534e+00
9.546875273091143255e-01
1.994066471017420961e+00
1.562263620118833352e+00
6.589389932822422580e+00
3.875112462058719842e+00
5.626279900378611920e+00
4.473523666959213330e+00
9.031629197185097269e+00
7.690248048580734519e+00
5.414503532483171000e+01
8.180586437422002533e+00
7.578764687357243623e+00
1.482871612501519820e+01
8.950627609672448415e+00
2.045439894518676027e+01
1.271533069222245693e+01
2.429935218926665996e+01
1.969232194005270387e+01
1.952500328658586781e+01
1.660679904443904675e+01
3.465513010026170093e+01
3.808497812888541034e+01
4.564145020679593046e+01
3.296228269290606505e+01
4.413453614887716014e+01
3.443112845990843596e+01
3.521903033265120087e+01
5.171074526427272389e+01
4.916881252142886893e+01
4.454740242370269243e+01
5.128950213332283425e+01
4.689421645692802798e+01
3.914686958951429574e+01
4.330233857723145974e+01
5.161428491082040892e+01
4.110549161211148572e+01
3.772979597588255984e+01
3.210935633212282170e+01
4.497720324351434584e+01
4.759707559161295620e+01
4.162509620015592304e+01
4.867357010434214004e+01
4.869723624109356308e+01
5.304455661846643011e+01
4.975911012439979686e+01
6.934226792173987519e+01
6.225972499439782837e+01
5.816222698386849288e+01
4.949104631005759813e+01
6.210130286668993449e+01
5.691660137849769541e+01
6.168680068809639749e+01
6.857635190761602928e+01
4.014891415263545582e+01
6.262988289459731561e+01
5.806333223750196737e+01
6.207105897867768363e+01
6.071944891735132899e+01
6.268184588830695958e+01
6.646380376507596566e+01
6.366194010241739676e+01
5.324852273191905283e+01
6.228059834442909448e+01
7.249854169489705669e+01
6.119237670865918943e+01
9.472341802469611594e+01
6.768707127773477339e+01
9.541705798660173343e+01
8.320258879370517491e+01
7.367966294500838842e+01
8.141229791183708642e+01
9.304578200600272453e+01
8.942469691620506467e+01
9.514711783763395658e+01
7.721052045207076731e+01
8.192068999205132229e+01
8.170475961591922953e+01
8.881210815583132501e+01
9.163526209227265440e+01
9.631449554707083394e+01
1.186264745532222946e+02
1.545402979968501427e+02
1.665018429431099207e+02
1.957936486188637559e+02
1.697219252479995339e+04
1.645821172120279880e+04
1.686915313678106759e+04
1.781757997198489466e+04
1.795460801583306966e+04
1.797226777361641871e+04
1.840532662200331833e+04
1.857886769934969925e+04
1.725023123114742702e+04
1.530343038661909486e+04
1.306887044400276318e+04
8.959190680929406881e+03
5.194721233381030288e+03
0.000000000000000000e+00
