3.478532137060888485e-01
7.319660700794541341e-01
4.101109407826343811e-01
7.704762891303299499e-01
1.080097684813157599e+00
6.935063376924703427e+00
1.386860149367969308e+00
3.823471520962420822e+00
5.254480989623792730e+00
7.720980825527992586e+00
4.771295185837786335e+00
1.191571843238972050e+01
3.009541947819628138e+00
4.440736257284980226e+00
5.050666915394569578e+00
4.753487923981046137e+00
8.238246413232490184e+00
5.688032996440750999e+00
1.242576898138805142e+01
7.907288003890240446e+00
1.188079413288390462e+01
9.205081311973064118e+00
1.783200787548031485e+01
2.022998154922757053e+01
3.407377515480982311e+01
3.012668262052227064e+01
3.256829782956144470e+01
2.401303816813602765e+01
2.664103177391671906e+01
3.396318503017495516e+01
1.752429655252751317e+01
1.829151171054319391e+01
1.568216550122863850e+01
3.256757429036072438e+01
3.390684193307949101e+01
3.808010884146514030e+01
3.053049223847994043e+01
3.998378241461954019e+01
1.698365438714344222e+01
2.657622851445389855e+01
4.208221588744904551e+01
3.795349478608768123e+01
2.170291651593113613e+01
2.199228506126480553e+01
2.986574675362656706e+01
2.617365537921262231e+01
4.538428414215584894e+01
4.467970638340907641e+01
2.896982125461063262e+01
2.996987316605736140e+01
3.175365379182746395e+01
4.400783720596904658e+01
4.366740847597654351e+01
3.538100255720576115e+01
3.610973723381177081e+01
3.351348640986507377e+01
3.746488634301045551e+01
5.080083261149936646e+01
4.371671260840319206e+01
3.831234468038206842e+01
2.978498277284962370e+01
4.620211233220420155e+01
5.147286253228867281e+01
6.411414361284153074e+01
3.342572568676743572e+01
5.347307541253364604e+01
4.210747227931346970e+01
3.477906155796668486e+01
6.195263765135781853e+01
5.039264077822301147e+01
6.857947264090100248e+01
6.028397745679800579e+01
6.239872891628730400e+01
6.365668311803782586e+01
6.057398054637996410e+01
5.921401243478575793e+01
5.580264533652874093e+01
5.512399313179702176e+01
5.357635010846443180e+01
6.008711542573264808e+01
5.838885559057888486e+01
6.050605094318036947e+01
6.929258139435117414e+01
6.936466513167050607e+01
7.157259012483063998e+01
7.748904947167174839e+01
9.729311398758888174e+01
9.738770158598509852e+01
8.301870450452962302e+01
7.227407964379806060e+01
7.424946302675809306e+01
7.037068267905449659e+01
7.159458404609551962e+01
1.030222685751171952e+02
1.776334271281133965e+02
1.876026018333517641e+04
1.834010245766388471e+04
1.282238852682938159e+04
1.476005589249590230e+04
1.086797036962309539e+04
