3.231602860180485814e-01
6.570254052070112483e-01
4.892950770195858001e-01
7.662617172710811664e-01
1.394151972240075033e+00
2.913677841184827866e+00
1.517133287610666903e+00
2.716964846893869190e+00
4.130343019869924248e+00
7.584095591588317475e+00
3.549099354113190330e+00
7.141636781643885712e+00
2.708364031907658731e+00
3.851594524296454658e+00
4.117812318688031326e+00
4.308764820892768022e+00
5.251884263967704136e+00
4.998811522821752895e+00
6.788720257424406768e+00
6.804735360756824392e+00
7.801451003086941505e+00
7.335275407770555312e+00
9.425722220353639713e+00
1.088541986329479627e+01
1.462265660752482077e+01
1.541803913441583518e+01
1.824675608201668453e+01
1.558703452539491252e+01
1.142191045819314255e+01
1.377806756800393373e+01
1.219953504686075796e+01
9.990896910528054065e+00
1.232811432062536561e+01
1.226207976685388346e+01
2.445575616809940556e+01
2.198540798791361439e+01
1.992805586722007760e+01
2.016660639751785311e+01
1.355972957802424972e+01
2.371680930660141584e+01
3.214107445296033205e+01
2.035164406576247131e+01
1.991792610788749229e+01
2.148384225916190715e+01
2.253658881977242956e+01
2.069392395470326917e+01
3.496239301977193037e+01
4.612259079736308109e+01
3.094431555069061091e+01
2.121197357479171686e+01
2.414240324667323989e+01
3.688948821945117373e+01
3.329083211452110902e+01
3.185051018367129672e+01
2.747894084733785292e+01
2.872577343907657266e+01
3.665367158231035916e+01
3.478327169533835672e+01
3.720036800156734103e+01
4.008168816065958850e+01
3.003186604951196870e+01
5.539394076568238034e+01
4.935196820607504975e+01
4.509893362220180535e+01
2.460491983332274302e+01
3.249035689514213487e+01
3.501029821246775242e+01
2.682806229691534128e+01
4.487643001922373998e+01
4.809316880031320807e+01
4.329723717527895133e+01
4.046562944175767740e+01
4.057684343006113181e+01
4.786266951425014327e+01
5.131083585903037658e+01
5.066526291185891751e+01
5.204162729667962850e+01
5.184887081086082361e+01
5.281901919697578762e+01
5.258574086416960114e+01
4.618807094731128160e+01
5.616185666292464163e+01
5.433092896327895716e+01
5.156998698756422783e+01
5.793781179383972813e+01
5.777296558719940123e+01
6.870464648905257832e+01
6.440898468976054403e+01
6.507134073666799168e+01
5.763484507220445607e+01
5.643125944041921116e+01
6.662307289610535577e+01
5.863979961554107234e+01
5.351433886498154635e+01
6.604605756383543280e+01
5.642145734502780385e+01
7.206292866602235847e+01
7.024002209258360097e+01
1.026204836353931569e+02
1.315448420727997245e+02
