6.899926931104742867e-01
1.165514298835997664e+00
2.735872212687821214e+00
6.896423706358769223e+00
4.180453558474532372e+00
2.958316783336357503e+00
8.094404493749472351e+00
1.127074656238021433e+01
1.903323216111302330e+01
2.168061828232330512e+01
1.539164304311850984e+01
2.318808170991202289e+01
1.587443656179765306e+01
2.709356469561300784e+01
2.487126450104925368e+01
5.508384440611487776e+01
2.410723795073743148e+01
5.331355261581891369e+01
2.815607370308855550e+01
9.443683404194901243e+01
4.696096241964501417e+01
5.338380795399537249e+01
5.418614291704047048e+01
7.929264486686462021e+01
5.762375488045108796e+01
5.845008865019456579e+01
5.913860739481130935e+01
5.380236032003904256e+01
5.416112586757933656e+01
5.652771614108575449e+01
4.748201688598690140e+01
5.817519495270522611e+01
5.571499254798517597e+01
6.295513182501371574e+01
6.098209601973162819e+01
7.746882233822690011e+01
7.171072344966231071e+01
4.497715794949761658e+01
5.831514808623688850e+01
5.747763205079881033e+01
9.382970078706955519e+01
9.484418172972601724e+01
9.203492092998612861e+01
7.451048561854594254e+01
7.502529566607401534e+01
9.997863237755960597e+01
1.189848654890558493e+02
1.062550506656707512e+02
1.653392747642672589e+02
1.008896524851253957e+02
1.116919501260250911e+02
9.443619954721761189e+01
7.947836093941280922e+01
9.974416689908970568e+01
1.150253413513781743e+04
1.450545721601858133e+02
1.502488488291031103e+02
1.130217722188962028e+02
1.541173733709289309e+02
1.206324779649993815e+02
8.610985276681191181e+01
9.364865403948438427e+01
1.340220101090006608e+02
1.343724937785683869e+04
1.360601275771459404e+04
1.356938461809115870e+04
1.297313886962774632e+04
1.155147781933338592e+04
1.042363675080837311e+04
7.976076399097333706e+03
8.573772969731688136e+03
0.000000000000000000e+00
0.000000000000000000e+00
0.000000000000000000e+00
5.605634452095016059e+03
8.196551148260343325e+03
7.507023212265075927e+03
7.424064247717264152e+03
1.136139334636497733e+04
6.810006280234633778e+03
1.061720941842433604e+04
1.225362063933148602e+04
1.319535909826794159e+04
1.182303222456831645e+04
1.153277657913320218e+04
5.742922307880789049e+03
0.000000000000000000e+00
0.000000000000000000e+00
0.000000000000000000e+00
0.000000000000000000e+00
0.000000000000000000e+00
0.000000000000000000e+00
0.000000000000000000e+00
0.000000000000000000e+00
0.000000000000000000e+00
1.538236096756159895e+04
1.996196899540813683e+04
1.949685205729408335e+04
8.207652341769957275e+03
0.000000000000000000e+00
