4.078247456001781734e-01
6.985055733426041025e-01
1.379537960439900290e+00
1.507336292804856592e+00
2.036688987172471599e+00
1.860002142499682209e+00
3.887338492328725970e+00
5.767700240722602345e+00
1.285091775487738808e+01
4.559063966159428993e+00
4.700436278973880277e+00
8.288836460985097077e+00
1.211014569413676334e+01
1.063661913689606919e+01
8.627561617165689256e+00
1.580876011124007618e+01
1.048320371585411337e+01
2.464495734816288675e+01
1.636411242987460568e+01
1.849522228060752838e+01
1.841978928519153769e+01
2.680401761613066114e+01
2.773118345887793268e+01
3.826616421853594119e+01
4.582981794670281062e+01
2.921772283787921509e+01
2.278880593084259232e+01
2.817648112352778611e+01
3.705863315624618792e+01
4.960274189795229205e+01
3.922380255078482492e+01
3.465156547598579806e+01
3.501374800825811917e+01
2.505369087599353506e+01
3.716802249228288701e+01
4.923593283860982694e+01
3.693262193982285169e+01
3.730917112304408079e+01
3.870000901211041366e+01
4.949617360803917165e+01
4.477131212806565230e+01
4.742978247927148772e+01
4.435634547196900712e+01
3.967227890359028208e+01
4.842248920233911491e+01
4.574653651080809169e+01
4.825208486735814972e+01
5.178299849418623069e+01
5.752857777121471372e+01
6.260602682406396013e+01
4.959084763764055737e+01
5.778498956919182206e+01
5.207389051761310128e+01
5.720796814569665401e+01
4.522583061796797210e+01
6.124022147867913901e+01
4.647320380746980817e+01
4.697437411586837896e+01
5.626867128477152846e+01
5.390926099268675387e+01
4.528159386443207524e+01
7.944269053802565850e+01
4.597161551101354604e+01
8.255357691955246935e+01
7.115490124777485903e+01
8.920704533681512771e+01
6.480872012845067331e+01
6.263696121175632214e+01
7.119009431192803561e+01
7.643542655479397752e+01
7.379179223881970984e+01
7.334312330783450307e+01
6.936700869438463712e+01
6.796996254046109698e+01
7.675471511041891404e+01
9.398799162398151452e+01
1.328112595210796485e+02
1.529438663148999069e+02
1.837057480000768237e+02
1.676915324639717437e+04
1.702860921085212613e+04
2.003957960984689350e+02
1.920575053994220696e+02
1.660435153299777653e+02
1.601201831414057324e+02
1.802978859461696629e+04
1.790326858180542695e+04
1.579366280229872245e+04
1.412156972036255866e+04
1.327174627384169253e+04
9.817411797967262828e+03
5.179520988928256884e+03
0.000000000000000000e+00
0.000000000000000000e+00
0.000000000000000000e+00
1.734728297737478351e+04
1.870592119631677633e+04
1.774236218442452446e+04
5.909623034117274983e+03
0.000000000000000000e+00
