4.422234548750040295e-01
7.008198657864870285e-01
1.202898163005207133e+00
1.632226338610329064e+00
1.632855280723948699e+00
1.966661573542076935e+00
2.213204643617612266e+00
2.675120757745403033e+00
3.158629806687870634e+00
3.943410578963178370e+00
4.619047551528510986e+00
5.088201769898975435e+00
4.309807009601181349e+00
6.594872209574242916e+00
6.373535720251432224e+00
5.291399630975273993e+00
7.227614782897045842e+00
1.006876387388472693e+01
7.948108412668984712e+00
1.451546999382810199e+01
1.160673162286140148e+01
1.143655035469345549e+01
1.049905072900392788e+01
2.117162249650273154e+01
2.438569027197931049e+01
1.731086334882119360e+01
1.423839149761160705e+01
2.086939259100426369e+01
2.613173267852458181e+01
2.300751912050021986e+01
2.709997520306770014e+01
2.267016316365361561e+01
2.941803041154752307e+01
2.412184025371161411e+01
2.559212359868668685e+01
2.167571606816841268e+01
2.391292568101488314e+01
2.098387197087373579e+01
3.531230648346799939e+01
2.563570417543446567e+01
2.964515474476652912e+01
3.993530709626529784e+01
2.581906451131409952e+01
3.123936994788101273e+01
3.144856031384026451e+01
3.502845423958069659e+01
2.932643229047668143e+01
4.996859117018104257e+01
4.781977108458617920e+01
3.540264182743987931e+01
4.244675787373851250e+01
4.945548837603814718e+01
4.299734979685090508e+01
4.116752609042340794e+01
3.859914837735355775e+01
3.201433180588943372e+01
3.277776366762866189e+01
5.283882931952420847e+01
5.588934294491615873e+01
5.919684355091843031e+01
4.472552172816895677e+01
5.727258949790034137e+01
4.588049151940001735e+01
6.582315233850636105e+01
5.152190471944545180e+01
4.663997290634909376e+01
4.334038540282750063e+01
5.792867668627094702e+01
6.067260549681906667e+01
5.387261477942757892e+01
5.323009509302288222e+01
6.261069654391303629e+01
5.830286504431587957e+01
6.501877709980449538e+01
7.053684272428404256e+01
7.462297813201348617e+01
6.878039838430696307e+01
7.277715169618718960e+01
7.527251672920523617e+01
7.089226201197179478e+01
8.296650109409495144e+01
9.534560239331979403e+01
7.576228490140675831e+01
8.544084204455586473e+01
7.839391010558566109e+01
7.445260313950328168e+01
8.208922169944038671e+01
1.006071164015867083e+02
1.431986345350937881e+02
1.900448453685228014e+04
1.598273263296199002e+04
1.406491750478046015e+04
1.266983500535348503e+04
8.550719329759069296e+03
1.755577951796697380e+04
2.001101329410153267e+04
1.838461010956087193e+04
9.437759188584994263e+03
0.000000000000000000e+00
0.000000000000000000e+00
