3.649941082059547370e-01
5.034439198532821846e-01
8.140182436293285084e-01
1.666702106450605791e+00
1.158178539909685778e+00
1.952001907644904888e+00
1.631880980380287838e+00
1.887590708657581606e+00
2.116672685317797509e+00
3.527565211397616363e+00
5.713002227079364559e+00
7.379392468114229331e+00
2.866575984361637630e+00
4.417990151780330166e+00
5.427707810897171470e+00
8.500856085977977372e+00
4.697103463709148663e+00
4.357691340460394969e+00
4.624410854120584169e+00
8.049019635263205075e+00
7.918630404722920346e+00
7.263002357564289468e+00
1.277875740320137155e+01
1.042883137040663932e+01
1.084264288120899700e+01
8.563525713573939768e+00
8.150465514302407399e+00
9.671401350383185047e+00
8.707130636861482031e+00
1.403905551261023810e+01
1.226828155189111591e+01
2.217928850512664596e+01
2.679542071656319280e+01
3.403953762960484397e+01
2.032332605962357519e+01
1.828998423304250665e+01
1.238241062076192378e+01
1.704778955230365156e+01
1.725145604593788917e+01
1.758270637315184715e+01
1.787670081566109204e+01
2.028327542091389546e+01
2.286988682253094751e+01
1.874422699789392155e+01
2.963612461576002843e+01
2.745289750379243543e+01
2.550463284236916195e+01
2.163319610933556447e+01
2.404427814768159166e+01
3.453563841305184212e+01
2.925481451987286619e+01
1.949672333761740717e+01
3.508525835831030548e+01
3.796795632259679820e+01
4.074828683083745773e+01
4.313028420724018019e+01
3.675245160247624199e+01
5.217175479601370824e+01
3.655276122052394783e+01
3.505543884611303440e+01
3.313169728851132589e+01
3.465607749361716117e+01
3.281440634718902771e+01
4.204330615482482614e+01
3.632788107433908920e+01
3.451165884570861664e+01
4.163505013665970722e+01
4.236179087636301688e+01
4.199554863903964730e+01
4.163359749012909816e+01
4.462744484561888925e+01
4.668903597883921464e+01
4.605251135321054079e+01
4.470344812907871557e+01
4.922140228178950139e+01
5.385553315668522600e+01
5.538103768199274413e+01
5.018791251544462284e+01
5.449583619180339866e+01
4.872023609446161174e+01
5.564459876960350471e+01
5.910989276084746535e+01
5.456201529241420189e+01
5.142750434465199305e+01
5.381643179359977580e+01
5.275897229399910060e+01
5.950073142323353892e+01
8.188078870181739433e+01
1.011784259786286668e+02
9.774471308109806955e+01
1.208875310363141153e+02
1.714307264147086300e+02
1.899259742642950357e+02
1.984320378469598290e+04
2.398051069806814439e+02
2.386149314398244314e+01
2.013954408696984319e+04
1.160439723998633417e+04
9.614339352334247451e+03
1.392418569163739994e+04
