9.443672066970018042e-01
1.686566967343065659e+00
3.354448344124834946e+00
8.000649595292433247e+00
5.215313656122709141e+00
9.530099603715127543e+00
7.196058805586407203e+00
9.372066381927345091e+00
2.051584564514716291e+01
1.180574960494327996e+01
1.480903509910249660e+01
9.504260349008518460e+00
2.366757622102891645e+01
1.675208648413415347e+01
1.703034222967630029e+01
2.437909664532697818e+01
2.338794526172064892e+01
2.464353835862579700e+01
2.537111155241665017e+01
3.079173959901920554e+01
3.024405227683181963e+01
2.952631062461438560e+01
3.711990750437015407e+01
4.342947043998258749e+01
4.045770010007849038e+01
4.940649211170948263e+01
4.241327082997325704e+01
4.628746499482632260e+01
4.256608229284989875e+01
4.009227228277055133e+01
5.071982891789171788e+01
4.716858813883899870e+01
4.532257043083562564e+01
4.809124667615454740e+01
4.820000916895085652e+01
5.626127237671049386e+01
4.844545170695730718e+01
6.305428257664908642e+01
5.244991535075882183e+01
5.521101587812968603e+01
6.776938863590278572e+01
8.380973107595673355e+01
6.974176409522573294e+01
8.547990600117802273e+01
8.459614688036344887e+01
1.116885875982754612e+02
1.153383561183911468e+02
8.860359390089557508e+01
7.406671405438841305e+01
5.705430670786630287e+01
9.680862056289062423e+01
1.037070636057653417e+02
9.748043375114836806e+01
1.150301511138232797e+02
1.233482611820810604e+02
2.339188304101717506e+02
2.336217925134252198e+02
2.592157744251304621e+02
2.121923904317718836e+02
2.923022778503199675e+02
2.593836324358902061e+02
2.294039760876026435e+02
1.362868268517574506e+04
1.366523692234245391e+04
1.376894381184426675e+04
1.450672051220958929e+04
1.478672377220865019e+04
1.485364506569793775e+04
1.481706015180961913e+04
1.520352884244038978e+04
1.529594946340824208e+04
1.558119655770977806e+04
1.599764311852672836e+04
1.594055182058204446e+04
1.549830062952330809e+04
1.466707556481845131e+04
1.488846499200578910e+04
1.501696965818182798e+04
1.499309548311896651e+04
1.486524683037851355e+04
1.514866896007937612e+04
1.577558073056720059e+04
1.504798592901821030e+04
1.329369192342443239e+04
1.166151849862405470e+04
7.935179862174167283e+03
7.944478740886234846e+03
9.565241454263104970e+03
1.407965347578811088e+04
1.864630485958014106e+04
6.465431462097530613e+00
6.101514191025797729e+00
9.932228507265323358e+00
1.687634069546768660e+04
1.104075256972596071e+04
9.267860508897705586e+03
1.105845046418870879e+04
1.207862013825534268e+04
1.346281263959675380e+04
1.266628005937069065e+04
