8.875139453621357921e-01
1.493377123943820051e+00
3.455055371769025552e+00
8.325195295828342168e+00
7.729693396573178887e+00
1.201207186186486808e+01
7.931066456609801030e+00
1.723661412699079420e+01
1.339774420492065765e+01
1.518612271602943409e+01
5.863492487796116848e+01
1.409677629245089214e+01
1.215627141461746419e+01
1.712156552996493275e+01
1.597175068898996564e+01
4.213472326090473530e+01
5.282516784007700039e+01
2.886806600460166194e+01
5.265172403461244244e+01
4.817476977593296539e+01
4.380896823092365366e+01
4.071274947035869474e+01
5.510841285707950021e+01
4.840531534245673129e+01
5.197104766139184306e+01
5.596498208551530240e+01
5.625765250505752135e+01
5.594234372114976139e+01
4.435506196296307024e+01
5.295114055672014786e+01
6.473484298880158860e+01
5.190890904287162044e+01
6.078316768593820996e+01
5.301239975669840732e+01
6.152609483529659684e+01
7.117803242514600015e+01
5.233940199016356587e+01
6.955881471605607658e+01
6.572658761266912109e+01
5.741731111038592417e+01
6.632924929396486391e+01
7.016084577293371183e+01
7.608375340942259868e+01
7.363381740119383778e+01
7.628318817724714052e+01
7.667860721742546559e+01
8.571047007667856121e+01
9.946236770993930065e+01
8.056833849647661339e+01
6.473469139425175456e+01
7.452291134755621727e+01
9.273569756211864501e+01
1.115191581495324726e+02
9.194650103286392095e+01
1.325599837217586696e+02
1.359517678029977787e+02
1.226663345143005017e+02
1.404973153331601736e+02
1.257795275117310041e+02
1.636760969851965797e+02
1.115122982310818287e+02
1.365986258328945553e+02
1.355995042538775851e+04
1.341740139629796431e+04
1.375888548530415756e+04
1.442552779472474504e+04
1.445414769052838346e+04
1.378623688944703281e+04
1.322498829580607162e+04
1.504829950712098616e+04
1.480194717615895388e+04
1.515392233074832257e+04
1.547269395894661102e+04
1.445609055181964504e+04
1.134366936135960896e+04
1.217456955180634031e+04
9.737087197373863091e+03
5.246063137217856820e+03
7.978330319668041739e+03
8.800410102226864183e+03
7.295105567917476947e+03
1.014575389241173798e+04
9.669706317667749317e+03
5.222315687465699739e+03
0.000000000000000000e+00
0.000000000000000000e+00
0.000000000000000000e+00
0.000000000000000000e+00
0.000000000000000000e+00
0.000000000000000000e+00
1.601726128652646730e+04
1.763320472174142924e+04
9.141951845305091410e+03
0.000000000000000000e+00
0.000000000000000000e+00
0.000000000000000000e+00
0.000000000000000000e+00
0.000000000000000000e+00
0.000000000000000000e+00
0.000000000000000000e+00
