3.873963031925914957e-01
7.133191237977188903e-01
1.612952753559476982e+00
1.525257246735391981e+00
1.821915895067686364e+00
4.530974362428182189e+00
3.142710809100050628e+00
3.857120177059491173e+00
7.530327168457978892e+00
4.024915920631039867e+00
5.710327139868602409e+00
4.888079094673848601e+00
6.041948102244141694e+00
8.035987260693650214e+00
1.184713313272982482e+01
6.694989843310263034e+00
9.694791498491079906e+00
1.396933594552297464e+01
1.582214179147461408e+01
1.868785347020416054e+01
1.401096284756533272e+01
1.205541077677030160e+01
2.251168973954778707e+01
2.848680020334589713e+01
1.906447879044939242e+01
1.904248496565866944e+01
1.534944971316708084e+01
2.560471299010731627e+01
2.967892416676857437e+01
3.394167906612096886e+01
2.765645730078905373e+01
2.976233628723209534e+01
3.221347414348976201e+01
3.576972282283243487e+01
2.154454692438174490e+01
2.778110587301633316e+01
3.145868039203933009e+01
2.755187591918715739e+01
3.168769084881231279e+01
3.750730248943181522e+01
3.628388652472239073e+01
3.290050726822384064e+01
4.086330584608607808e+01
4.802799022878474489e+01
4.832341376293592816e+01
3.957443703738094598e+01
5.475014338846114725e+01
4.009930913975653510e+01
3.719298812589507719e+01
3.948340385239033168e+01
5.519230213503200844e+01
5.205820363378773408e+01
4.840563855050755393e+01
5.718257939714624882e+01
6.163863156360208961e+01
5.269365206865514040e+01
5.171955100306754360e+01
4.515792983246840464e+01
4.963118870017586914e+01
5.662546219976014328e+01
5.259904816569473951e+01
6.195344222487008778e+01
7.080452920468617606e+01
6.163713256605321078e+01
6.886938669197681406e+01
7.476057029488072203e+01
7.040974748588044463e+01
7.108747588193534739e+01
7.125477533838868283e+01
6.946373158246083790e+01
6.440182316784695615e+01
6.676964931110580892e+01
6.797758938324858491e+01
8.299454029111547015e+01
9.146741091270259005e+01
9.297717201116235231e+01
1.100174936387916773e+02
9.685357118180655789e+01
9.915791850506251137e+01
1.174401787684599725e+02
9.834881437859310438e+01
1.032030336315091859e+02
1.040381698037946165e+02
1.096963339613747337e+02
1.637770067928636877e+02
1.788883283620066891e+02
1.904990526823238179e+04
1.709521103003564349e+04
1.614637348503240901e+04
1.411173216655579745e+04
1.986994700543945510e+04
1.944086441877275138e+04
9.333956654481811711e+03
0.000000000000000000e+00
0.000000000000000000e+00
0.000000000000000000e+00
6.618944799694040739e+03
6.716259554939251757e+03
1.381746862984780455e+04
1.082870227468005032e+04
