3.092592443912320910e-01
5.444847333200579786e-01
2.242232570100927358e+00
1.295964475931301152e+00
1.402392458076288762e+00
3.369528383525342452e+00
2.376558026103398280e+00
2.405060933812363633e+00
3.889689232817846509e+00
3.700661449426128957e+00
4.739250741949697421e+00
3.932644042005354112e+00
4.503232033739002382e+00
4.829804472389635173e+00
6.626772061101720013e+00
5.420229201425936338e+00
6.695089813254444522e+00
9.243076887772391004e+00
8.846101480315896382e+00
1.227541249685087799e+01
1.035527467552073055e+01
8.905862744174736889e+00
1.286395400846373249e+01
1.168383233107735819e+01
1.311091280440256845e+01
1.158032373052414421e+01
1.050567642547792424e+01
1.034981286006969370e+01
1.550586486872859737e+01
1.610738169821483723e+01
1.835241277046126740e+01
1.333599297158979446e+01
3.143391000949886660e+01
1.788956898900292458e+01
1.945513720638354016e+01
1.605020142088891433e+01
2.295617624271675439e+01
1.521747032781753894e+01
2.125312691998457737e+01
2.492706935722178585e+01
2.261481448734002697e+01
3.313808715781033953e+01
2.359063208784169063e+01
2.657145589564020582e+01
3.645365295027938402e+01
2.893998831477649603e+01
3.407585521243549209e+01
3.031110277522942908e+01
3.415016467045769843e+01
2.589751416975625986e+01
4.565276194465103998e+01
3.620496742708908045e+01
3.304505101093862862e+01
3.342875004805166839e+01
4.458355219793272539e+01
4.151057743276103906e+01
4.777308249070359381e+01
4.262442062214468308e+01
4.951898625615283578e+01
4.857215038785158612e+01
5.637731295510077700e+01
4.867316491064489981e+01
4.920088012117378895e+01
5.369064255742158309e+01
5.081556530321643095e+01
4.270786381009570931e+01
4.848071247549449936e+01
5.067487605372999582e+01
5.286772160278076882e+01
4.979823726540509199e+01
5.635490488661215380e+01
5.308433717674013508e+01
5.322420259178596069e+01
4.818468783248173537e+01
4.663705380261336586e+01
5.005323962425254081e+01
4.972293674693042220e+01
5.717211715347821155e+01
5.260808111489061645e+01
5.957400629724924102e+01
5.628589844241843565e+01
5.012899714051209088e+01
4.654455962465348762e+01
4.971242154369620891e+01
5.480095559188377763e+01
6.074587356099601720e+01
6.602217938815761045e+01
8.778086278081455873e+01
9.498014562740974043e+01
1.227380247022927620e+02
1.318321683979002046e+02
9.345277395462524339e+01
1.938354565738864039e+04
1.500659767764048775e+04
1.107050903827685397e+04
9.119603255694926702e+03
1.104581639672110032e+04
2.176121848416084686e+04
1.453152087955446916e+02
1.028116685711393785e+02
