8.946012158131533276e-01
1.128425305457367633e+00
1.915783785350103852e+00
1.370134529519505939e+01
5.365671040470127551e+00
3.861935301083459837e+00
8.468544988414823393e+00
3.508601730077912606e+01
1.468853614126838458e+01
4.609654080822233624e+01
9.411723458536418008e+00
1.220707345408953337e+01
4.104475688308449577e+01
8.864673960667071029e+00
1.487668457665324162e+01
1.940815181902083353e+01
1.521789433209355202e+01
3.636709294358125533e+01
3.384722663064540171e+01
3.947328036643211391e+01
4.273839187910904514e+01
4.037642923021557806e+01
4.001271177085164510e+01
5.316114341564010459e+01
5.583618585748111940e+01
5.544781051953378892e+01
5.610689652762400925e+01
4.638286719931883795e+01
5.701189804544694084e+01
6.470234075666678564e+01
5.420814204992515073e+01
6.358532107834531644e+01
5.770958941072849058e+01
5.869244541928424752e+01
6.262749589896618829e+01
6.720083137693880815e+01
7.760799492884180495e+01
9.124556936096330162e+01
1.120759512936474778e+02
8.100572868590833764e+01
1.246777911963131942e+02
1.298737013850955009e+02
1.679695272329602744e+02
1.016850830086564747e+04
1.059010096481326582e+04
1.082690809966875531e+04
9.104122260481827311e+01
1.116016082373674908e+04
1.088983690535202913e+04
1.141766387886061966e+04
1.121927111340391275e+04
2.050167360845719031e+02
1.089445922736508692e+02
1.650473117692588687e+02
1.776142765218859552e+02
1.684005965141566321e+02
1.264563968305919701e+02
1.360861607382534203e+04
1.312042318811304540e+04
1.168518021789888371e+04
8.744942626268219101e+03
0.000000000000000000e+00
6.212702868514503280e+03
4.295159163939291830e+03
5.000726271546638600e+03
8.038768801355265168e+03
8.062805923272541804e+03
1.075786994395487454e+04
9.197864739970844312e+03
1.212907950951663952e+04
1.120498533818088436e+04
9.315741297238646439e+03
1.025530981335961587e+04
1.179571886680061289e+04
1.043945150923744950e+04
0.000000000000000000e+00
5.132160816281605548e+03
5.158564041129556244e+03
0.000000000000000000e+00
0.000000000000000000e+00
0.000000000000000000e+00
0.000000000000000000e+00
0.000000000000000000e+00
0.000000000000000000e+00
8.377778054032258297e+03
1.431248482067310943e+04
1.198439596669994899e+04
0.000000000000000000e+00
0.000000000000000000e+00
0.000000000000000000e+00
0.000000000000000000e+00
0.000000000000000000e+00
0.000000000000000000e+00
0.000000000000000000e+00
0.000000000000000000e+00
0.000000000000000000e+00
0.000000000000000000e+00
0.000000000000000000e+00
0.000000000000000000e+00
0.000000000000000000e+00
