6.564261332165939322e-01
8.184691925488287723e-01
1.366995698052398067e+00
1.933001156171500812e+00
2.248057855897320323e+00
2.870080748060612752e+00
8.932150573668392823e+00
8.578458779744231322e+00
4.013291053801299135e+00
4.441551163602062147e+00
5.077091197211133000e+00
6.441459128580675930e+00
9.573301718967718088e+00
7.931613864412016213e+00
7.955768572783527226e+00
9.148400388860295607e+00
1.274956405156749462e+01
1.778955023841832528e+01
2.014781943487188798e+01
1.134616873661468262e+01
1.264227312156124050e+01
1.621295021534493230e+01
2.187742279434084836e+01
2.501054210639128783e+01
1.542618373660191722e+01
2.315116401351651021e+01
1.936836741819297103e+01
2.683060474208351565e+01
2.419621455365896878e+01
2.113413697207099773e+01
2.241701366306145005e+01
3.405105461669922562e+01
2.379227482210843547e+01
2.180502985402741345e+01
3.177646181970941441e+01
4.374475447759821378e+01
4.060856802367293028e+01
3.754450439938393913e+01
4.788100343084725807e+01
5.185596265691194162e+01
4.898118627791854607e+01
4.825318828919382241e+01
3.873397214886529127e+01
6.937265500241471727e+01
6.978804694763341843e+01
6.393511022735583538e+01
6.128054188881310438e+01
7.480626887679716219e+01
5.473920330207805307e+01
5.675552600907020206e+01
5.393933443758520241e+01
8.392137099233262632e+01
7.183379953201846035e+01
6.192158809230679850e+01
8.211654792059299268e+01
4.879125549254471395e+01
5.648605769859135250e+01
7.711265152747127161e+01
9.037044077029585765e+01
1.332942492091546853e+02
9.041652349960024537e+01
9.867797493094944628e+01
1.406985017000172604e+02
1.544092973974315157e+02
1.499428652305087724e+02
1.590151121973104864e+02
2.256113058294089626e+02
3.102725569817214364e+02
1.600289057901826891e+04
1.612478062819250590e+04
1.674927389753175521e+04
1.691740294700971208e+04
1.712058274467709998e+04
1.722443421618112188e+04
1.737315016398365333e+04
1.768940937219406624e+04
1.748679450998211905e+04
1.748701885523282544e+04
1.562438057740741897e+04
1.350101645948917394e+04
1.108011663760564079e+04
1.167201630446104900e+04
1.152720948833431430e+04
1.219183197354260301e+04
1.026736557672125549e+01
7.841042796671659154e+00
9.866903245083991081e+00
1.279078838771932351e+04
8.492277391697578423e+03
7.174821922393450222e+03
9.553892218102962943e+03
1.249087653711347957e+04
1.377905520049556981e+04
1.406938790950273687e+04
1.050588501379813533e+04
8.785504366053588456e+03
9.477335836952672253e+03
1.098675860910880692e+04
1.087298788216721914e+04
1.076732062216735721e+04
