2.925140588700011479e-01
4.787555452433781000e-01
7.089470297335837001e-01
9.966441693373455646e-01
1.226327918524628524e+00
1.426510190450111182e+00
1.437997529774774907e+00
1.767344838906574234e+00
2.263230207979227249e+00
2.443138628443770610e+00
2.750219129796156903e+00
2.943243103596599575e+00
3.657214890905531313e+00
1.787785978364144768e+00
3.703888799696573031e+00
3.985169157668624784e+00
4.257735372502621018e+00
4.719831403815482496e+00
4.835297370015508633e+00
5.498335071018425779e+00
6.096025140234203832e+00
6.467973001632598695e+00
6.476972662367851186e+00
6.865877400952665077e+00
7.614453228155248610e+00
7.045809800002502676e+00
7.219749885388465849e+00
9.896304434869037436e+00
6.998813275570524794e+00
8.088127932573886625e+00
8.605922327021339413e+00
8.286986494407777570e+00
8.406176953780379435e+00
9.803545491553839142e+00
1.082052620005046251e+01
1.006793966893613756e+01
1.228884914123119110e+01
1.077410796674533700e+01
1.123623133308340627e+01
1.205076052132758413e+01
1.093905607294268378e+01
1.140406223949724662e+01
1.424998025075042918e+01
3.754506963168720546e+01
8.367192054612974061e+01
1.522309263379756658e+03
0.000000000000000000e+00
0.000000000000000000e+00
0.000000000000000000e+00
0.000000000000000000e+00
0.000000000000000000e+00
0.000000000000000000e+00
0.000000000000000000e+00
0.000000000000000000e+00
0.000000000000000000e+00
0.000000000000000000e+00
0.000000000000000000e+00
0.000000000000000000e+00
0.000000000000000000e+00
0.000000000000000000e+00
0.000000000000000000e+00
0.000000000000000000e+00
0.000000000000000000e+00
0.000000000000000000e+00
0.000000000000000000e+00
0.000000000000000000e+00
0.000000000000000000e+00
0.000000000000000000e+00
0.000000000000000000e+00
0.000000000000000000e+00
0.000000000000000000e+00
0.000000000000000000e+00
0.000000000000000000e+00
0.000000000000000000e+00
0.000000000000000000e+00
0.000000000000000000e+00
0.000000000000000000e+00
0.000000000000000000e+00
0.000000000000000000e+00
0.000000000000000000e+00
0.000000000000000000e+00
0.000000000000000000e+00
0.000000000000000000e+00
0.000000000000000000e+00
0.000000000000000000e+00
0.000000000000000000e+00
0.000000000000000000e+00
0.000000000000000000e+00
0.000000000000000000e+00
0.000000000000000000e+00
0.000000000000000000e+00
0.000000000000000000e+00
0.000000000000000000e+00
0.000000000000000000e+00
0.000000000000000000e+00
0.000000000000000000e+00
0.000000000000000000e+00
0.000000000000000000e+00
0.000000000000000000e+00
0.000000000000000000e+00
