3.035924362323914050e-01
4.100320663061882698e-01
6.162887240822317869e-01
8.321686123849579841e-01
1.010098642917027556e+00
1.180017187281879210e+00
2.906011864658383903e+00
2.715812605346350939e+00
2.123357730066507187e+00
2.189693307516152654e+00
2.385128815362522303e+00
3.025438014292981315e+00
3.303632388126265695e+00
3.154437835068418572e+00
3.439508198954238871e+00
3.852947072981680154e+00
3.584615966713758262e+00
3.828121615364274533e+00
3.816770501132704663e+00
4.421689786533591793e+00
4.821545698442958994e+00
5.192975756846613500e+00
6.080546960208009999e+00
5.938156801714169930e+00
5.576081132735878576e+00
5.231300357465668682e+00
6.018618146138547509e+00
6.042384505658221272e+00
6.705840124603931862e+00
7.143803181013194781e+00
7.281872839947240550e+00
7.823801861901997334e+00
6.645962952992933381e+00
7.455335593753724233e+00
7.598241090070970039e+00
8.411061145190975807e+00
8.321323819684415923e+00
8.273919983520842791e+00
9.048951782655024090e+00
7.689125458990318407e+00
9.204321664764822941e+00
1.090127432733589252e+01
1.033430912490401887e+01
1.020060815962935230e+01
3.012307626426276741e+01
1.045759580539516355e+04
0.000000000000000000e+00
0.000000000000000000e+00
0.000000000000000000e+00
0.000000000000000000e+00
0.000000000000000000e+00
0.000000000000000000e+00
0.000000000000000000e+00
0.000000000000000000e+00
0.000000000000000000e+00
0.000000000000000000e+00
0.000000000000000000e+00
0.000000000000000000e+00
0.000000000000000000e+00
0.000000000000000000e+00
0.000000000000000000e+00
0.000000000000000000e+00
0.000000000000000000e+00
0.000000000000000000e+00
0.000000000000000000e+00
0.000000000000000000e+00
0.000000000000000000e+00
0.000000000000000000e+00
0.000000000000000000e+00
0.000000000000000000e+00
0.000000000000000000e+00
0.000000000000000000e+00
0.000000000000000000e+00
0.000000000000000000e+00
0.000000000000000000e+00
0.000000000000000000e+00
0.000000000000000000e+00
0.000000000000000000e+00
0.000000000000000000e+00
0.000000000000000000e+00
0.000000000000000000e+00
0.000000000000000000e+00
0.000000000000000000e+00
0.000000000000000000e+00
0.000000000000000000e+00
0.000000000000000000e+00
0.000000000000000000e+00
0.000000000000000000e+00
0.000000000000000000e+00
0.000000000000000000e+00
0.000000000000000000e+00
0.000000000000000000e+00
0.000000000000000000e+00
0.000000000000000000e+00
0.000000000000000000e+00
0.000000000000000000e+00
0.000000000000000000e+00
0.000000000000000000e+00
0.000000000000000000e+00
0.000000000000000000e+00
