7.392553800287542387e-01
1.469510256953440619e+00
2.363012824468612827e+00
2.791783505158869971e+00
3.266122272740442867e+00
4.461608026942989191e+00
5.640453534582613671e+00
7.143577083549121021e+00
7.132780873312290382e+00
8.517966436357447435e+00
9.335528871584413579e+00
1.339815731116077657e+01
1.122965965614604045e+01
9.951210390807334605e+00
1.336632027685172908e+01
1.546189068716391368e+01
1.829568787377938577e+01
2.076627501648565755e+01
1.969336259197842054e+01
1.992005205208099028e+01
2.239598986606912590e+01
2.270159699122198305e+01
2.587685743824991746e+01
2.778116518688105430e+01
2.427977160012227742e+01
2.276838310460807335e+01
3.094638442166264625e+01
3.672426266250700166e+01
3.652400284600692970e+01
3.777960327076981173e+01
3.480420767554250006e+01
2.901693504959391134e+01
3.143394093322118721e+01
4.695041441011552763e+01
7.024634967253389561e+01
5.765100140234854109e+01
5.629209137131421414e+01
6.957279045442092524e+01
9.222273823188825759e+01
1.081040597669352081e+02
1.008648182793253363e+04
5.192091265883712367e+03
2.309340891619672220e+03
1.570660169609101786e+03
5.632269619584855036e+02
5.789512445114750108e+02
7.228251306055281020e+02
9.674191752354014397e+02
9.773132705179056074e+02
6.292501212876051113e+02
6.427323724477571432e+02
6.560330486937569958e+02
6.646726419376723243e+02
6.753601508138272038e+02
0.000000000000000000e+00
7.139154201429289515e+02
7.156989955082869983e+02
0.000000000000000000e+00
0.000000000000000000e+00
0.000000000000000000e+00
0.000000000000000000e+00
0.000000000000000000e+00
0.000000000000000000e+00
0.000000000000000000e+00
0.000000000000000000e+00
0.000000000000000000e+00
0.000000000000000000e+00
0.000000000000000000e+00
0.000000000000000000e+00
0.000000000000000000e+00
0.000000000000000000e+00
0.000000000000000000e+00
0.000000000000000000e+00
0.000000000000000000e+00
0.000000000000000000e+00
0.000000000000000000e+00
0.000000000000000000e+00
0.000000000000000000e+00
0.000000000000000000e+00
0.000000000000000000e+00
0.000000000000000000e+00
0.000000000000000000e+00
0.000000000000000000e+00
0.000000000000000000e+00
0.000000000000000000e+00
0.000000000000000000e+00
0.000000000000000000e+00
0.000000000000000000e+00
0.000000000000000000e+00
0.000000000000000000e+00
0.000000000000000000e+00
0.000000000000000000e+00
0.000000000000000000e+00
0.000000000000000000e+00
0.000000000000000000e+00
0.000000000000000000e+00
0.000000000000000000e+00
0.000000000000000000e+00
0.000000000000000000e+00
0.000000000000000000e+00
