3.537007397509367435e-01
1.056715128623670230e+00
2.938456840178868212e+00
1.710520738813858133e+00
2.824582475358630163e+00
3.395882971636905978e+01
3.204603819687125377e+00
5.369511702219785576e+00
4.618087185521007498e+00
8.312122098782399604e+00
6.511572093709803610e+00
1.443007725028283694e+01
2.279321534159724649e+01
1.115767782693437660e+01
1.928197479175858575e+01
1.596867003292650544e+01
1.737180875203022623e+01
3.087429533407256699e+01
2.829943728016726112e+01
3.195150519087508556e+01
2.841267314585909887e+01
2.490746547012679812e+01
2.792754201433650962e+01
2.809211913042360820e+01
3.656758716348237215e+01
3.582422447367382290e+01
3.877930770507902736e+01
4.559668900868374664e+01
4.657284866758433139e+01
3.983554529528913690e+01
2.852303400130190170e+01
2.718267431094915665e+01
4.327828018831094425e+01
3.515877859171879294e+01
5.105654242441544000e+01
4.716723128157226341e+01
4.734439122446524095e+01
4.879195753469630858e+01
4.663112984062855304e+01
5.064722620133475317e+01
4.148567874556832891e+01
4.407581437208780528e+01
4.780677497175813073e+01
5.101056456008694084e+01
4.477814710382205021e+01
4.711155210966411744e+01
6.088133447165569123e+01
5.410269676488822199e+01
5.961745869106437823e+01
6.939100600051109780e+01
6.575162473696839527e+01
6.850072212810924555e+01
4.285808521682382377e+01
5.932907968938444299e+01
8.499690968237277389e+01
6.156121204254645107e+01
6.061169985402472093e+01
5.824998351256395068e+01
7.035694618892721053e+01
7.766486201688348956e+01
8.297905161451399181e+01
7.541963685560284603e+01
6.969476444078399879e+01
8.224405786017547371e+01
9.747325291421510940e+01
8.980417343185463608e+01
1.013908215190194824e+02
1.248031165316859870e+02
2.135376284881085382e+02
1.679230442522260205e+02
1.443390302942933090e+02
2.226939174240653188e+02
1.670489893293755085e+04
9.908193949913640608e+03
6.467711457524098478e+03
9.190139869282647851e+03
9.861556967159311171e+03
0.000000000000000000e+00
0.000000000000000000e+00
1.199879443748455378e+04
1.495818286121206802e+04
1.828084300085270661e+04
0.000000000000000000e+00
0.000000000000000000e+00
0.000000000000000000e+00
0.000000000000000000e+00
0.000000000000000000e+00
0.000000000000000000e+00
0.000000000000000000e+00
6.272951833928685119e+03
0.000000000000000000e+00
0.000000000000000000e+00
0.000000000000000000e+00
7.743879578983344800e+03
0.000000000000000000e+00
0.000000000000000000e+00
0.000000000000000000e+00
0.000000000000000000e+00
0.000000000000000000e+00
0.000000000000000000e+00
