6.236434000669948130e-01
1.771384698298680727e+00
2.548851868068309656e+00
2.726818308390713597e+00
2.943797981610517756e+00
3.578468054620231431e+00
6.699163029214651566e+00
4.958871916842275240e+00
6.812916985168980588e+00
9.058121359915412896e+00
8.047540991479214867e+00
1.202794993306092586e+01
1.022981116422241854e+01
1.441033457740785906e+01
1.409600467032326954e+01
1.260259614609186762e+01
1.382504142935022884e+01
1.688859750103069501e+01
2.102305101661749731e+01
1.774642459501902536e+01
1.805909482834933399e+01
2.381436062125800746e+01
2.385955285807814619e+01
3.220311462608871267e+01
3.617788062667800375e+01
2.521805558576802042e+01
3.549693217780802712e+01
2.829958857255822480e+01
3.680868378019182074e+01
3.284982089474767264e+01
2.858091513824061636e+01
3.433556531021850589e+01
3.550944404987373559e+01
4.488085892325430848e+01
4.433536346368358494e+01
3.883854805298189206e+01
3.866812953397678143e+01
4.876107699857956845e+01
4.588844882511307333e+01
5.804532938554384458e+01
5.324545026077971244e+01
5.294784974553283519e+01
5.113156482059796559e+01
6.128342798916042966e+01
5.250076250944269418e+01
5.037923969966624327e+01
5.834681372211465344e+01
6.590507507887504346e+01
5.178595212808870940e+01
6.959286307350932077e+01
4.852872842244389062e+01
4.910237571232563880e+01
5.469089790849655941e+01
5.409576176338720188e+01
5.771396069304930165e+01
6.260779852325448047e+01
6.581119278325142830e+01
7.106824187637056411e+01
8.865944739999599733e+01
7.442443741461538309e+01
6.518807171613966034e+01
6.697137823336122153e+01
7.041994108753132764e+01
7.124027082194065486e+01
6.605001560603430732e+01
6.574317499244243379e+01
7.221422016376558872e+01
7.107199339381095626e+01
8.484217811151789590e+01
9.010423544927152761e+01
1.193142567105258109e+02
8.237708419291303130e+01
7.200238140725812741e+01
1.083178293415962941e+02
1.664658775769200929e+02
2.161406185436933356e+02
1.875250680052202370e+04
1.762369917006700780e+04
6.800507882637279181e+03
1.885351947363956060e+04
1.944050960656703683e+04
1.727210957006393073e+04
6.741269955406727604e+03
0.000000000000000000e+00
0.000000000000000000e+00
0.000000000000000000e+00
9.966847015537943662e+03
1.131003775939300431e+04
7.585680350117609123e+03
1.119574935158481094e+04
1.032086555959321049e+04
7.495276323644167860e+03
7.821932144329539369e+03
0.000000000000000000e+00
0.000000000000000000e+00
0.000000000000000000e+00
0.000000000000000000e+00
0.000000000000000000e+00
0.000000000000000000e+00
0.000000000000000000e+00
