8.059794871275195449e-01
1.448430863104187782e+00
2.489600480223140178e+00
1.150827428237724881e+01
1.359978114357378054e+01
9.083404160500514024e+00
1.992148322991462095e+01
1.013589716971465648e+01
4.437007164243317447e+01
1.327882362797864957e+01
1.762737848303444821e+01
2.354626282597927656e+01
1.834560130808678124e+01
3.125860065851800229e+01
2.219734305831564569e+01
3.295020152681546932e+01
3.427145633962292948e+01
5.751291757305262564e+01
5.065383479447010728e+01
5.219798816444826883e+01
4.649916341297670641e+01
5.116949470851209014e+01
4.735643298696644621e+01
5.447006732007226759e+01
5.251891628585069327e+01
6.089183775928904652e+01
5.208688183883302969e+01
5.675877960108890363e+01
6.259545041576379276e+01
6.027029895488701072e+01
5.997129435720999169e+01
7.231387144062320260e+01
6.383155682956525823e+01
6.754206214873158842e+01
6.806819005235969655e+01
8.855251075845836795e+01
8.591916240158947460e+01
1.070105904938018426e+02
1.110096333418053973e+02
1.249369298106503834e+02
1.090636419085050619e+02
9.261879494692846038e+01
1.096307064073283897e+02
8.748427520059848916e+01
8.587765004199575003e+01
6.845965500008402671e+01
1.194884387418837974e+02
9.517008753671068177e+01
9.686972751935022075e+01
9.051861415220921003e+01
1.932223775483110728e+02
2.319552728675604385e+02
2.609785841949821474e+02
2.586238487378483342e+02
3.163361158627479881e+02
2.536985919796100859e+02
2.465277648435219646e+02
1.853720126788751941e+02
2.636552989413196997e+02
2.246944275135225553e+02
2.088068159081330748e+02
2.093988612128746070e+02
2.550728468693681350e+02
2.752961662185310274e+02
1.715648239963492597e+04
1.732730701744556791e+04
1.762152727559081904e+04
1.795035277124838831e+04
1.812675486061200354e+04
1.823215412643294621e+04
1.756937246781212889e+04
1.732799083460933252e+04
1.717160100684923964e+04
1.652826212146242324e+04
1.780633891748703536e+04
2.261185817691813327e+02
2.327654994061323634e+01
2.044526601443594700e+04
1.852235030389104213e+04
1.912179636361351731e+04
1.909906699495111752e+04
2.054450504776660091e+04
2.091344240117112713e+04
2.138391320132125111e+04
2.033827672449075908e+04
1.955586357190228227e+04
1.909446204174427839e+04
1.965322420818515093e+04
1.827591084863460128e+04
1.515405583886676141e+04
0.000000000000000000e+00
0.000000000000000000e+00
0.000000000000000000e+00
0.000000000000000000e+00
2.965551885695853798e+03
0.000000000000000000e+00
0.000000000000000000e+00
0.000000000000000000e+00
0.000000000000000000e+00
0.000000000000000000e+00
