9.068163462955910470e-01
1.874069360800501460e+00
3.852608386884493363e+00
1.049680705842801665e+01
1.553853181869160416e+01
1.313347826345674285e+01
1.169425595247319372e+01
1.306418976404688337e+01
4.178946122454374290e+01
1.777596641306305614e+01
2.495692141699800004e+01
2.129715362837094617e+01
3.019738776027308091e+01
3.858791042457583131e+01
3.195298661124664719e+01
4.589530247172094590e+01
4.788818573419200675e+01
5.233879929184534063e+01
5.502118475154284027e+01
5.397293539226002679e+01
4.780780745228258155e+01
5.583641133440761450e+01
5.389676852835059861e+01
5.827958405843452994e+01
5.998320216712102138e+01
5.655980471090495598e+01
4.806869459386742705e+01
5.940192042756657287e+01
6.940876997387195502e+01
5.927849225321413940e+01
5.723270937787145840e+01
7.198636269800036303e+01
7.451281357124325666e+01
7.256529114545075743e+01
8.533595444210746450e+01
7.739013075645466699e+01
9.686478823642532632e+01
8.180603754285064610e+01
9.810941641824291537e+01
7.928244334437680152e+01
1.017235158835079432e+02
7.022213645156757877e+01
7.986214255904083359e+01
8.936210544393834709e+01
1.230187024023237115e+02
7.331185335460610020e+01
1.069180446297214786e+02
2.016203582544432038e+02
9.627708207529077811e+01
1.268803078372706779e+02
2.365288409601537865e+02
2.276497014920741435e+02
1.390232154999854174e+04
3.593527387381900553e+02
1.447937594334259120e+04
1.450422352279655570e+04
1.471179295362838457e+04
1.528096218466372738e+04
1.557320764403583962e+04
2.787000092706885539e+02
2.555191040354850998e+02
2.413773109553004588e+02
2.604655652283842073e+02
3.177056742808642866e+02
3.606975136862819795e+02
1.730278835604163760e+04
1.753520215010356696e+04
1.782528000328269627e+04
1.803797431285363200e+04
1.764681085799251741e+04
1.712292390429604711e+04
1.709837539327896229e+04
1.710786369614793148e+04
1.755885058771543117e+04
1.719742331337454380e+04
3.470559518957808791e+02
2.174166872617603730e+01
2.819360247194279054e+02
1.880075235211117615e+04
1.651114101831113658e+04
1.638235673604396834e+04
1.837151802469705581e+04
2.053332751731007011e+04
2.052969362097932026e+04
1.962105564966390011e+04
1.882350831714521701e+04
1.949682675048801684e+04
1.868193912659729904e+04
1.796953659137728391e+04
1.535284799776456566e+04
7.675148890842017863e+03
3.007501931740920554e+03
0.000000000000000000e+00
0.000000000000000000e+00
0.000000000000000000e+00
0.000000000000000000e+00
0.000000000000000000e+00
0.000000000000000000e+00
0.000000000000000000e+00
0.000000000000000000e+00
