4.973353854800836582e-01
1.011821864232782753e+00
1.452598513361723631e+00
2.682597821176730513e+00
2.482020102465644484e+01
1.514440162933902734e+01
1.056437933628220627e+01
6.358805662794978275e+00
2.597463889368370005e+01
7.224164317484385478e+00
9.535786892869120734e+00
1.220999258368431484e+01
1.330299249609081258e+01
2.241152070120050155e+01
1.767794885022016160e+01
2.841007185609009511e+01
2.796761687075249014e+01
3.279727635525376428e+01
3.863163237479356127e+01
3.612647259938549382e+01
3.589239942076142853e+01
3.822895653843132635e+01
4.458014970538491184e+01
4.328734885623609330e+01
3.803374795667414787e+01
4.474200068627889237e+01
3.702831262558409264e+01
4.700322782008451838e+01
4.709941376586603923e+01
5.009664778259111984e+01
4.506920769673243399e+01
4.365081474061549471e+01
5.624629721549943184e+01
5.868149909313247292e+01
5.786741601112299094e+01
5.026005412612982326e+01
6.603364154109793560e+01
9.623773513400928437e+01
9.952509578913138455e+01
6.377493715778281569e+01
5.429269864296630743e+01
5.502169061816359630e+01
8.245701938019423949e+01
6.557346097613310576e+01
5.532228240225775551e+01
4.184293084163329723e+01
1.572121184406918530e+02
1.700249484963777888e+02
1.349119871275584330e+02
9.711177290389196060e+01
1.388944308980857159e+02
1.328256722744750004e+04
1.604015764576147660e+02
1.487058923897388354e+02
1.456452891917957459e+04
1.411432789050987958e+04
1.406624769432769608e+04
1.347240814835848323e+04
1.433167668856558703e+04
1.464545238228415838e+04
1.410681940112826487e+04
1.212735192842490324e+04
1.081159126578944415e+04
8.343012184746385174e+03
4.962804875584775800e+03
6.972950797817290550e+03
4.958494264146099340e+03
4.561846230012945853e+03
4.662681463292836270e+03
5.310547396441278579e+03
4.861099113924443373e+03
4.972977783288198225e+03
0.000000000000000000e+00
0.000000000000000000e+00
5.647265667390416638e+03
1.839601714153661305e+04
1.749655211984384732e+04
1.116396198967993041e+04
0.000000000000000000e+00
0.000000000000000000e+00
0.000000000000000000e+00
0.000000000000000000e+00
0.000000000000000000e+00
0.000000000000000000e+00
0.000000000000000000e+00
0.000000000000000000e+00
0.000000000000000000e+00
0.000000000000000000e+00
0.000000000000000000e+00
0.000000000000000000e+00
0.000000000000000000e+00
0.000000000000000000e+00
0.000000000000000000e+00
0.000000000000000000e+00
0.000000000000000000e+00
0.000000000000000000e+00
0.000000000000000000e+00
0.000000000000000000e+00
0.000000000000000000e+00
0.000000000000000000e+00
