8.430047052029787658e-01
1.800580866434083438e+00
2.531522740853319853e+00
3.395637406756573551e+00
3.982193985474487441e+00
1.010869768055908757e+01
1.049416992469339505e+01
6.880218074255443739e+00
1.295517436570007597e+01
8.483967486246362100e+00
1.018989627755607152e+01
1.465118103552409856e+01
1.117691453502420984e+01
1.268468980464223250e+01
1.175223466730487054e+01
1.653533352629169784e+01
1.463884078883546103e+01
1.795533334406326631e+01
2.460403618621506538e+01
2.183364787452600453e+01
2.240612003702592503e+01
2.181273577673988839e+01
2.454605121937839129e+01
3.143812415397596993e+01
3.077142135215889596e+01
2.906810099828538085e+01
2.651800060139656878e+01
2.738869394156174764e+01
2.917292835178886534e+01
3.504320516167181410e+01
2.864591641834372382e+01
3.250625087799684820e+01
3.411634559469570149e+01
3.266039768061971671e+01
4.510626133419253847e+01
3.303951961537445925e+01
3.467033251070916577e+01
4.858412789201787518e+01
5.412612888026599478e+01
4.636645782108046632e+01
4.668699778471852824e+01
4.505934280770590306e+01
5.155430139460375472e+01
6.113994918646800869e+01
6.155894940517959668e+01
4.378688574035026448e+01
5.967733945723539790e+01
5.793717042333453549e+01
6.010001672474081147e+01
5.723113853126250916e+01
5.450152921135590844e+01
6.209370060801992963e+01
6.157702355718554799e+01
6.260164113862317947e+01
6.852374996666071638e+01
6.846910821678106629e+01
7.207060791448560622e+01
7.445035299934316697e+01
6.644746263637480865e+01
7.079194176893864210e+01
7.339851729554894177e+01
7.920612820673454735e+01
8.375502509757984626e+01
7.348213986769091832e+01
7.332486783233946426e+01
7.488710349619812234e+01
6.659501306408080268e+01
7.223587684969010070e+01
8.159304204014362938e+01
9.035195373933531471e+01
1.280572242639028389e+02
1.727216178215061575e+02
2.650777605980422891e+02
1.768071004840769456e+04
1.187928079785732552e+04
1.969602289590894361e+04
1.827179830933847916e+04
1.325842716472884604e+04
0.000000000000000000e+00
0.000000000000000000e+00
0.000000000000000000e+00
6.558658464112084403e+03
1.786546526328182154e+04
1.566481213099381057e+04
1.238182405231753364e+04
0.000000000000000000e+00
0.000000000000000000e+00
0.000000000000000000e+00
0.000000000000000000e+00
0.000000000000000000e+00
0.000000000000000000e+00
0.000000000000000000e+00
0.000000000000000000e+00
0.000000000000000000e+00
0.000000000000000000e+00
0.000000000000000000e+00
0.000000000000000000e+00
0.000000000000000000e+00
0.000000000000000000e+00
0.000000000000000000e+00
