3.639719914059577066e-01
8.457702950558368959e-01
1.136921821178339398e+00
1.307701019517715668e+00
3.360990919419932776e+00
2.562559238612224011e+00
3.028750952874847524e+00
3.139348537075423273e+00
7.358808877022333661e+00
3.818303419795917364e+00
4.626601080871928673e+00
4.547620183915920933e+00
6.229150181754121718e+00
7.314585457867672780e+00
5.182033706281789165e+00
6.688430472757974421e+00
9.936087786445982672e+00
1.064591959332932092e+01
1.105404442492522499e+01
1.044269576513754494e+01
1.288010069988843043e+01
1.470046500040626292e+01
1.181905174514682244e+01
1.111165911458532918e+01
1.358222063402849145e+01
1.650686609233482827e+01
1.304235791678257605e+01
1.780966370963244927e+01
1.316572250687880441e+01
1.270008688130091556e+01
1.634351684166408702e+01
1.192483133399455753e+01
2.007151641191896374e+01
1.590356695599513159e+01
2.078316058188983462e+01
2.498048320901070340e+01
3.033767607766238683e+01
3.118807600590365325e+01
3.151499977311062395e+01
1.914420902118553158e+01
2.494243227942804708e+01
3.305370968405142662e+01
3.738955969500752730e+01
2.870545820802688297e+01
2.550154152259412044e+01
2.534747637846883350e+01
2.792747134323265001e+01
2.736421465244048079e+01
3.715612918985731739e+01
3.545674145596014881e+01
3.597436373638105067e+01
3.525016826434153927e+01
3.439100140150254958e+01
3.363224984196175882e+01
4.664732975113494717e+01
3.602585310628295190e+01
4.437070615703961352e+01
4.153864411085010033e+01
4.391035256376034823e+01
4.467763960637820730e+01
4.477418003005352176e+01
4.213905489905876323e+01
4.637162644137105616e+01
3.808718809410688522e+01
5.431246397543576165e+01
5.638548864670671179e+01
5.192382812179173612e+01
5.203644665122089918e+01
5.123662085211795869e+01
5.774011183456524066e+01
6.160956200582064213e+01
6.276722648471385213e+01
7.840571252140487957e+01
9.683452915218964563e+01
8.508662878744397062e+01
1.117833335921937845e+02
9.908677071900956435e+01
2.809447153076450832e+02
1.608008990903664380e+04
1.067682250045530600e+04
1.268588687512856995e+04
2.322975254266205241e+02
1.098723342656439144e+02
1.595782736368351209e+02
2.168003397276026590e+04
1.383101468522131108e+04
1.557122352150097322e+04
1.190900562179306144e+04
0.000000000000000000e+00
0.000000000000000000e+00
0.000000000000000000e+00
0.000000000000000000e+00
0.000000000000000000e+00
0.000000000000000000e+00
0.000000000000000000e+00
0.000000000000000000e+00
0.000000000000000000e+00
0.000000000000000000e+00
0.000000000000000000e+00
0.000000000000000000e+00
