1.955633841850611954e-01
1.748171424782143379e+00
6.153973448182781247e-01
5.165443197961008259e-01
1.037163641647008250e+00
1.870782886334386719e+00
3.917657899771053831e+00
1.843344899326174069e+00
5.716672892785905624e+00
3.404690227718994766e+00
3.222529425517262514e+00
1.067204326941016916e+03
6.972930545908782030e+00
8.611419304261636043e+00
8.392817911881023107e+00
2.675265799316780146e+01
1.187859034074188180e+01
5.728748099623381940e+00
2.511786547011323364e+03
1.570344587791313096e+01
1.489213976747555002e+01
2.192242256323285346e+03
1.856400561251272663e+01
2.787594325832613777e+03
3.535358439650416130e+03
2.809324764468750857e+01
1.606042301833956643e+01
3.575625957262456467e+01
4.283746783574142682e+03
4.311723443800960922e+03
6.169443325171651082e+01
9.388666143480719484e+01
6.725182168998654220e+01
5.018987633898216700e+03
7.351612099979575987e+01
8.293394956500206661e+01
4.960587268112848847e+01
7.772580843008159945e+01
7.042395879621896881e+01
4.664524149770070949e+01
8.577429668825260478e+01
5.993405106331856302e+01
8.317994105429777107e+01
5.309895253784097235e+01
6.755054595141720597e+01
1.219918868427394330e+02
1.116129665746449859e+02
8.041746097774677082e+01
9.341795675454815751e+01
8.191118438028689752e+01
6.616648680253862835e+01
7.958007390633154898e+01
1.119504250711231776e+02
1.209344888832494291e+02
9.127591631271215533e+01
7.116410036348709411e+01
9.590904377775314060e+01
1.006086428179074659e+02
1.148969131644820294e+02
1.043541434902447236e+02
9.909230971266401866e+01
1.398257765934230861e+02
8.739053203831612336e+03
8.130661881155630908e+03
9.170665343844771996e+03
9.518053223274289849e+03
9.320557387078124520e+03
1.002772437405542951e+04
1.303580527204812824e+02
1.033132984586398925e+04
1.013000401198849067e+04
1.014425102258259722e+04
1.047290137545171092e+04
1.223220674273524935e+02
1.107188354102144149e+04
1.332745659618232139e+02
1.093401691110630054e+02
1.010111499029856350e+04
1.074034382673649452e+04
1.101931925515253715e+04
9.566042834590763960e+03
6.296068409427589359e+03
7.883902710704806850e+03
7.034824550508715220e+03
5.729204471387298327e+03
1.054441987366343346e+04
1.206134486131281301e+04
1.177777173185205720e+04
6.661615468204240642e+03
8.864018481648008674e+03
1.149920896592627287e+04
1.247808537212990450e+04
1.265980646633507240e+04
1.262615677852760564e+04
1.299952360881039749e+04
1.032358126645199627e+04
7.632571113394026725e+03
6.052166143710611323e+03
5.227418405456278379e+03
4.043567558196383743e+03
