1.675493926111900345e-01
1.563807380984538531e+00
3.715826882743000215e-01
5.128069660032594790e-01
8.945401977124540771e-01
1.093975848340916990e+00
2.014004785867141045e+00
1.111657791403957818e+00
3.055735991663540929e+00
2.443798460313576726e+00
1.977596015419592623e+00
3.676395037520906239e+00
4.700498522125489131e+00
7.042521535923413900e+00
5.680817161680675298e+00
5.691834294548023365e+00
3.294610420250914995e+00
4.687991753357086289e+00
5.834933455582119954e+00
1.093260132195823608e+01
1.508611009385280788e+01
6.874975519830687887e+00
1.101650576632513889e+01
8.923574432482554997e+00
1.763511849830091194e+01
6.886691381190197525e+00
8.738146944168267538e+00
1.416618419741618595e+01
1.132870623501850460e+01
1.797388253966011717e+01
2.703330486413226197e+01
2.324347103355373179e+01
1.032525601092699929e+01
6.080575353627570934e+01
1.937633151601364290e+01
2.434102610628930563e+01
2.628237429957090399e+01
2.238935999226738716e+01
3.065353077774189217e+01
2.016412100275934804e+01
2.362577848912971845e+01
2.862150771613834621e+01
5.656680026244272597e+01
2.526105771712491332e+01
2.303478599007936012e+01
2.770004424572388402e+01
5.553855758346004734e+01
3.149358381807008911e+01
4.105984340872900873e+01
3.220660502425314320e+01
4.047207875652308218e+01
5.512474459695066287e+01
3.296615504207045433e+01
5.027951450042695569e+01
3.894494873562471327e+01
3.757711591420051889e+01
4.834008776351557657e+01
3.690607185305433546e+01
4.113410881751490678e+01
4.638448534600209427e+01
4.483161995664028154e+01
4.269500072603580776e+01
4.336017344224259773e+01
5.276494869953763356e+01
5.534777519732957529e+01
4.419905792241143416e+01
4.857277485150289920e+01
4.366721128037962529e+01
4.886267727648954917e+01
3.818673430514625977e+01
4.946122244718021221e+01
4.320478139305316034e+01
4.924544910790773145e+01
3.264448540010648969e+01
3.633570501850223167e+01
3.621436313076111446e+01
5.573765011499786226e+01
4.070985426592680057e+01
4.216781219008949222e+01
5.362133527937735522e+01
5.364005063971249854e+01
5.057983502990509805e+01
5.915213301049206507e+01
4.796268132129915074e+01
4.924159911509569554e+01
6.100392263408274829e+01
5.825838877980430652e+01
4.808663069362147269e+01
6.320861797125250803e+01
6.115422483316765323e+01
4.978220808610829096e+01
6.319849040363713755e+01
8.284573474327302733e+01
8.836242326332060770e+01
8.423921684936634335e+01
9.940986635468297550e+01
9.713376162496275867e+01
1.034105421222609067e+02
1.248370250281057849e+02
1.161159237893025562e+02
