1.257953984276110326e-01
1.658927293545806148e+00
1.742113389273595159e-01
2.941341449177290457e-01
6.441575241389623230e-01
7.278468148257888348e-01
8.605230201011930813e-01
5.531144348907371944e-01
8.102384402840984157e-01
9.006254038966809983e-01
8.867489904769850773e-01
9.300134667056804139e-01
8.743162492759709581e-01
8.979602219496934934e-01
5.287983102647920930e+00
1.925292976208469842e+00
1.592273990791359006e+00
1.605109503356949352e+00
3.453604451217430427e+00
3.560109018549264537e+00
2.699914458589301791e+00
2.994548184523353029e+00
2.232646781774380695e+00
1.007204006969311116e+01
5.688286765823918678e+00
4.465600272441919039e+00
3.280355967863981093e+00
6.113043524876215606e+00
5.713671350205114408e+00
5.850049198601865008e+00
9.590086913690919701e+00
2.058926972651068255e+01
6.854474901451300894e+00
8.833025506336944943e+00
1.009169701708737854e+01
1.149869842426429045e+01
9.757255947765216320e+00
9.210742162005550071e+00
1.328175035740674303e+01
7.346882290090275269e+00
1.098679033439587727e+01
8.325719001309986211e+00
1.200166242082466539e+01
9.973832069366419972e+00
1.292805446457933627e+01
3.085327011802797159e+01
1.240994340134037976e+01
1.277926538189013250e+01
1.367726741237559551e+01
1.311357046935870585e+01
1.744151465577807159e+01
2.118617662603447016e+01
1.570257840753179934e+01
2.730585678196288058e+01
2.293592156989494413e+01
2.205196029958970527e+01
2.467189404761347760e+01
2.187467282220443821e+01
3.081596616927198440e+01
3.166443746337025189e+01
1.846984380254894020e+01
3.182552072173443847e+01
3.049582339034695977e+01
2.534478955528389221e+01
1.928121615543601663e+01
3.655037215884642166e+01
2.519130767985232922e+01
2.491359021669580898e+01
3.499401470383745760e+01
3.268331025079471175e+01
3.553445414421025106e+01
3.417856500169638423e+01
3.429826000659871710e+01
2.469728261580419471e+01
2.113069841139477489e+01
3.446123678513562538e+01
3.184320697972153980e+01
2.094503388807611088e+01
2.052820826161723744e+01
2.073408226002285559e+01
1.766042113609205089e+01
2.173981976150456319e+01
2.349260825286298981e+01
3.732257026001697398e+01
2.773079200095800800e+01
2.768539136005707135e+01
2.574330628917520869e+01
2.728766273945565146e+01
3.323950235336350545e+01
3.572955872946325684e+01
3.106377795762243821e+01
2.818142256508207311e+01
2.503372303449952341e+01
2.714804759665623379e+01
3.334339149985360251e+01
3.522950994856174844e+01
3.741397407716254975e+01
4.459788214404218110e+01
4.145108750350824778e+01
4.704183066184552331e+01
