1.442082522040172288e-01
9.901096845255706880e-01
3.791567260289864794e-01
5.140161115426400418e-01
7.176920502679330349e-01
1.001479820441013802e+00
8.897313970606656186e-01
1.031404292235305720e+00
1.210758481813387410e+00
1.286524430051466217e+00
1.749118535567247390e+00
1.524768016188774444e+00
1.550987716575095821e+00
1.852913951171892171e+00
1.998310953041552152e+00
1.927313396144866964e+00
4.634225054963592605e+00
2.147201446085916121e+00
2.758186096650120600e+00
3.652331698788676473e+00
2.828732171578643761e+00
3.122539901231653925e+00
3.489971230172532302e+00
7.043951779143420744e+00
7.358461088835047015e+00
3.608162360321506945e+00
3.768268572517528003e+00
4.176052153186327942e+00
4.794455144989836270e+00
5.195586520190585311e+00
4.099452088790373594e+00
6.320501396674494288e+00
6.107931396565374094e+00
9.037846558078930670e+00
1.018792284856731456e+01
9.311489135160464059e+00
1.074144396115969613e+01
8.892906614182773950e+00
1.293522683132847284e+01
8.428655607061502408e+00
1.955588118375678874e+01
1.311064415812626294e+01
9.407477406101577344e+00
7.711834589030856613e+00
8.731900565755063681e+00
1.438194910415533734e+01
1.058575050433442222e+01
9.838421933201345837e+00
1.522306524421287754e+01
1.538181363662857848e+01
1.478166903291603695e+01
2.564294375063602516e+01
1.163435614317015343e+01
2.062971033625863271e+01
1.928437437769552076e+01
3.818416059284919584e+01
3.900991798610608896e+01
2.144351261110948670e+01
2.039558245440962025e+01
1.494520679648525352e+01
1.820953021042770814e+01
2.159963601283885026e+01
2.234809853170725091e+01
1.201813302874861833e+01
1.029455782423393728e+01
1.173546818757041521e+01
2.117367227603095969e+01
2.575340556707364570e+01
2.661868991043789379e+01
2.473432485910542411e+01
2.151843715728648476e+01
2.310959338295386445e+01
1.812840323668420339e+01
2.071006953014473595e+01
2.186143631112055630e+01
1.621370068531535225e+01
1.646515994380517611e+01
1.735618363948790943e+01
1.929061858487130010e+01
1.401871677502682267e+01
1.440439223846084005e+01
1.498614759448139999e+01
2.830993139199118147e+01
3.591937981795091162e+01
2.110664203569486830e+01
2.553324555452192257e+01
3.607595091120425224e+01
2.830090370838733449e+01
1.602320475274974498e+01
2.095324000522111874e+01
2.401044704590131573e+01
1.999744120152671556e+01
1.958597801533192850e+01
2.375477143794927315e+01
3.429876313355877215e+01
2.874423360593769772e+01
2.759093907608097851e+01
3.385375157558569725e+01
3.313649471444693262e+01
3.815328309342742585e+01
