4.271535125272948319e-01
1.175468349036249416e+00
9.736830884904623673e-01
1.401483022051809524e+00
2.980236758026985289e+00
6.181494244190679943e+00
8.681249920813597143e+00
2.238739258066867244e+00
3.651943177560987852e+00
3.452337597452765472e+00
5.447219549540311512e+00
1.568904678621693094e+01
1.854037834478705804e+01
1.426958773085293330e+01
1.382778213406559686e+01
2.760263073882619977e+01
1.444895685669800400e+01
1.473354778756811889e+01
7.953086684056226829e+01
1.654527559860700592e+01
1.746015241360894521e+01
1.958472731352015117e+01
3.010947669482910882e+01
2.295760114524717821e+01
2.305773854116179677e+01
2.858658693419885211e+01
3.635448736308767081e+01
5.078063928905449842e+01
3.583474317157416777e+01
5.837740743490659412e+01
5.074679441343621988e+01
5.382930277954278608e+01
4.886338025995257084e+01
4.397479047518382345e+01
4.367745815085248040e+01
4.902286313621130631e+01
4.495106115448746920e+01
5.718240383927114578e+01
5.938626883470873707e+01
4.787897212432919503e+01
6.776896984162803506e+01
5.343481477143551217e+01
6.585933816676650565e+01
7.132452328026199950e+01
5.925926437375686362e+01
5.643039486095890567e+01
6.070809905181035759e+01
5.602001400883587934e+01
6.083111743585713072e+01
6.558462217942312122e+01
6.605896586545705418e+01
6.368687414538447200e+01
5.094167639422244065e+01
6.538114601733593645e+01
6.708721523053370106e+01
6.729027348981712464e+01
7.034285500738845087e+01
6.326578183347049134e+01
4.671101493297188512e+01
8.809652738730841293e+01
8.415162274095025907e+01
7.820369208178881593e+01
7.849472197334438306e+01
7.209626909402344097e+01
8.032483021918638144e+01
8.142355837996025514e+01
1.138885035518437832e+02
7.646547668863125580e+01
7.090432407547524463e+01
9.741967408375957405e+01
6.806852000378826517e+01
6.397789353201800822e+01
5.873267208671694561e+01
6.326021888907117585e+01
1.021106285657165671e+02
1.230099335503459486e+02
1.212363909052417057e+02
9.313738871769868410e+01
8.985008306489211805e+01
9.203775543368151091e+01
8.661361314945416723e+01
8.494201186990544272e+01
1.383398082095463053e+02
1.036272780539614757e+02
8.490115362062385884e+01
1.464013062956783529e+02
1.515360199160010666e+02
2.143912776334819625e+02
2.198856894153443307e+02
1.656737181287647900e+02
1.567263076670268447e+02
1.473971432075229870e+02
1.544182348096375392e+02
1.347092637623525491e+02
1.289324518862534319e+02
1.258749079837285620e+02
1.222762144407952576e+02
1.197014416441825375e+02
1.343364193039297447e+02
1.738917110106418704e+02
