2.283129501896091207e-01
6.891251932989617135e-01
5.217898789537129822e-01
5.811967877125452375e-01
1.456442435653420242e+00
2.978566794512270910e+00
9.435951412192731258e-01
5.992044273574781421e-01
8.540964744769611316e-01
1.566365831959660504e+00
2.257003402620966881e+00
9.152830668536916292e+00
6.588381171727566432e+00
4.528007405357521442e+00
9.107822831226279447e+00
6.451852128484515170e+00
2.882832054624785645e+00
3.242143229897876289e+00
1.055408874175975775e+01
4.665261665387061107e+00
5.968620670858618915e+00
3.564699980559322245e+00
4.826633996772828894e+00
7.049344855385980324e+00
5.266667125743721201e+00
6.253289179579751611e+00
8.718388133560839748e+00
1.453486155849416583e+01
8.934995686695218708e+00
2.916030912355066107e+01
1.201845139218277048e+01
4.894504891348075034e+03
1.019285465086299602e+01
1.328969972609994166e+01
1.679333211688797789e+01
2.172184833842068130e+01
1.879435308104690705e+01
1.277808046929351349e+01
1.686793008038282338e+01
1.258155152271645605e+01
2.223341744517301066e+01
2.402588297830715192e+01
2.282654268224960248e+01
2.277766484859973062e+01
3.881809627766727999e+01
3.226449653844463938e+01
2.860566136356722211e+01
4.232822414664337174e+01
2.961315219616768601e+01
3.984082545808060161e+01
4.207984340365682385e+01
3.985979486403034855e+01
3.590283066777729459e+01
4.112263611876128522e+01
4.141481319456790544e+01
4.214260251339057817e+01
4.303416251633609590e+01
3.370515306877407369e+01
3.633580222952229377e+01
5.254022024615805719e+01
3.983245300228033159e+01
4.809105218690376660e+01
4.703425637884499366e+01
3.992091369976210302e+01
5.958790101554818364e+01
4.984179363826464026e+01
3.782497288338853991e+01
3.052272554775414903e+01
4.704156568974998009e+01
3.399669065754148534e+01
4.706448311096603021e+01
2.728686986921815461e+01
5.268004432291444772e+01
4.604940301659416946e+01
5.218188554783888122e+01
3.966412850718680261e+01
4.304318441276240748e+01
4.846692113403329216e+01
6.253724992394117521e+01
6.368328694525163769e+01
4.375299120532558561e+01
3.793082834735088227e+01
3.629334158758157258e+01
3.580317555683372888e+01
3.723927744510018556e+01
4.833432784846048946e+01
4.992870844105035388e+01
5.962497792794790286e+01
5.420228270349743838e+01
6.373522069947833302e+01
6.201733010947744873e+01
6.005730424544989177e+01
6.418542978113038089e+01
6.522965035300968850e+01
6.669710477299803131e+01
6.943453167782084279e+01
6.313493488935630182e+01
5.642971737550159617e+01
6.845267290081750389e+01
1.021931317371035135e+02
