2.850328705407567664e-01
6.355717542477996584e-01
7.892843625747529845e-01
1.050592190426173689e+00
1.646183420581439849e+00
1.625043484163588126e+00
1.604729755080112508e+00
2.004376227640297436e+00
2.153042217144698789e+00
2.336575680807860600e+00
2.136146916012079178e+00
4.014011298053744348e+00
6.242783146600273447e+00
6.684314439064530156e+00
4.656318005358920153e+00
5.810288034532536727e+00
4.623902905673848984e+00
4.672423596930110890e+00
6.144487998775400861e+00
5.040266984026975372e+00
8.472948636344392881e+00
5.564115270788926537e+00
6.488929915876274102e+00
6.817471761919011719e+00
1.084271323522184005e+01
1.829098504461864394e+01
1.280192714275742105e+01
1.215630146864836014e+01
1.379035067797341263e+01
1.268638963856326463e+01
2.941809975754635076e+01
2.163093732937967673e+01
2.335211426609896890e+01
1.765595249526846544e+01
1.465815566795610181e+01
1.162415987676299878e+01
2.323235560704920388e+01
1.875437350778290835e+01
1.694404231164893559e+01
1.586248044002921453e+01
2.004839710475449621e+01
2.975809268231981619e+01
3.489775257302323297e+01
2.074510148267443199e+01
2.254726597601573346e+01
4.603797317763112318e+01
1.492758793745523782e+01
4.437812787176367380e+01
3.531257043213399527e+01
3.274696051426970200e+01
4.234261339824619341e+01
4.289283164085963307e+01
3.718576852229791285e+01
4.430602009472584513e+01
4.615761308020446307e+01
4.341216517821658272e+01
4.505440267182459735e+01
3.038697430919858888e+01
4.619542823778856189e+01
2.781104818423980873e+01
2.926943625583687947e+01
4.175601799410068082e+01
3.191084494568874419e+01
3.734785063350876300e+01
2.932908932229935672e+01
3.283871784150635875e+01
2.304512073017995988e+01
3.015523368317255049e+01
3.954239586448568389e+01
4.117519686407697321e+01
4.125637761640532375e+01
4.276571015716885427e+01
3.279341314406283203e+01
3.984201238261158551e+01
2.680181999433461115e+01
2.804140182547104843e+01
3.216186802946341317e+01
5.582317345140875631e+01
5.142079871265475077e+01
4.898948086201887975e+01
4.980203896793614149e+01
4.906616345352237829e+01
4.112186740590404099e+01
3.183851307413785392e+01
3.274160906117928249e+01
3.550247279810876222e+01
3.635138867863491896e+01
4.215081964783593804e+01
4.082086980472921312e+01
5.058060125998939327e+01
5.020653015829138610e+01
4.923023915663346628e+01
4.826693546186178452e+01
4.566239032903695261e+01
4.287628067930617703e+01
5.314668212772076572e+01
5.006175931942901514e+01
4.843639502371387096e+01
5.358451625666553753e+01
6.486470959116216761e+01
