2.220605754656143072e-01
5.402559370957566998e-01
5.850663552851299576e-01
5.115184104595973391e-01
6.058615772920988851e-01
1.190176711313334579e+00
5.714482032799892419e-01
6.294067098267165372e-01
6.402974693925433947e-01
1.693747141652925281e+00
7.888866981294516689e-01
1.006232847241490314e+00
1.148462612802506166e+00
1.626928777229153411e+00
1.871595528656325724e+00
1.940244482651963365e+00
3.394574523849395398e+00
2.574221291579031679e+00
3.581227464533757843e+00
2.169394749432660863e+00
3.615813294412698387e+00
2.770946257570526594e+00
8.037272452272977930e+00
3.649954883358260904e+00
6.465072635320280092e+00
4.881857473079905141e+00
4.206933270226481447e+00
3.555555485294778162e+00
3.430710659598857237e+00
6.945284789704228245e+00
8.015592728107826304e+00
8.635930339442328574e+00
7.137825568918787944e+00
6.684702242319557008e+00
5.877175211408034450e+00
8.048331912919126196e+00
5.489233719574203363e+00
5.940115168394227041e+00
5.855145665223018270e+00
8.783854373990125808e+00
5.001310938510636461e+00
4.836711000021628237e+00
6.522527465779613287e+00
8.578018330471621766e+00
6.735917012885150434e+00
1.317881162196969136e+01
1.073856169578374420e+01
1.874660901142579661e+01
1.580438990611730254e+01
2.260371885569130157e+01
1.839865526254313011e+01
1.727228930254683803e+01
2.493258055474994705e+01
1.693692885834380846e+01
2.673404602272205821e+01
1.476407223301802496e+01
1.724416858384115159e+01
1.593543729329744174e+01
9.765611798683600853e+00
1.192790325989442657e+01
1.203497513013338249e+01
2.097731090154547573e+01
2.568981180029601319e+01
1.917154451890838729e+01
1.803986479746888705e+01
1.702331792466066318e+01
2.423448232277476677e+01
2.086945281247487571e+01
1.626886622862954113e+01
1.847148747870345886e+01
2.341879309130436582e+01
1.712367135502169546e+01
1.660729723609245312e+01
3.187978900328818099e+01
2.694319263200298309e+01
2.641639416528964546e+01
1.640877862786605945e+01
1.950107065331957301e+01
2.347012682471159195e+01
2.302130382393477603e+01
3.080308879921672371e+01
3.240798014875068844e+01
2.424035276196592648e+01
3.747224565078097669e+01
2.647831990408123559e+01
2.663538537461354849e+01
2.196110528990103816e+01
1.892001182860076369e+01
2.458412395736937484e+01
2.695981615658839203e+01
3.672453305738141438e+01
3.961188982668596736e+01
4.386389320090204791e+01
4.259991921935583292e+01
4.573183915654414022e+01
4.118924008804232528e+01
4.201848606935321584e+01
3.768607682881187770e+01
4.265042186702252991e+01
4.007291855470428033e+01
