3.043148728546693493e-01
1.020460743191153652e+00
6.416722064648574531e-01
6.626857576898350644e-01
3.200312161009546852e+00
1.578692569981456684e+00
4.921383629114691516e+00
3.703356770663838393e+00
2.339619107364268924e+00
2.580251626646514307e+00
2.626441946421190110e+00
4.817829709932353488e+00
7.287009991062261882e+00
4.396666868116283489e+00
1.603270691195297459e+01
6.021226502595392382e+00
6.883394010426121312e+00
2.792655197269747077e+03
1.762210947482932966e+01
2.476761643632510612e+01
1.147921478266677298e+01
1.047747081184847850e+01
1.542115961359639442e+01
2.428624214304888085e+01
2.714186878009969917e+01
5.378762844411230759e+01
4.642744397379762233e+01
6.669105511632702132e+01
3.860153784464777260e+01
6.309303038282399712e+01
5.748768051606106866e+01
3.851081991332231524e+01
4.108818375280360868e+01
3.584093403818661727e+01
6.547067487857526658e+01
5.115345469380943655e+01
8.262933323964240628e+01
5.763547614469165836e+01
7.552906179604762826e+01
7.837174211903148091e+01
6.093634676103103232e+01
8.724356358819203194e+01
5.780882584457587825e+01
9.073857313127618340e+01
1.058109167518638571e+02
1.091257954468631937e+02
7.283147956084346220e+01
7.885922055303846889e+01
6.181383157262344241e+01
6.903629456343976756e+01
5.232944503683217619e+01
7.369217241936942742e+01
9.242611945694439157e+01
1.074613784100503864e+02
9.723361787048939675e+01
9.148408428119013479e+03
8.809134028821710672e+03
9.041059506104636966e+03
9.215683329098852482e+03
9.643697409326427078e+03
1.014178514441028528e+04
1.028206171434841599e+04
1.046001691300462517e+04
1.010922665581074580e+04
1.699439470893412647e+02
1.095424499495922464e+04
1.894117664378031520e+02
6.616217155319152710e+01
8.191253767805754649e+01
1.624999884193046853e+02
1.113247317069114615e+04
1.030744513284934146e+04
8.045332277234824687e+03
9.002838729732686261e+03
1.139918662431603661e+04
1.120779168526206013e+04
9.501128950073472879e+03
1.152610446877793220e+04
1.264971157293358192e+04
1.287755002315441379e+04
1.082732678992880210e+04
6.295182823120941976e+03
9.724731672411595355e+03
9.752427845392539894e+03
1.031183261540953208e+04
9.790385867117867747e+03
5.781402592366865065e+03
5.586658618794739596e+03
7.623836082466705193e+03
8.531496602454833919e+03
8.148953879386540393e+03
1.306825889900440416e+04
1.365117164719684661e+04
1.279077243721159539e+04
1.235360077543027001e+04
1.206672449912230513e+04
5.980573352384435566e+03
9.667115997661170695e+03
6.283904940743471343e+03
7.972477355284862824e+03
