2.779007408740399310e-01
1.248104756075425259e+00
6.264914154970604443e-01
8.280739144789324158e-01
2.132768203335876134e+00
1.432784007702331053e+00
1.370082003988024377e+00
6.182038132890492754e+00
2.231320000617020405e+00
2.318607636591906385e+00
1.746300229837458806e+00
2.321278347198819425e+00
4.185452874436088599e+00
2.016290117333519483e+00
7.574073720321684355e+00
2.648604081583168401e+00
4.392711729749480654e+00
5.359705272030296896e+00
6.340519182877384807e+00
4.744668493319085911e+00
6.550351722327069304e+00
8.064431040632312531e+00
6.093708713973632562e+00
9.235404943324862614e+00
2.761716096595854708e+01
1.842007174454845853e+01
1.823152157693151310e+01
2.002228125594013974e+01
3.131456446849796293e+01
3.954302939421215513e+01
4.165556476708768940e+01
2.185783028155934815e+01
3.053765127258803957e+01
1.924299553733128576e+01
3.318914816780618793e+01
3.661357435080635270e+01
3.573465139291749892e+01
2.261609452547281052e+01
2.291649177745243904e+01
3.139015922150428750e+01
3.614426073620624891e+01
4.093085840009567988e+01
4.559005762515387516e+01
4.664381305345916218e+01
4.545476567002210544e+01
4.791872756592191962e+01
4.589880291356099207e+01
4.495036391336861925e+01
3.470048419433624787e+01
3.636229601116672683e+01
4.089893521564664525e+01
4.896400697949087544e+01
4.363604281825837461e+01
5.424321501258761202e+01
4.925160262122980015e+01
3.629759482874878529e+01
3.720852181605569342e+01
4.179853445386051902e+01
4.046070191390146675e+01
5.129747448706631729e+01
5.429618750821693141e+01
5.379362529952292249e+01
5.691455299430779036e+01
5.305268936290804049e+01
4.821473056418079040e+01
3.305583122482392611e+01
3.721151874342871935e+01
3.896875062690798330e+01
5.654094109738237961e+01
4.815773335466103333e+01
4.119216356214761277e+01
3.658241445492858190e+01
5.260819803573613029e+01
6.030616654891723272e+01
6.211698893973321844e+01
6.273343533988846588e+01
6.657907558278139959e+01
6.016975858006249211e+01
5.919515119566008110e+01
5.278328378654908448e+01
6.098672303923380866e+01
6.865752131621617593e+01
7.349257812815640989e+01
8.149398234253524720e+01
7.083997733456749302e+01
8.908844864251558704e+01
7.030570410209595877e+01
7.828174540871060572e+01
6.981203871159867447e+01
7.579954709761678089e+01
6.884702605602488745e+01
6.969752423818565035e+01
6.188423408854590235e+01
6.996712940983923090e+01
7.092205720942155267e+01
8.326699944149621047e+01
7.886559642096118239e+01
7.905663909469593875e+01
7.521094774608775424e+01
7.598029049743739449e+01
