2.668877898407865934e-01
1.068188055177942353e+00
4.767159354857060105e-01
5.847846473395382771e-01
7.669123984970237506e-01
1.013966320697505141e+00
8.759333763609302714e-01
1.822062102856578880e+00
1.200480551561475151e+00
1.199596448835154261e+00
1.538645795923434534e+00
1.655955856902410872e+00
3.347208554092526711e+00
2.368723472148192677e+00
1.194671442498481007e+01
2.425628469791017316e+00
3.106188429485862823e+00
2.929732335085009964e+00
2.799420211957363236e+00
3.282089488832524715e+00
6.067426906178742030e+00
4.522739747222678908e+00
5.856030232395220025e+00
5.535942193538002876e+00
9.469064778996479248e+00
1.403116187323779585e+01
9.465099095726495548e+00
1.642445061568174225e+01
1.478132085036922128e+01
3.181489045373167102e+01
2.414232425012476924e+01
3.036730668515116349e+01
3.922718598367831788e+01
1.723986590286963860e+01
7.711517031931419019e+00
9.285760754566505071e+00
2.121907310355074827e+01
1.663083469283258253e+01
1.143896607372871266e+01
1.886558914293809863e+01
1.856954796088033888e+01
4.435709517951399761e+01
1.844529672212413374e+01
3.831593808675273749e+01
3.237398062709529256e+01
3.347553211406061990e+01
3.907997729436105772e+01
3.781750344650853179e+01
3.493154714307681985e+01
3.284802797266394236e+01
4.029612894062626083e+01
3.715970602663706757e+01
4.209465992189269912e+01
4.050443730121169494e+01
3.197342437181995578e+01
3.467400910199301478e+01
3.732430480378843640e+01
3.068514171618121367e+01
2.984028163155155511e+01
3.575551905265891861e+01
4.444237830861991512e+01
4.455849748522412312e+01
4.023353864252036516e+01
4.075184294931313644e+01
3.802331208657752626e+01
2.216043310428731772e+01
4.274337112760630220e+01
2.575883938399731221e+01
5.151896498454397033e+01
4.633988164533553800e+01
3.435942246302910519e+01
3.049498921578419797e+01
2.975569250420898726e+01
3.968944712819364184e+01
3.745002880402572742e+01
3.642074412288360463e+01
3.880140410598441747e+01
3.818824764164881458e+01
4.696832446046472143e+01
4.251522056991614562e+01
3.226658648173713573e+01
2.974928101843863359e+01
3.086968804261584509e+01
3.072298345104893613e+01
3.254529403117915365e+01
4.485632488181052935e+01
5.335404773066401418e+01
4.859921082342549425e+01
5.266440360527463582e+01
4.986259994620449021e+01
5.064956221449346430e+01
4.505313993800064054e+01
4.654422908272823634e+01
5.006040648236146495e+01
5.428873651869077577e+01
5.821656779450814412e+01
5.535139706166113172e+01
5.660700169365373569e+01
5.703705349031994132e+01
5.874803901453667265e+01
