2.446913663205026734e-01
9.784906014654036754e-01
3.910219089403942361e-01
4.163407598280110533e-01
5.884958568932741052e-01
4.811307068787018526e-01
5.640251411856301855e-01
8.360676127979860262e-01
7.709030683616598933e-01
7.863400459855545144e-01
1.047723626161810806e+00
1.188251354930851766e+00
2.196785757077543533e+00
1.295549704433427651e+00
5.770512122047659176e+00
1.679718735016733078e+00
2.004006303893631991e+00
2.999388281103563703e+00
2.059118850208871088e+00
1.164716644255155664e+01
2.654545747955571411e+00
2.374665357058745041e+00
3.612651363280801053e+00
2.160098240696439742e+00
4.846826043479797619e+00
2.189485077689530712e+00
5.121270596200456104e+00
3.621609970578160809e+00
7.132560368794686134e+00
4.539188176557475529e+00
7.324563671832326150e+00
6.950115251818474782e+00
8.740379471436071412e+00
8.430092524102926532e+00
5.296363462171442826e+00
4.685543799716379354e+00
6.850682552020326277e+00
7.147230463076399865e+00
8.264398412281755313e+00
6.427054264349178148e+00
1.042851344397981883e+01
1.485713377882639463e+01
1.383379479388942634e+01
1.478259046215618788e+01
1.059564930272296124e+01
1.168867117552778012e+01
1.288468116824090970e+01
2.346634786425426356e+01
1.358287596371640404e+01
1.360582841045847502e+01
2.110048825776258496e+01
1.494210025430243327e+01
1.817296115735681994e+01
1.699722647468372116e+01
1.253797308617465234e+01
2.056815923180913330e+01
1.206936672249005582e+01
1.073499595742296364e+01
2.092302409277316855e+01
2.910120009752282400e+01
2.979319606993853853e+01
2.382853118327515318e+01
1.614907366358674778e+01
1.555149811945088167e+01
1.749215824702308808e+01
1.284996698982847185e+01
1.565099078798300702e+01
1.338231773211542119e+01
1.524108003828982838e+01
1.249895194900991058e+01
1.166725744844527490e+01
1.876432594771899431e+01
1.297892213670207084e+01
1.424191670388268882e+01
1.320626832463449851e+01
1.451190041756238180e+01
1.494669537227679257e+01
1.773552456027460167e+01
2.466004703026199252e+01
1.768418524073639020e+01
1.755961199545142648e+01
2.066979991407996664e+01
1.838489081254357771e+01
2.312298283584333802e+01
2.669311209963672127e+01
2.950227728773624136e+01
3.622598314313276546e+01
3.317133079531681972e+01
4.261213939332859013e+01
4.371722282537992044e+01
3.910020007499481665e+01
3.530269262911300387e+01
3.554694702937053563e+01
3.643611136092464164e+01
4.396396379699466905e+01
3.938997120042155586e+01
3.664904505240507149e+01
3.500909142048710976e+01
2.862805700932583974e+01
3.386576163237850068e+01
