4.141067899482944736e-01
3.390203478513940660e-01
7.492418545304067035e-01
1.175059308945420211e+00
1.132565401652565029e+00
7.622122031493430150e+00
1.857300038298728140e+01
4.563212935368236245e+00
4.576603677305921103e+00
1.067109747630484229e+01
2.934122758300857114e+00
3.800773740841615567e+00
7.161952271614070220e+00
1.446570984075907340e+01
6.325473055154703594e+00
2.151521038371101113e+01
1.401247277454113238e+01
9.246647848432257177e+00
2.753856380857927888e+03
1.052862108587110335e+01
3.605418035086888267e+03
2.270837189311769677e+01
1.790695367427611373e+01
1.550963197073996369e+01
3.305766249229852605e+01
3.737323155778145889e+01
5.093945358773272147e+01
3.019696146616285404e+01
3.535441679244687663e+01
4.004080484660261874e+01
4.508430292603727452e+01
6.234034833062083436e+01
6.662756738384062771e+01
5.614703409747844631e+01
6.124255504835646491e+01
5.185660412484021720e+01
5.050137190470257309e+01
5.502417410615856141e+01
6.057551550692905096e+01
7.000043779182806247e+01
6.416876474507871819e+01
7.468647627857176019e+01
7.051268827752991797e+01
8.251055662183142658e+01
7.276688983141514200e+01
7.043509106238620632e+01
5.582994059405709208e+01
5.282399263416530033e+01
7.538166511801556169e+01
8.131417767461478263e+01
6.108783503358448996e+01
5.647913117624857193e+01
1.342113569466751528e+02
9.506083365148593657e+03
1.000047231378959225e+02
8.735073651410235129e+01
7.641009217531308195e+01
9.760578935536095457e+01
7.976234641046366391e+01
9.869895432412151592e+01
8.091393446014794222e+01
5.543915593843081524e+01
8.961780426885057693e+01
5.284143886011585067e+01
8.793604513394480193e+01
8.854173868368449973e+01
1.183202443281348337e+02
1.170463311090689967e+04
1.214323884239871040e+04
1.577201899690593052e+02
1.238547785839782955e+04
1.249426848532466283e+04
1.392608888121966118e+02
1.376063843074268789e+02
1.387490067646567411e+02
1.621100100124400569e+02
1.511311436889294555e+02
1.680381165351738844e+02
1.628117827082382973e+02
1.373643611698073619e+04
1.229723396440854776e+04
9.097558317196138887e+03
1.121565161093770439e+04
1.303662496432697480e+04
1.380457231622500512e+04
1.422952309322128713e+04
1.457645378998398337e+04
1.509399709671838718e+04
1.551940440370028227e+04
1.565433057119805926e+04
1.570968137739930171e+04
1.597808354445604709e+04
1.551631196570581233e+04
1.522650112886137140e+04
1.401207151067398445e+04
1.319030992437607711e+04
7.039533104087706306e+03
5.575928818603951186e+03
5.801774340644599761e+03
9.986004824816443943e+03
