4.463900787854671592e-01
3.319063601499683824e-01
6.201954383947132499e-01
8.791458714724993406e-01
9.908081499903984568e-01
3.872358870522258201e+01
3.684958811822853342e+00
1.326219841743402572e+00
8.144466122912090711e+00
3.419216250427377979e+00
2.920289985131186761e+00
9.171601572976324945e+00
7.108709861349402637e+00
5.838268487788560890e+00
4.234445846851117246e+00
6.036946908971019710e+00
7.895099682773091487e+00
1.127508302434535814e+01
1.477523275247799184e+01
2.034823122543678409e+01
1.139415147744678869e+01
1.420947845158984713e+01
4.184016255509639848e+01
3.522513552564124240e+01
4.309028636169277604e+01
6.425722196247639317e+01
4.272007410592338772e+01
3.801139615237639902e+01
4.322369817553551030e+01
6.557896109530899764e+01
5.309216424086755381e+01
4.488086167689154138e+01
6.286629607486283078e+01
8.080837034702408062e+01
5.361265408251843212e+01
5.932937192220293099e+01
6.090614050517299916e+01
5.456975679867802143e+01
5.636370555555367190e+01
5.061451531585747432e+01
6.127317817051451954e+01
6.106287897957182054e+01
6.916052056822002214e+01
5.462425290038924430e+01
4.726714315311019732e+01
3.810506951874661041e+01
5.869999800694814240e+01
6.701419370484394733e+01
8.995412210561492827e+01
1.203634771692461101e+02
9.268593001731196068e+01
9.314191821612804745e+01
1.096758546670018291e+02
1.213344315680181467e+02
1.297101015519733949e+02
9.521963837544433318e+01
7.319170382753625859e+01
1.298741969579294846e+02
9.156642869120052808e+01
7.032046722359700652e+01
7.285867722465532381e+01
1.070466141303754455e+02
1.228412047492649606e+02
8.530828099984542234e+01
5.246557248600959156e+01
5.366993738219964172e+01
1.205885970337516682e+02
1.176457777550364335e+04
6.787350632860449878e+03
6.630544108686131949e+03
5.553262129694054238e+03
1.095288144168377949e+04
1.065274584585626144e+04
1.038975504340468979e+04
1.194255760405924593e+04
1.204908036879475912e+04
1.160351890646323409e+04
9.591679872626267752e+03
1.314655295492889309e+04
1.314826308846264874e+04
1.324077029110572948e+04
1.331388509906981926e+04
1.236800167764694197e+04
1.101190460928138964e+04
1.304035404914918036e+04
1.367580124728675401e+04
1.411885041460086177e+04
1.313249677891468491e+04
1.201377385231826702e+04
9.453533612614319281e+03
4.906218309115596639e+03
1.200794950224111381e+04
7.723493046620704263e+03
5.941395590144524249e+03
5.315351658203914667e+03
0.000000000000000000e+00
5.243324386837362908e+03
0.000000000000000000e+00
0.000000000000000000e+00
6.620310552910882507e+03
