2.832256404806884897e-01
2.605717702481326614e-01
3.590375564022488808e-01
6.357026254593668435e-01
5.653272088121525929e-01
2.551526282888778141e+00
1.042855861373231274e+00
8.138522872263425079e-01
2.484829515991890059e+00
1.572822202717057305e+00
1.582299568536457368e+00
3.005708809244301616e+00
3.276136720631995125e+00
1.028918045083253041e+01
1.560220289738773358e+00
5.464021799718816297e+00
2.944739845783514998e+00
2.904415925356860217e+00
3.173323792490584161e+00
7.137758998022092349e+00
6.700772834062412642e+00
1.008129785061714401e+01
1.882714687006579268e+01
1.884181292086434922e+01
6.811828600438938786e+00
1.572432689056251753e+01
1.440249147148888476e+01
6.446588329567393139e+00
1.013314515709892660e+01
1.287118604408099642e+01
1.150394382026229145e+01
2.478110224930506789e+01
1.782622219517471152e+01
1.334939754551005642e+01
1.385472902471920698e+01
1.266183418896770263e+01
1.784808308287665213e+01
2.013160879845709417e+01
1.684272378482467047e+01
2.014918604013363890e+01
3.882425176421647706e+01
2.131170963996871492e+01
3.196571336634986338e+01
3.361966590470578353e+01
3.851856936636585971e+01
3.758034260503431057e+01
2.784034297309313288e+01
3.499389949415860457e+01
3.995250640259950359e+01
3.389942926970826420e+01
2.369727288887132843e+01
4.624933238196214091e+01
3.093874555554598871e+01
3.065313574151428355e+01
3.644839323899391559e+01
2.432968245498500437e+01
2.591857775047405710e+01
3.200809722478571473e+01
2.535583540845552264e+01
2.981699528742060323e+01
3.527783561941419066e+01
2.651450460202793025e+01
3.544000633799632283e+01
1.974051019659354012e+01
3.554846757637133692e+01
4.047068057138829289e+01
3.903972073508308682e+01
3.771754012370840314e+01
4.156822840905851990e+01
4.084569863952850000e+01
3.192415487589381939e+01
3.028850683207415528e+01
3.385313866600204591e+01
4.187632838900436383e+01
3.791894436139383373e+01
3.348579860605377689e+01
2.756230560190335765e+01
3.107552216045127480e+01
3.235071443911649425e+01
4.426842481831049270e+01
4.639985304991614612e+01
5.391069700288211664e+01
4.902253099945820480e+01
4.875959219726088634e+01
4.634370929880736156e+01
4.134860160493374082e+01
4.389458032148217370e+01
5.171622595322538274e+01
5.220878471452514447e+01
5.595512450480483579e+01
5.210259157545993958e+01
5.801177531802823495e+01
5.536519249793728648e+01
5.199858509679395979e+01
5.200886972416101628e+01
4.942955738674778132e+01
5.149917088755773165e+01
5.449482229748775808e+01
6.579858165337350329e+01
6.539260756028352262e+01
