3.026903805003800518e-01
2.755658691120687065e-01
3.371123624483455261e-01
6.201501527198433061e-01
4.802075894957248403e-01
1.268949518063407167e+00
7.643122266591195757e-01
7.019590037833999263e-01
1.581843483416762952e+00
1.450771661408087665e+00
1.177736472382637789e+00
1.150471872843787713e+00
1.482981241925153126e+00
2.356489884057629158e+00
1.591012003245149353e+00
2.106643832192089505e+00
2.388087439526555222e+00
2.809005205720969123e+00
2.788489903794324931e+00
3.696569744708310346e+00
5.853351153053693245e+00
2.942190634944062744e+00
2.824587807485837931e+00
3.254284223953990196e+00
4.534519017635902927e+00
8.760393136448501039e+00
5.761329203950733557e+00
8.688721279279301157e+00
5.813192711598936135e+00
6.727472442718957168e+00
5.866469329580943359e+00
5.191377581306785949e+00
5.362468795995471105e+00
6.062551237581938146e+00
5.392922228795285378e+00
8.319464279534694029e+00
6.793861226329935832e+00
8.512797137900895095e+00
1.256424919464553902e+01
7.873047245851663156e+00
1.202802357956684531e+01
8.123316617708196574e+00
1.257888038292385247e+01
1.170158445970269057e+01
1.912893519636592288e+01
2.295743015497401629e+01
1.544818204271814288e+01
1.557695029036356260e+01
1.837770954590818562e+01
1.968596338759478215e+01
9.884692429756555043e+00
8.992042602277518171e+00
1.369481925037360170e+01
9.044673121884688527e+00
1.926180059832829627e+01
3.405944341325982805e+01
2.999189010452009185e+01
1.567099946816822786e+01
3.824376351008795893e+01
1.849722416610504183e+01
3.340797013650725944e+01
1.260584699001084097e+01
1.675922111526098135e+01
1.697076287200563272e+01
1.430183582834466449e+01
2.169491219700021389e+01
1.833008136230772323e+01
1.768841698695829479e+01
1.345726995136921644e+01
1.627279442507906282e+01
1.469117830166371164e+01
1.521132851421259602e+01
1.692842233937051688e+01
1.437520780967027889e+01
1.753131042745581780e+01
1.563670653881127315e+01
1.585414243448140326e+01
1.904269653859442002e+01
3.011419198186049329e+01
3.926715065116825087e+01
3.090683082951021277e+01
4.408153436330483999e+01
4.076492783999024994e+01
4.606856010883180375e+01
4.570982846679653733e+01
3.509940520448608225e+01
3.365061872875985216e+01
4.194488762771756996e+01
2.137075402340243357e+01
2.598717119301596767e+01
2.712971290980068417e+01
3.133376480980208356e+01
3.577493530293025970e+01
3.854186975180057573e+01
4.177493869612814592e+01
4.517481059280721212e+01
4.918964217669931571e+01
4.975703992733689063e+01
5.194052983036398530e+01
4.497797651118729334e+01
