2.362244347740497519e-01
4.710407141121148999e-01
8.545603460742898783e-01
1.269987778931876310e+00
2.014014784713392014e+00
2.215007441212047734e+00
3.785549318173645705e+00
3.203376807157539474e+00
2.961923402956686324e+00
6.829493508173309912e+00
4.159931862010532555e+00
5.828129016924003203e+00
5.928673574220186815e+00
6.717969024812707524e+00
6.312325759292478189e+00
7.522795625142123299e+00
7.755088313002260314e+00
1.860730233727013072e+01
1.361634474387189009e+01
9.691723207115822802e+00
8.398066583610738434e+00
1.249444783987306984e+01
1.638399395201064124e+01
1.761907886027436732e+01
2.082918001412554432e+01
2.166322696438859907e+01
2.261780867339782830e+01
2.668198008672998611e+01
2.356204039286788188e+01
2.376775823222921957e+01
2.529136886683400576e+01
2.984100372381743682e+01
2.923744389605164784e+01
3.139687185630708299e+01
3.124031523707267510e+01
3.896044826329193000e+01
3.795510944476716730e+01
3.768645674440831783e+01
3.382126943221917514e+01
3.524898929218378640e+01
4.117626828484809209e+01
3.573821622999213332e+01
3.424198437511986981e+01
3.154081673398139785e+01
4.132685206462439709e+01
3.938004139404398529e+01
5.022955267216237019e+01
4.825828309567940977e+01
5.167593964624844460e+01
7.516722863047705516e+01
8.487461375470159908e+01
7.796683309590787303e+01
8.203599874986574036e+01
6.430572342949893994e+01
1.109400967774717230e+02
9.592382321479446546e+03
1.412229153718515363e+03
0.000000000000000000e+00
0.000000000000000000e+00
0.000000000000000000e+00
0.000000000000000000e+00
0.000000000000000000e+00
0.000000000000000000e+00
0.000000000000000000e+00
0.000000000000000000e+00
0.000000000000000000e+00
0.000000000000000000e+00
0.000000000000000000e+00
0.000000000000000000e+00
0.000000000000000000e+00
0.000000000000000000e+00
0.000000000000000000e+00
0.000000000000000000e+00
0.000000000000000000e+00
0.000000000000000000e+00
0.000000000000000000e+00
0.000000000000000000e+00
0.000000000000000000e+00
0.000000000000000000e+00
0.000000000000000000e+00
0.000000000000000000e+00
0.000000000000000000e+00
0.000000000000000000e+00
0.000000000000000000e+00
0.000000000000000000e+00
0.000000000000000000e+00
0.000000000000000000e+00
0.000000000000000000e+00
0.000000000000000000e+00
0.000000000000000000e+00
0.000000000000000000e+00
0.000000000000000000e+00
0.000000000000000000e+00
0.000000000000000000e+00
0.000000000000000000e+00
0.000000000000000000e+00
0.000000000000000000e+00
0.000000000000000000e+00
0.000000000000000000e+00
0.000000000000000000e+00
