4.653034896961416034e-01
4.960582611743576398e-01
9.563953127310238500e-01
1.991863149884443907e+00
1.140284524904097596e+00
2.564322422715860306e+00
2.257835215655108474e+00
1.654295056724469415e+00
2.406532629187583705e+00
3.594249891402943042e+00
5.067223062431594371e+00
1.273190398799115997e+01
5.418874472626844074e+00
1.175575007221579860e+01
9.383023593789827643e+00
1.173890276260148369e+01
9.668509480877963469e+00
2.183453292672752966e+01
2.184204199349576214e+01
2.059547213485594597e+01
1.559608624832845436e+01
3.177518185776012416e+01
1.373579139828692064e+01
2.140892109364271789e+01
6.742758260545878102e+01
4.313546356182953900e+01
4.910357036567791056e+01
5.090150207990301112e+01
3.390505261849859409e+01
5.363894065777861186e+01
2.747683207400317329e+01
4.503716011961726906e+01
3.993261159780646352e+01
5.330930764655536791e+01
5.216766804507915367e+01
5.074446842836271543e+01
5.465004029444326505e+01
4.834670514162225885e+01
4.350958873193043530e+01
5.205851282378625910e+01
4.962830935569297708e+01
4.543828316314502302e+01
5.340470055505871017e+01
5.760101242198783211e+01
5.407393269297823934e+01
5.614387603835688623e+01
7.589585417478440377e+01
5.254826384577067699e+01
5.255683628006786279e+01
5.467470046038288700e+01
6.927708384416415299e+01
8.156136015137838058e+01
7.405147522509057012e+01
7.243617945177780371e+01
8.562770432078686156e+01
7.331938620087372271e+01
7.807069459228125652e+01
4.390703384366277362e+01
5.871490745749968454e+01
4.698676181330534263e+01
1.057065182459562749e+02
6.085798806051931109e+01
7.622494833493165345e+01
9.731439847774193197e+01
8.382713223798759827e+01
9.092498520131285034e+01
1.029162856860531150e+02
1.160878942578034696e+02
9.030987001519724799e+01
8.872550907122828789e+01
1.057965325819307338e+02
1.276519519154383460e+02
1.215693987849893603e+02
1.503644127813199702e+02
1.741707407219884942e+02
1.382936014389671436e+04
1.309968090682463298e+04
1.384909103693461111e+04
1.378958721162433176e+04
1.121116226075594750e+04
1.090273331528350536e+04
1.258410276178081222e+04
1.808133332757736014e+02
1.691522317699360372e+02
1.582593248222888724e+04
1.592813647729103832e+04
1.336055687355753253e+04
1.454408501918675756e+04
1.413865470657980950e+04
1.354202792051634970e+04
1.498457872129719544e+04
1.449134414972536797e+04
1.324852471200104992e+04
1.369107178206102617e+04
1.264626028061406942e+04
0.000000000000000000e+00
8.063438547964765348e+03
5.738146892985571867e+03
0.000000000000000000e+00
0.000000000000000000e+00
