2.957633394961490247e-01
2.824579353445548779e-01
4.385409959026217996e-01
7.331172650762010079e-01
6.600131984235214633e-01
7.152676886092568243e-01
8.957356997837000456e-01
9.165289853036137080e-01
1.151004705140412865e+00
3.740828206194143135e+00
1.652737962700586261e+00
1.611306488864822972e+00
2.333270357342757784e+00
1.053393977672697623e+01
4.031304807297343196e+00
3.430345341468034714e+00
3.175523645444001897e+00
3.421511957918829339e+00
4.172412500341413200e+00
3.826038461226337173e+00
6.241588067520484451e+00
7.498646015231088313e+00
9.148326513954346595e+00
1.122519321639858525e+01
1.489518103415210071e+01
1.141248120077815642e+01
1.166109145010908144e+01
8.615334320103814392e+00
6.421802122249456346e+00
9.029365490773900049e+00
8.592964397425596701e+00
1.308677132258645237e+01
2.362066730259695291e+01
2.377248071108133232e+01
2.022957862632535253e+01
1.738297698619176046e+01
1.912601322207096999e+01
1.448587466999547857e+01
1.325902650115151893e+01
1.623873070047605083e+01
2.868726373297240428e+01
2.637959865361564127e+01
3.772578267303614297e+01
4.127989313362546397e+01
3.659810976063000254e+01
3.542205986564275122e+01
3.721328895731287645e+01
3.300941090317601123e+01
3.374539174529915897e+01
3.302295038796107463e+01
2.689764828489371240e+01
2.405542322677767331e+01
3.012981978867963306e+01
3.430701296067329764e+01
4.233814377433786547e+01
2.308462404538680701e+01
2.125856475961993297e+01
1.928252281255820577e+01
1.786509863237020213e+01
3.000738099152324523e+01
4.243280549843967719e+01
3.260347621378949867e+01
3.016154071803363124e+01
2.866794836714418082e+01
2.346155091858256725e+01
2.334624557141475520e+01
2.375064970215664317e+01
2.962886592335913960e+01
3.170459859120546398e+01
3.979846565701498662e+01
4.145036591440003093e+01
2.998602673746398395e+01
3.270691465925845876e+01
3.452555069804626697e+01
3.544420397410522128e+01
3.243609240603404942e+01
3.550464227491580971e+01
3.902995072153286316e+01
4.129814551593816674e+01
3.949972471110235972e+01
4.367406524408773549e+01
4.480150967329258549e+01
3.977436596787904222e+01
3.987257348092803255e+01
4.512573127212869650e+01
4.264259511768059241e+01
4.996080964326902318e+01
4.622603669490408862e+01
4.742481382063240147e+01
4.394741951334923868e+01
4.677472069982280800e+01
4.855898064077872078e+01
5.222564182459626636e+01
6.727968884064081578e+01
7.046426911802051052e+01
7.570596913089869417e+01
7.667988799750092710e+01
6.935981113198985781e+01
6.215560950691521924e+01
6.699080489427912255e+01
