3.880509128792262175e-01
3.691385099559289507e-01
4.460364535016347887e-01
1.117364372561882480e+00
2.039489397954369565e+00
7.502538189277124792e-01
1.667520758852963247e+00
1.014347263288056133e+00
1.158181066539637927e+00
1.576453797637554333e+00
1.989893205858695335e+00
1.720285264707119843e+00
1.713231906681493166e+00
2.106225332774272374e+00
2.258345648849822140e+00
2.404103874897085102e+00
2.613616361531839072e+00
3.938883774481935607e+00
3.144294121520425200e+00
3.825456724129558506e+00
4.434208193689209487e+00
5.209104604442916120e+00
4.765825216479472992e+00
4.849093522201600059e+00
4.097800840877036777e+00
4.527216059516925739e+00
6.342941047498491081e+00
5.736899325344281486e+00
5.857964347826497331e+00
5.656323168848963689e+00
6.257755336107466704e+00
6.106628477408443167e+00
6.174407447940588156e+00
8.002323880125121747e+00
9.295218341067490897e+00
1.026576423506151592e+01
9.111657755833917349e+00
9.408536501413673037e+00
9.720870752128703884e+00
8.874350944439653333e+00
9.318841588774304796e+00
1.059902520544643600e+01
1.072269278909543999e+01
8.937092757383261699e+00
9.491304458099001806e+00
1.083080601943181875e+01
1.173229993224569689e+01
9.435496270372089711e+00
1.360507706980835252e+01
1.034985534562553156e+01
1.183753058678489545e+01
1.283203412748018302e+01
1.360001969265050725e+01
1.687890032821972142e+01
1.281880210061544290e+01
1.220991806271357838e+01
1.267812395610983778e+01
1.009447605123793501e+01
1.176504018084346725e+01
1.328979273237021097e+01
1.221089978230803297e+01
1.173051508569376011e+01
1.541920418934969561e+01
1.530441629180574203e+01
1.665437256128035415e+01
1.239470226802376196e+01
1.397963293635000781e+01
1.429228670855754757e+01
1.353759177199782648e+01
1.378783171121968110e+01
1.522151419716497145e+01
1.279640117158854018e+01
1.629381166503714340e+01
2.264810196456272351e+01
1.754075608951768217e+01
1.890944426441533111e+01
2.716615590047056017e+01
4.028767951705005146e+01
3.527032084688871549e+01
4.096043940211357892e+01
3.152846532238315191e+01
2.961607824878435835e+01
3.074051382433910362e+01
2.963833009137337982e+01
2.709304095075198759e+01
2.874488753053230639e+01
3.622381334095298655e+01
4.147947879278925853e+01
4.558222742374108094e+01
4.276680835417304394e+01
4.475675418612319589e+01
4.640466150111636523e+01
5.173761235721568852e+01
4.628846545534734247e+01
5.606994558335586731e+01
4.745259376843338117e+01
5.677877642201546848e+01
6.445890304581800478e+01
6.639422103443685330e+01
7.801748269708608063e+01
