5.826995732615652956e-01
1.197417976856363531e+00
6.602420892751332815e-01
2.317988783039591549e+00
4.070693910266661497e+00
3.917137552006195289e+00
2.826704633336970307e+00
7.406743769535183652e+00
1.272899240666255238e+01
7.971299792705020870e+00
1.818831026512290094e+01
1.890740592245828111e+01
1.186942019633953294e+01
1.801011860632878481e+01
2.430585376075614690e+01
2.142689156983864862e+01
1.847977662192185377e+01
3.386741747815877090e+01
4.050061322833060728e+01
3.796665109717453390e+01
4.199070469911369230e+01
3.499468596711140833e+01
4.487340249182212659e+01
4.809977842948946858e+01
7.498429804893959272e+01
6.265968318088142297e+01
5.103370422324961453e+01
4.299603747265063447e+01
5.613651151913704496e+01
5.365172945072292521e+01
6.164735975881555419e+01
5.365049013398866862e+01
6.265000730630999470e+01
8.211798320423592656e+01
8.173840900270636212e+01
6.725722447306186780e+01
7.166860054756931220e+01
7.009544854671992198e+01
6.232860953827810135e+01
8.917237186311537300e+01
7.297395403703477257e+01
5.373982927122509778e+01
8.107179379164540478e+01
9.417366270937390027e+01
1.087950745333138514e+02
9.734182466994947447e+01
1.171838421881809751e+02
1.365430847860834547e+02
9.659884978067948680e+01
1.546852764945013803e+02
1.188685791080309713e+02
1.262884738021033684e+02
1.555896149263876111e+02
9.693803373157447822e+01
8.624658711565400893e+01
6.682561355667341729e+01
1.117256364689654401e+04
1.126009233028816016e+04
1.050679342446215969e+02
1.262055831520202815e+02
1.350022399436985268e+02
1.935975614507083264e+02
1.122708212162486598e+04
1.020956732885926976e+04
1.016318586106243856e+04
7.742783988377814239e+03
1.150678045009446578e+04
1.188422681145663955e+04
9.193851788001853492e+03
1.035978071469410133e+04
1.145653100243877270e+04
9.206393832921039575e+03
9.240632070172448948e+03
1.344089100067750405e+04
1.228941531860624491e+04
1.134405281842837030e+04
1.297255150463541395e+04
8.987252326891693883e+03
4.859965796098940700e+03
5.260558946565055521e+03
1.088648105295973437e+04
1.581858020446922637e+04
2.094936627906890010e+02
1.555076625579204483e+04
1.580092925049474616e+04
1.212890114072450342e+04
1.061347582243211764e+04
7.111315732487868445e+03
5.539753907242173227e+03
8.255636401628980821e+03
5.358022057346336624e+03
1.150193869272520351e+04
1.113440733180017014e+04
0.000000000000000000e+00
0.000000000000000000e+00
0.000000000000000000e+00
0.000000000000000000e+00
0.000000000000000000e+00
0.000000000000000000e+00
0.000000000000000000e+00
