2.479498779206300296e-01
5.002017832638823158e-01
3.238750211944311785e-01
1.202398249778159123e+00
9.150565979494968971e-01
1.159838686328823920e+00
3.972772674772883761e+00
6.861904193490379278e+00
4.927609926788166561e+00
3.510178820721270743e+00
1.175296268610913408e+01
4.855268973265383536e+00
1.795569433279101901e+01
4.608306030290238553e+00
6.030599653838627283e+00
5.987112486913696685e+00
9.139428952218313640e+00
7.834584202852201251e+00
8.939951488597946749e+00
7.346332689024517748e+00
8.341545109950533998e+00
1.051476027286213188e+01
2.999218879569888330e+01
3.572944236237100313e+01
2.328016763686819246e+01
2.780933237319906937e+01
2.023767716999110178e+01
3.112989077700881779e+01
3.920165578352668945e+01
4.107037244122607689e+01
4.002706021480467768e+01
2.388544516437678311e+01
4.789142924353814834e+01
4.816563973400759835e+01
4.782131794152964233e+01
4.887973827220725553e+01
4.983927928301518762e+01
4.598088426251900529e+01
5.510538081077469030e+01
4.775238950035458885e+01
3.944761851126120433e+01
4.633000068081519629e+01
5.413014195860066025e+01
4.800680251331246495e+01
4.847910240893106959e+01
5.325937931659107960e+01
4.503670436348002681e+01
6.320748181229441798e+01
6.654234529367209916e+01
8.125846839272351474e+01
7.374059537824163613e+01
1.031026740813659046e+02
7.393951770684240898e+01
6.300727456364784729e+01
6.898807699415897332e+01
6.085683266285160897e+01
5.071267375195623828e+01
3.631227279980063116e+01
5.989243386539700253e+01
7.442663477468524036e+01
7.146306053829954408e+01
8.516670038105323215e+01
1.064046436158260036e+02
1.080389732851037508e+02
1.438013550918566352e+02
1.236968346290628205e+02
9.174401728372912146e+01
1.296923351725639293e+02
1.371470281686617272e+04
1.394844966541316535e+04
1.192927766869284625e+02
1.645185294277592334e+02
1.412667762959221182e+04
1.449086429958928602e+04
1.476281033139444662e+04
1.504569391338874630e+04
1.313124006247806790e+02
9.140475705538273132e+01
1.109503703514206592e+02
1.502377910799959011e+02
1.751426527064074889e+02
1.255874042121360787e+02
1.129266684980086097e+02
1.688767324614802305e+02
1.691486655296812023e+04
1.618695520205014327e+04
1.557645649990719721e+04
8.375884584146710040e+03
0.000000000000000000e+00
5.540951619903686151e+03
1.054455954498865685e+04
1.388691643272370493e+04
1.459853721386373581e+04
1.328681485293325568e+04
8.994770257014306480e+03
5.927320789217515994e+03
0.000000000000000000e+00
7.353094898875475337e+03
6.944458058973335937e+03
0.000000000000000000e+00
