2.230878047072206716e-01
4.125562372991819493e-01
4.057652047183181732e-01
8.962847632389713270e-01
8.650700014921233194e-01
8.865657752182418694e-01
9.763496313051813758e-01
1.676890767756632927e+00
2.378051987609324236e+00
2.996033750578451560e+00
2.149035757512963496e+00
2.697291153716001588e+00
3.442817505226642094e+00
3.520623324185799152e+00
5.494218645439054249e+00
2.902053928832826202e+00
6.675114202694676813e+00
2.875898716168101998e+00
4.109478078963882730e+00
9.253889005406390922e+00
8.544635541663046396e+00
1.108344990616487991e+01
9.117330740597505923e+00
1.142763739411911494e+01
1.527612564369209736e+01
1.534729989355414936e+01
1.561475406864940219e+01
1.287690197946807480e+01
1.628204403139327994e+01
1.475494431243476079e+01
1.988242946568271918e+01
1.675574028022418815e+01
1.728167074575941697e+01
1.993040729893698781e+01
2.450987305812182626e+01
2.304928508104730867e+01
2.878998781504646942e+01
2.685217024938003760e+01
3.357015459938886437e+01
3.233260519417063961e+01
3.920655869222169798e+01
3.447006519359083399e+01
2.645349459949953186e+01
2.967391176632525429e+01
2.647790858355381260e+01
2.887028728151931745e+01
3.976069280168248810e+01
3.873572409987614407e+01
4.869884502681230742e+01
3.716087931339290407e+01
3.355902206653613007e+01
3.332401015253901733e+01
3.666699932438462639e+01
2.520730332826277120e+01
2.056003874683991128e+01
2.286600620116865556e+01
2.767563903201485687e+01
3.234141449349078101e+01
3.328635856267194271e+01
3.321138240160989596e+01
3.689551288720328870e+01
3.370463746870110811e+01
3.741072554251428528e+01
3.265750668251810396e+01
3.393440512382658625e+01
3.295395023944338675e+01
3.743713071513252544e+01
4.494589998207473514e+01
3.579768187609548846e+01
3.103007119153443583e+01
3.860870962579109289e+01
3.588562229301471262e+01
4.881475176692905649e+01
4.979354192305016369e+01
4.818195096511407627e+01
4.836965816218184955e+01
4.585888569239563139e+01
4.078438776888647510e+01
4.001110812878604150e+01
4.331962699438724940e+01
3.982011577749552345e+01
4.527469047396228774e+01
4.345903033405733851e+01
4.582778207887753297e+01
4.401349053260376820e+01
3.789410654751712570e+01
4.360737361127705469e+01
4.839473483731880776e+01
5.123818404958899464e+01
5.740630130512526819e+01
7.229166459721267302e+01
6.202421714792081531e+01
5.281006888184061410e+01
6.153098267972827529e+01
7.363437787430692083e+01
7.102079837252654215e+01
8.648546264681797879e+01
1.357567251473532508e+02
1.998456122752757551e+02
1.887009278664336671e+04
