4.271678773356871739e-01
7.273505723437970749e-01
5.006085610253045992e-01
1.070170805123676905e+00
9.550615807456949158e-01
1.497188105101673550e+00
1.332285929657725854e+00
3.281289375836363487e+00
2.824521235916567896e+00
1.988159272948312850e+00
2.872762251429511249e+00
2.552044098114764292e+00
4.072959159093558767e+00
3.496120172522446001e+00
4.253595917357900547e+00
3.342049677629760573e+00
6.767313924688791893e+00
4.485343437257703236e+00
9.280786801646495832e+00
4.424827761138280913e+00
5.086140953692773081e+00
7.576166098157346873e+00
6.200505895075149709e+00
8.018391050991695579e+00
1.092094833998206660e+01
7.761536253687380871e+00
1.013118047754588247e+01
8.356507013194953259e+00
1.033048015075404180e+01
1.085893034966322013e+01
8.198088758760921024e+00
9.878852646891777667e+00
1.207347384367810150e+01
1.055928513890070342e+01
1.422583241142972987e+01
1.269284834844227028e+01
1.524954525506878511e+01
1.646714194567519129e+01
2.035281347284742637e+01
1.985305195761557684e+01
1.795595934296380136e+01
2.216910103211314365e+01
1.541274281447820549e+01
1.355144822348551870e+01
1.578383986600538691e+01
1.648919408953393173e+01
1.441876016832048002e+01
1.587793638127278228e+01
1.770579344750182216e+01
2.605685349693214192e+01
2.665473620514785935e+01
1.471000690566743074e+01
1.850078911279974037e+01
2.004662349318054382e+01
1.528563363256237473e+01
1.598305622673416870e+01
1.433403802430926000e+01
2.723516271939041289e+01
2.460585576694335330e+01
2.853386818347873799e+01
2.734862994860164775e+01
1.782430034551294540e+01
1.763707026196263783e+01
1.745516070273338727e+01
1.746097535052296834e+01
2.450329015117792153e+01
3.219988238171001882e+01
2.642334630684540997e+01
2.977010320304817270e+01
3.408543617451565666e+01
4.019576744633231158e+01
3.570742200885297990e+01
5.083631911923652069e+01
4.905207670390196739e+01
4.818256813622829782e+01
4.596790326396763504e+01
4.134981406815104066e+01
2.862780183917545074e+01
3.434987400510551225e+01
3.319690705000994058e+01
4.346411920384280592e+01
4.969345008413613130e+01
4.322536523514304463e+01
4.072306241904848179e+01
4.552901954000049756e+01
4.651221693596017559e+01
4.875874504267254395e+01
4.930250426092019467e+01
5.361131424338194762e+01
5.113691236432296705e+01
5.799308288027893354e+01
5.703905959260281833e+01
6.707733311586704872e+01
6.741098177464873231e+01
6.975154676562549128e+01
6.318596546697897054e+01
7.560041031962036584e+01
7.803855736937259735e+01
9.661986275868208907e+01
1.201412245009240252e+02
