5.390547423724636467e-01
7.771012477711924937e-01
1.516377918838248906e+00
2.695987673497627135e+00
1.331210666641216456e+01
2.368425456290873310e+00
9.303468185828844383e+00
6.243726981265420584e+00
1.650045352494056772e+01
9.543500414595769143e+00
6.017983563277997661e+00
2.501962149186952047e+03
3.193958823860802809e+01
2.591126882404840259e+01
1.036390845117951720e+01
1.766571385958257068e+01
3.342352604910471570e+01
2.203823917354204553e+01
2.151278122000948656e+01
5.449054195510089471e+01
2.873554170969726940e+01
4.442349106711418472e+01
5.176408437054391243e+01
5.802830770562836449e+01
4.617669314271351766e+01
3.734783542270714918e+01
6.275043929610021820e+01
6.814339807143339556e+01
6.553310372747149870e+01
6.263272063616170016e+01
6.066637940593586364e+01
9.090224091839979792e+01
9.064649982040668874e+01
8.031274725907732659e+01
8.636005388693651241e+01
9.560115653420115223e+01
9.737781809958160295e+01
8.653369411333557082e+01
6.011818947293551929e+01
5.075476666293402417e+01
5.991185592188239184e+01
1.287982678750395280e+02
1.496246059687033210e+02
1.380906562084246616e+02
8.522964829858541634e+03
8.986304971895964627e+03
8.937855141893096516e+03
8.638163126942266899e+03
6.944801763717316135e+03
7.217735507859903919e+03
8.675276130302368983e+03
1.476736120272576898e+02
9.247208860091106430e+01
1.460378572153688879e+02
1.253932309770001723e+02
1.152510914501750631e+04
1.057896574292481819e+04
1.143650603496231270e+04
9.988490992817090955e+03
1.070056279278923466e+04
1.066357881512685162e+04
1.005795494781336856e+04
9.004561487314367696e+03
6.908609536848342941e+03
5.318594024801196610e+03
3.850678651984652788e+03
5.491414305927127316e+03
5.460569235258467415e+03
4.469558959341522495e+03
0.000000000000000000e+00
5.655331280055847856e+03
7.771935016177134457e+03
9.959036181823244988e+03
9.502683424375465620e+03
1.089640060844937943e+04
1.032240213042591677e+04
7.485202790606715098e+03
4.490858489494583409e+03
0.000000000000000000e+00
4.498599458732513995e+03
0.000000000000000000e+00
4.615831402203884863e+03
4.670916397662294003e+03
0.000000000000000000e+00
0.000000000000000000e+00
0.000000000000000000e+00
0.000000000000000000e+00
4.983362737680849932e+03
0.000000000000000000e+00
0.000000000000000000e+00
0.000000000000000000e+00
0.000000000000000000e+00
0.000000000000000000e+00
0.000000000000000000e+00
0.000000000000000000e+00
1.365351169985462184e+04
1.138453826187940467e+04
8.752106015286224647e+03
0.000000000000000000e+00
0.000000000000000000e+00
