2.796945614455975115e-01
3.998938424030608063e-01
6.351886206333310358e-01
7.002664602060710841e-01
1.504272599894409979e+00
9.750581042191823755e-01
1.925328773306300922e+00
2.794381238941802792e+00
4.769530184598938405e+00
2.926908003457012075e+00
2.517773553551810206e+00
2.960859113758129713e+00
5.175945885614583020e+00
3.405227518142168730e+00
3.675369604547089608e+00
1.291507197098592563e+01
6.534480550616343919e+00
7.344510481020104287e+00
6.383447107458384728e+00
2.011784858086311800e+01
1.129411990969692781e+01
6.673614629040329760e+00
1.476944606336808974e+01
1.094319529978839256e+01
2.116733011086747851e+01
2.059873985948126673e+01
1.491323934955408070e+01
1.850516925591201556e+01
1.508306335067765502e+01
1.844412938600565965e+01
2.077400573454147903e+01
2.844170543764116488e+01
2.929164172151595480e+01
3.334826000165440973e+01
3.863972807180996227e+01
3.073057113495437065e+01
2.973226405385129567e+01
5.448952535500450978e+01
4.991554159959051873e+01
5.047510882340082361e+01
3.851591823838220563e+01
4.165497249176276995e+01
3.552980025733386782e+01
5.353986601828607661e+01
4.685153231393564965e+01
4.353327085784057715e+01
4.627602110111464384e+01
4.258232196424138749e+01
3.706794727108200505e+01
5.619210955741547053e+01
4.683080517730217451e+01
3.430481117002261016e+01
5.096673231080229272e+01
3.320396590744647369e+01
3.009206326972346801e+01
4.147074870712238948e+01
3.447346570873362737e+01
5.001467125516980161e+01
6.117131319127841493e+01
4.894013203786668953e+01
4.190426430288029991e+01
5.053405601121048818e+01
4.656229894109151246e+01
4.642234605897711930e+01
6.072302715276133256e+01
6.218421362004123409e+01
6.575275541749429919e+01
6.889325438792506873e+01
7.272605634430831856e+01
7.204355670839059655e+01
7.693135562668361160e+01
7.294658320436910515e+01
7.719379140519632188e+01
6.418446884232649552e+01
6.541990399328051353e+01
8.521592323635712773e+01
8.882848987904601756e+01
8.285206016823778441e+01
8.997708806285002936e+01
8.416128391012787802e+01
1.058243027346201615e+02
9.791137300097548746e+01
9.956256510883508781e+01
8.785511521951124791e+01
1.012049929058843674e+02
1.662688968587567047e+02
1.824072701525259254e+04
1.827835005804513276e+04
1.758189594731476973e+04
1.539943276102522395e+04
1.632343271465477483e+04
1.581258985724792365e+04
1.546134539309064530e+04
1.024843266615883476e+04
0.000000000000000000e+00
1.636102738085090823e+04
1.525022503114469691e+04
9.925633907919242120e+03
7.145211506064286368e+03
0.000000000000000000e+00
