3.054735835223591489e-01
4.216307368839034564e-01
6.467218953963389527e-01
7.512617168836829284e-01
1.321192693370136784e+00
1.054892837683194529e+00
1.316497492685749338e+00
1.703833187253363413e+00
2.122807461014050379e+00
1.879774376445042972e+00
2.682477205181986957e+00
3.116398367175514661e+00
2.894052562290035713e+00
5.987176316044272362e+00
3.844012834361726139e+00
3.961751536049987976e+00
4.791987091950249855e+00
5.667138062026468859e+00
6.400986186003441603e+00
6.303710043516046468e+00
8.196684949469245751e+00
1.114241087094876370e+01
1.055166625964090699e+01
1.109241932711335821e+01
1.153719078037002177e+01
8.878730516284759844e+00
7.329358160794941845e+00
7.280931106885375037e+00
8.599150602977450930e+00
1.005922624935263876e+01
8.105354463300587398e+00
1.227203482662882905e+01
2.181074416953569184e+01
1.715781236572234292e+01
1.299772188064795664e+01
1.274556036328386455e+01
1.423941723165667739e+01
1.549341767156553118e+01
1.657005087619745964e+01
2.024150790973535408e+01
2.684532238162579887e+01
4.002050458084641349e+01
2.192294667175776723e+01
3.008888242365045684e+01
2.545765616050996272e+01
1.521416377771641137e+01
1.928626292290334376e+01
1.888335914365764268e+01
1.521485761668115266e+01
2.709384384883849251e+01
2.562726467744960601e+01
2.374466460046762961e+01
2.079659636244024767e+01
1.676455895436742694e+01
1.573755382272745429e+01
2.013396805242255638e+01
1.583420651328559536e+01
2.423386555169726009e+01
3.650863381733029200e+01
2.427576910246152764e+01
2.578427572821078329e+01
2.158388722730876097e+01
1.886277127187658920e+01
1.891701332042750039e+01
2.139791298418569454e+01
2.012685891807608485e+01
3.206580177043915114e+01
3.683243176837760302e+01
4.428994278675615703e+01
5.335675850807675147e+01
4.547696227968118876e+01
4.157131048500665571e+01
4.003557413253512465e+01
3.731662543173278124e+01
4.417966421365132135e+01
4.838356656503538034e+01
5.883086384128491630e+01
5.801407266294491905e+01
5.619864713114755261e+01
4.860196749856812204e+01
5.478111846115471195e+01
4.521484929093941929e+01
4.652233857957790519e+01
4.399811834002471045e+01
4.417628543480627457e+01
5.794954019890332830e+01
7.837102135461593377e+01
8.628751328285403588e+01
1.131216654977940124e+02
7.757146476469269203e+01
1.376845318687101098e+02
1.727997232239187895e+02
1.827433711873842549e+04
1.357461983797212088e+04
1.272999242795034843e+04
2.011797906568119652e+04
1.954980407938735880e+04
1.400322264730811912e+04
0.000000000000000000e+00
7.215984479121199911e+03
