2.345770992010383078e-04
2.416728051093935004e-03
9.641792100491801019e-04
8.635452939193923646e-04
3.952331119711580284e-04
2.534265480853501178e-04
6.823838564579021593e-04
2.056799071614487503e-04
3.024648405896336080e-04
3.230506695906464575e-04
1.222890617358098043e-04
6.166164969970572849e-05
1.049643919508291671e-04
2.940784804810188760e-04
7.915193349845280133e-05
4.795475581385290548e-05
1.215733259623411267e-04
3.491615951126043779e-05
2.020993035229944756e-05
4.618712334832281093e-05
1.435135235245518311e-05
1.449392184550412838e-05
1.405231433427986966e-05
1.860045438505874858e-05
1.365091553025697311e-05
1.006133945929320873e-05
9.948756754802761898e-06
8.229106047291276135e-06
6.521128699557607024e-06
7.276130675298262416e-06
8.706591058621472479e-06
9.131901813125672040e-06
6.939096445830408126e-06
5.770202077854513999e-06
6.352842245914680611e-06
6.568894037812041361e-06
5.430980027957215671e-06
5.694214371669609382e-06
5.294201759085557303e-06
5.481484412467312044e-06
5.247477602535916910e-06
4.819135260930290096e-06
4.809744437147790338e-06
5.604719887537055870e-06
5.564942489415861986e-06
5.431835025443363857e-06
5.069491085091178093e-06
4.848463515065829851e-06
5.010077776257517034e-06
5.030990984199055386e-06
4.634954625861366152e-06
4.900012010253255056e-06
4.919429372626670653e-06
4.742701823343598782e-06
5.116905511766291503e-06
5.332526843476861175e-06
4.981995552028948060e-06
4.861446903179532174e-06
4.750292486477509874e-06
4.587805073204309872e-06
4.733097206681547988e-06
4.749247334654498292e-06
4.729174739544783137e-06
4.656256952188900537e-06
4.759312720283618698e-06
4.933694449744446631e-06
4.858412903411895865e-06
4.885310812005472987e-06
4.803495935590683525e-06
4.699098950246059935e-06
4.706705769105994569e-06
4.802041220549002668e-06
4.825954549745122413e-06
4.910439547184167006e-06
4.987494360041434286e-06
4.878344741385205953e-06
4.982685544762087223e-06
5.161314562976757019e-06
5.010208424464427288e-06
4.918696594191239868e-06
5.081524405576420196e-06
5.063783465846855243e-06
5.133178852135839715e-06
5.222238171392284071e-06
5.392149307860573444e-06
5.662523066955632758e-06
5.743433552671877214e-06
5.941604186252570551e-06
6.120733993585943163e-06
6.235319795941070713e-06
6.262000563560156402e-06
6.335904816998237940e-06
6.766627356672753656e-06
7.113707916947913395e-06
7.489317852086869563e-06
7.796427427209011392e-06
7.885653907492957431e-06
8.002784950897123611e-06
7.792334522723450412e-06
7.777290613030026254e-06
