6.572244997809835064e-04
7.241373571226045365e-03
1.826996963317414338e-03
3.229171327106523590e-03
1.237680856054312406e-03
9.930223017446662345e-04
4.283319394046293700e-03
1.451487290641184950e-03
7.386987715946742019e-04
1.485369670351566846e-03
1.413629545135967631e-03
9.634701447996480914e-04
1.251601416621806904e-03
2.289762908792361551e-03
5.555193259744935783e-04
4.362057407294799797e-04
1.152126253782017598e-03
2.449910930392017357e-04
1.485433337595795753e-04
1.841987010325767430e-04
1.166565738168350740e-04
9.626796292539059293e-05
1.250278530792189944e-04
2.467878729996117221e-04
1.887234472047319477e-04
7.336119163159759841e-05
1.044713640260658250e-04
4.913000784124825910e-05
7.054793060879525229e-05
4.847633491144353658e-05
7.840694047759523707e-05
9.720794536292991239e-05
5.591515349150523434e-05
2.211726261962937345e-05
3.129620896184022883e-05
3.395631198584351629e-05
2.304338265220577190e-05
2.820202332702241414e-05
2.844733766599380945e-05
3.039082176507306815e-05
1.572110540757527423e-05
1.138234912696225480e-05
1.483915010357223778e-05
1.886834531801833033e-05
1.810438763610251246e-05
1.648553073113348197e-05
1.431836851342932333e-05
1.403894252102548885e-05
1.339715732914756069e-05
1.049470461306533608e-05
8.846403649788664455e-06
1.069378223592990246e-05
1.139342344424146534e-05
1.417296473262180948e-05
1.647557486583142472e-05
1.624132642728758047e-05
1.253721973971819218e-05
1.053636787954778689e-05
8.304769971073760587e-06
9.867133951368953958e-06
1.249663252688431464e-05
1.071035870889407092e-05
1.028407481848266760e-05
9.363482865492744691e-06
1.057364088101888485e-05
1.059038586226657909e-05
9.943782874115147258e-06
8.507996328754106576e-06
8.226952962826375942e-06
8.691441098606681549e-06
8.910127014438808370e-06
9.085169787957358617e-06
8.729323395356111985e-06
7.747219006474319642e-06
7.888558693503840749e-06
6.880633521207393237e-06
6.439897547086114932e-06
6.467625917074139541e-06
8.485194427721270464e-06
9.048344244554112252e-06
9.410147769429752198e-06
7.705541933302321016e-06
1.022474538814263486e-05
8.342964513499254682e-06
7.986700773688849823e-06
7.112451523050147419e-06
6.058374785158917568e-06
6.113718798720994672e-06
6.230959350055109938e-06
6.388955679038378215e-06
7.099047226903420063e-06
7.375145153087165317e-06
6.868771821830601724e-06
6.352237131028720397e-06
6.097044996394782984e-06
5.654505242557163860e-06
5.564964154718391794e-06
5.369903850811854212e-06
5.619819277942948745e-06
5.819597667546038360e-06
