1.485149753439911000e-03
1.636535202411004697e-02
5.926994560391807276e-03
7.569874412631620586e-03
4.544287769879207413e-03
3.255989526420394187e-03
1.019018210356796572e-02
3.414590120972988904e-03
1.563831942733860062e-03
5.216361734899213620e-03
4.877952903568154829e-03
2.385238607731511844e-03
1.912570280443774912e-03
6.913007906951321863e-03
2.638929870466489615e-03
2.167145810269279719e-03
3.863103148014751607e-03
5.704528101864494430e-04
3.750397460666429522e-04
1.309629522303385309e-03
2.453744238312246997e-04
2.632162369838696300e-04
4.703999064697125853e-04
6.397133031635942506e-04
4.929128568616416173e-04
2.280030939843964157e-04
5.083594224549003830e-04
1.999304031703612913e-04
3.260739430985132043e-04
1.988369684691384945e-04
2.401217575012262555e-04
3.121859238077643694e-04
1.451318939943973131e-04
9.582694204336115193e-05
1.464220767406419733e-04
8.917555906846213760e-05
8.195904187651036261e-05
7.279012081807785875e-05
5.702954702550006440e-05
4.305192873811045659e-05
5.234120958400908911e-05
4.398834948356625881e-05
5.645523413797466129e-05
1.060689421880451412e-04
5.910086655725455538e-05
5.446883077680558593e-05
5.129574172313388356e-05
4.890786505572625425e-05
4.728956724473833714e-05
3.476932129885003918e-05
2.842366393748119795e-05
3.198770393198725536e-05
3.899462514961512529e-05
3.757133588997967896e-05
3.727921918775001535e-05
4.822524234024814274e-05
4.029807317725127237e-05
3.792170530551169927e-05
2.270821033844672997e-05
1.941751587209937220e-05
2.030649348756346758e-05
1.785637510382447968e-05
2.060626775072036391e-05
2.007125854047791416e-05
2.486127282667548822e-05
2.758134815694253113e-05
2.678906697320452312e-05
2.431850771958437557e-05
2.142094278244393901e-05
2.114560198145597385e-05
2.196195132471682958e-05
2.223504403087561140e-05
1.638358670912949027e-05
1.652118294355377570e-05
1.835298113204025274e-05
1.460715332878752357e-05
1.337943141436166273e-05
1.574349768521663808e-05
2.472517482261861566e-05
2.537158621237275703e-05
3.606994730075079822e-05
2.047637983116383433e-05
2.397352617383655606e-05
1.966773569631809186e-05
2.205051349540966958e-05
1.973858188078950640e-05
1.558137697823685046e-05
1.560077189930119434e-05
1.331314400137380444e-05
1.400412336060460569e-05
1.436448552705617351e-05
1.502203211815199261e-05
1.441590508428039896e-05
1.222553615800272762e-05
1.439935575100580116e-05
1.529287277686375599e-05
1.475073402829025389e-05
1.254539990764519597e-05
1.109916329216639264e-05
1.019865404901959435e-05
