3.338849918753843907e-03
3.596895327315568353e-02
2.269242937953520889e-02
1.523303268565134524e-02
1.309766693999875158e-02
1.147517638028018594e-02
2.319498066017400967e-02
4.610282883911626453e-03
1.709547010340913302e-03
1.066751792977197431e-02
1.261951679901830888e-02
2.729170762834987399e-03
7.802324053399712842e-03
2.212848009582725831e-02
7.352430386948933909e-03
6.843049595314036268e-03
7.519317856625696780e-03
2.099716138337371675e-03
1.085100718836778813e-03
3.417728195876491761e-03
1.711388792009612726e-03
1.011843349722864067e-03
1.504990182504668816e-03
1.495096178756569237e-03
8.767781206773724327e-04
4.986713645487296466e-04
1.417064563440598212e-03
1.138781239108969988e-03
2.193876030650187235e-03
7.269479736688719057e-04
1.137031577899110229e-03
7.679122474629864522e-04
8.298303579790696069e-04
6.143908663288835540e-04
3.253147109429065380e-04
4.521687236610475607e-04
2.059123416858040705e-04
2.437432136289486922e-04
1.293516321902951377e-04
1.748710881308435518e-04
1.651795384353632698e-04
2.496999650188254111e-04
2.437099373824276410e-04
3.087288512244109207e-04
2.602972656140541260e-04
2.260694962755640939e-04
2.293251021327747622e-04
1.590652582363394395e-04
1.234417587353529877e-04
1.146690380614921051e-04
8.388683381731944634e-05
8.118888473313485351e-05
1.122871685267517214e-04
1.180451276040412646e-04
1.146206901377568759e-04
1.564036079711711826e-04
1.568669120108719323e-04
1.756247656883387805e-04
1.086859755184524422e-04
6.582407146552959193e-05
5.233219602120929424e-05
5.896933605115162495e-05
7.373124488698925671e-05
8.270214180013881909e-05
6.735529729460432082e-05
9.934306019620514475e-05
8.562043831622556981e-05
7.276972827489018971e-05
4.831752987412250302e-05
5.260657212840144886e-05
6.205693920164808417e-05
6.057080469294357693e-05
6.653155024913200198e-05
7.466437425891285756e-05
6.632196633995636839e-05
5.505578221938595796e-05
4.397688497744329036e-05
4.788310657167594507e-05
5.705301894490546300e-05
4.022172153292016280e-05
4.520380705455233865e-05
6.129107306737324409e-05
5.668064812684080406e-05
6.804849840103159640e-05
5.750458933000541340e-05
4.723718721796235344e-05
4.461673536611734524e-05
4.424651681788033757e-05
4.347861473992943837e-05
4.753417534482928255e-05
5.415505107239930623e-05
5.571884134935159493e-05
5.592841370003648495e-05
4.671987111410035959e-05
3.994831354642994697e-05
3.439037625316433412e-05
3.210214111134012717e-05
3.406012618060272568e-05
3.099291667200381047e-05
3.058508947363150612e-05
