6.156829275670173268e-04
6.770066372861386662e-03
2.358838904443435764e-03
2.816058292755748219e-03
5.422742285358565046e-04
4.683731539694649545e-04
8.258096509883226495e-04
5.517764002142763486e-04
2.629781932906332027e-04
8.154258102318583514e-05
1.682329090232659871e-04
1.396463531075152573e-04
7.459734693877511421e-04
2.264380326785147906e-04
1.500020651910545586e-04
3.052030493669680719e-04
6.572499912853146519e-05
5.743365318393175788e-05
9.720974812579769107e-05
4.358939100628787301e-05
2.944733506747894498e-05
5.440865841892007115e-05
2.084626488861958713e-05
1.283727715626108735e-05
2.819263237034365098e-05
1.870332254680946574e-05
1.739859556837298140e-05
1.824366248263580112e-05
1.992140223871487827e-05
1.981751392568970420e-05
1.280463595450752347e-05
1.296078858193281922e-05
1.161766062154306919e-05
1.665354144828668962e-05
1.190511456647471396e-05
1.057451712813830568e-05
7.969564079497247868e-06
1.122417858891751528e-05
7.195145049990096162e-06
6.049333688204354385e-06
7.100145702515143397e-06
7.538842704486559907e-06
6.544860023216823646e-06
7.217471669854900581e-06
6.464044163505459789e-06
6.741861608434531558e-06
6.478108940385259910e-06
5.562218637901859304e-06
6.121612691725607759e-06
6.526380328196331753e-06
7.402208878676073171e-06
7.248460467587796810e-06
6.625231138313663698e-06
6.224091444840658317e-06
6.272593550042480808e-06
5.224965080845849974e-06
5.746699840797659208e-06
5.737560798191550800e-06
5.568269942019049909e-06
5.167719821024460929e-06
5.471815574294531802e-06
5.728767166269454530e-06
5.603863810821186211e-06
5.556824672318442485e-06
5.003648795074897106e-06
5.058371746047031854e-06
5.183034284734472042e-06
5.341186569437011912e-06
5.198651554919863493e-06
5.330577711908007864e-06
5.363849372091605081e-06
5.028368106804137643e-06
4.950575270560245331e-06
5.254726110925086942e-06
5.435271669743013818e-06
5.291565865316462127e-06
5.312933192490557127e-06
5.189214293677984949e-06
5.318502529196092522e-06
4.923610366051080618e-06
4.812786806804583573e-06
4.736713758046824870e-06
4.854480835360639419e-06
4.841890766201018634e-06
4.731734588426501894e-06
4.851984750194520520e-06
5.010896430396788062e-06
5.031581133584910437e-06
4.791878256679907125e-06
4.925725099394380028e-06
5.058286701567783400e-06
5.340915872008766743e-06
5.634494119757803490e-06
5.512440587289424275e-06
5.750845348914743730e-06
6.090933075211600912e-06
6.610052038423843760e-06
7.033399135131403829e-06
8.106362678700011258e-06
8.921868229378086628e-06
