1.139854941336626310e-03
1.282545735039822450e-02
3.801270276687365550e-03
6.164973234824956162e-03
8.020635379288754835e-04
3.457670064095871333e-03
2.112654325554489450e-03
6.140140426709026931e-04
6.452650782292236728e-04
4.213741439226712199e-04
5.542480148406085834e-04
5.059497447671304580e-04
3.487436170956630804e-03
8.734730153526048656e-04
5.703966965941671468e-04
7.864401656414879514e-04
1.241900719508992471e-04
1.481976692169333651e-04
3.642753086217511522e-04
2.690624128200973676e-04
1.113005593649402396e-04
2.837489895151372086e-04
1.051288224968126560e-04
3.827737144625373256e-05
1.356681917260934189e-04
5.154463903103417702e-05
3.881350118273566225e-05
8.142603173728957049e-05
1.077372601797192832e-04
8.929074984767479102e-05
3.767721473475609819e-05
2.613924589364718135e-05
3.585931021397950760e-05
3.992232636524963967e-05
3.030167687838678246e-05
2.239484229737808151e-05
1.738515076814251852e-05
2.140582756727431061e-05
1.216502136743406341e-05
1.628931851149473581e-05
2.320373912368466182e-05
1.863176357349540242e-05
1.673231896460279571e-05
1.500093933329838015e-05
1.319780590857377665e-05
1.798357147157789800e-05
1.285907358753557073e-05
1.004072593773796033e-05
1.219763810795980624e-05
1.210096437883474844e-05
1.227676955296774913e-05
1.307249580442057326e-05
1.343693196738963396e-05
1.303811462062236491e-05
1.153876632780333695e-05
9.226444269295120518e-06
9.946471150606775582e-06
9.827987570217143018e-06
9.874499907968213556e-06
9.779758972039361391e-06
1.070279187118069171e-05
9.938795977919941040e-06
9.554813791501998450e-06
9.312442165687812292e-06
8.513667287417292403e-06
8.822091816543764398e-06
8.654602927763951122e-06
8.836752979795048458e-06
9.457780408219361603e-06
9.844390950571787607e-06
8.843498544601426344e-06
7.167032951429801398e-06
6.591867360066375742e-06
8.501303000725543972e-06
8.421486631482378554e-06
8.478096739740568011e-06
8.598155862090564217e-06
1.262999684366556786e-05
1.030568486521362500e-05
7.080915661974875839e-06
6.545212479869707684e-06
7.109018883949357100e-06
7.010648302801855957e-06
6.987969493809081668e-06
6.963876069752811384e-06
6.507710235758954580e-06
8.159004350114108090e-06
7.965935226497060877e-06
6.972403764010653174e-06
5.869556563278687151e-06
5.571199447272901652e-06
5.172927845635467997e-06
5.121111826249558242e-06
5.576133231908068253e-06
5.671003285666988845e-06
5.560610094565543726e-06
5.402797312582550042e-06
5.469938291349500211e-06
5.942582462853062746e-06
6.903107061874892831e-06
