2.871440953426866814e-03
3.565282119929524124e-02
7.716960548279235520e-03
1.417008460931284616e-02
4.220489194088144005e-03
7.258923758575027037e-03
6.891286879797247147e-03
3.350411130592981061e-03
1.667271950514082274e-03
2.054634623273667547e-03
2.607335532241712196e-03
2.087111871349837770e-03
5.574926547059028299e-03
3.429676087293166611e-03
3.496568378223806469e-04
2.529400005125468417e-03
1.755153144051024980e-03
1.037936811215300599e-03
9.071554824013517045e-04
1.114141101480956584e-03
4.289029465782264404e-04
8.598814295310890305e-04
6.957460296207666848e-04
1.725715003344339298e-04
1.385508410776937181e-04
3.489182275858993812e-04
3.791491982356583689e-04
2.343241529851691036e-04
3.377585717755310162e-04
1.699208952490991094e-04
2.178816476095171836e-04
1.099660545280006015e-04
1.459760908917682868e-04
1.135375233428519994e-04
9.568292579059945173e-05
8.114074551046691658e-05
8.131797045875114108e-05
5.494677645778368093e-05
6.687226049065315612e-05
7.387273339429479776e-05
7.954356708379637817e-05
6.463202550570654257e-05
7.515050504694429918e-05
5.708245981681144416e-05
5.853617453972204099e-05
5.749759186488319617e-05
4.504882274493064194e-05
5.417316778709250629e-05
5.083454583485076255e-05
5.898127423318846798e-05
5.994904690074334436e-05
5.335708836050722916e-05
5.126473026413682916e-05
4.301398995354101311e-05
3.666682241716336013e-05
3.970983022450734907e-05
4.549562700683312908e-05
5.017135137404415035e-05
5.241773761559484772e-05
5.556476583507254856e-05
5.573336241220199058e-05
4.983330633340074593e-05
3.955709579033901354e-05
3.383210563731684373e-05
3.671177009550606260e-05
4.149936655682427201e-05
5.091544581074409766e-05
5.457546556774020818e-05
5.096563465912961639e-05
4.310619542178871993e-05
3.458005581441277475e-05
3.399542454249157060e-05
3.585308118165996325e-05
3.393528750074520871e-05
3.402086131984302712e-05
4.199064002118115002e-05
4.501463715937221245e-05
4.476065784175684909e-05
3.700381919379098578e-05
3.166566631438046380e-05
3.217470913394575169e-05
3.554135823916101646e-05
3.892353607744435730e-05
4.083899124675237493e-05
3.866500045542563111e-05
3.574171469428785703e-05
2.982875124993437840e-05
2.548579301192226658e-05
2.461690991515291848e-05
2.678083161505978222e-05
2.857723025672948957e-05
2.597060725903901706e-05
2.208330517146785715e-05
2.013762793678894493e-05
1.916306664341942676e-05
1.848147690175852643e-05
1.813875031173079434e-05
1.832502132179553042e-05
1.686880514061789844e-05
1.492888867279851819e-05
