3.789469566698356381e-03
4.926567484891833382e-02
1.071248335125475626e-02
2.379600261542216821e-02
5.068097108243043575e-03
1.452089864010115867e-02
8.098090559627834153e-03
3.468394226248381219e-03
4.270262962672793407e-03
5.934375301131233210e-03
9.060600839216604446e-03
4.442234009354394629e-03
1.011122808213310055e-02
7.538075931930348847e-03
3.080378999014786196e-03
3.415214953407615626e-03
1.586879817171988087e-03
2.284226694428965164e-03
2.061730565957532908e-03
1.790820428846639665e-03
5.187521500182771346e-04
8.720876855184601538e-04
5.430251234656771750e-04
4.278478498968946403e-04
7.011143465787555724e-04
8.151145986810508356e-04
7.497431429300789943e-04
8.869490056520383482e-04
7.078361686491182071e-04
2.899680343163256457e-04
7.273174607386206523e-04
4.388518329535440058e-04
2.778802970615913519e-04
2.631692844121035152e-04
2.568956912963857894e-04
2.024402361627758516e-04
1.641594417905188662e-04
9.657111565732110316e-05
1.029829111671680403e-04
1.112874859653006411e-04
1.850915672042629894e-04
1.810783635242888131e-04
1.474314023011310257e-04
1.491898816760070892e-04
1.202596156390632896e-04
1.417051550369118019e-04
1.076851262430047752e-04
7.981210518858157369e-05
8.951186790572435723e-05
8.409024104620720801e-05
8.518419531564701383e-05
1.194783950973530651e-04
9.378667868570114414e-05
1.166939055130662923e-04
6.515466740898738984e-05
6.225486166374735622e-05
4.356563988135940649e-05
5.195419770917993074e-05
6.420867242711647625e-05
7.087312579999452346e-05
8.722614899135699333e-05
8.058379881176921098e-05
6.457143340663264728e-05
5.754895881808605625e-05
5.810154709750430159e-05
5.743254285448802743e-05
5.153982614960769088e-05
4.462239418610543587e-05
4.009376838713110751e-05
3.333077101550410134e-05
3.082317208439667219e-05
3.021607895631390591e-05
3.734882955591977479e-05
4.478312927353630789e-05
4.595000275053132821e-05
5.276190221542089462e-05
4.085203025861148136e-05
4.454961277964452791e-05
3.908477123267088015e-05
4.107554025591049945e-05
4.849483006190357065e-05
3.663289503115000175e-05
4.104585032212201796e-05
4.029065014511476218e-05
4.399761654625489936e-05
3.785573427516225495e-05
2.936496739884533524e-05
2.560438885357546585e-05
2.379653128257422958e-05
2.414429829975513081e-05
2.347044367376222644e-05
2.204846569713103798e-05
2.476411621514931565e-05
2.460755683180401075e-05
2.114961397452633780e-05
1.852996692170373044e-05
1.327937773850461543e-05
9.552967177413694810e-06
6.506805857093687425e-06
4.865487382907442080e-06
