9.247331177748871305e-04
1.726966866192534283e-03
1.037276619865151565e-03
1.820706397720746154e-03
9.663345268157904353e-04
3.563996679459537835e-04
6.921895447408097073e-04
4.285860165744079220e-04
9.083961802886244240e-04
2.246554336413423268e-04
1.182982547677050451e-04
1.539767561792853439e-04
5.552246856692042440e-04
2.679445849169246230e-04
9.969130187441620260e-05
8.453305748725135373e-05
8.045758041229186970e-05
1.065716446455311630e-04
6.177297534366290796e-05
6.982647562295889675e-05
9.158271625371232447e-05
2.315515952442970485e-05
1.936329352862751165e-05
4.478703528159041705e-05
3.138176281869446493e-05
2.094468239737693895e-05
2.013852275220388922e-05
2.358205476202400230e-05
1.491913424435382021e-05
1.594382886816518056e-05
1.383163972485968291e-05
1.751646564729283573e-05
1.229695665627626791e-05
1.363206628183989275e-05
9.131885060606486802e-06
1.053396040800040723e-05
9.228378240713639097e-06
7.478884508652364241e-06
9.192148655316424025e-06
9.508595403937082136e-06
8.559591392038388670e-06
6.703962477187837858e-06
6.478587047422617164e-06
8.063196487277556399e-06
6.149975232610329940e-06
6.296520267933411375e-06
6.619644077060228934e-06
7.150571458437157304e-06
8.304421474250767735e-06
7.800010472942449244e-06
7.137300269167269806e-06
6.619951245780015064e-06
5.709284341192989223e-06
6.114393166721175972e-06
6.249390445204219436e-06
6.028253342206665767e-06
6.113921955674911771e-06
6.550603556565023699e-06
6.345893605583975090e-06
6.077747905963483760e-06
5.544547391791828938e-06
5.228944877551399899e-06
5.522669628502401519e-06
5.837780188716432280e-06
6.132820205856934223e-06
6.054749466269599045e-06
5.891466611027510308e-06
5.339220208497858956e-06
5.130959143982658383e-06
5.267793759477109632e-06
5.417393774378828363e-06
5.387500160316479705e-06
5.673430526925761010e-06
6.142411441017845444e-06
6.048065178639170484e-06
5.353489558890885637e-06
5.395639973273203391e-06
5.266752333528231670e-06
5.227735244180281107e-06
5.369485724930760772e-06
5.575464575786376234e-06
5.761475669558594046e-06
5.783272132206940620e-06
5.331942580197877505e-06
5.442717413759326028e-06
5.453875523125920589e-06
5.373310727255765332e-06
5.392689660103029938e-06
5.486647761690646151e-06
5.656032940718422206e-06
5.574146250871506671e-06
5.917645082742538464e-06
6.631146178024427090e-06
7.952268162547583501e-06
9.064802739877894484e-06
9.985584657797488597e-06
9.978729415480847411e-06
9.984021774982814061e-06
9.986133368194615039e-06
9.984687906738094613e-06
