1.919637708444827621e-03
5.929990571177715802e-03
1.825452467782006467e-03
5.375478996345779692e-03
3.682925964238165529e-03
2.377938408967180447e-03
2.499761585956213755e-03
5.176381678453097603e-04
1.289275879934240589e-03
4.120763121824443814e-04
6.840145212298727809e-04
3.980991664100145774e-04
2.076684070563912434e-03
1.213019331881869285e-03
2.295217715663544543e-04
2.733461572758116723e-04
4.288133211789822295e-04
8.226837708107684550e-04
4.435521510376282573e-04
2.140976875347958398e-04
2.526662018697343852e-04
7.480917270020942035e-05
1.035879705964191775e-04
1.327015869675013393e-04
1.014120835720180099e-04
1.115397086088708984e-04
1.216624347431130928e-04
7.092995406710877484e-05
3.887784533116891538e-05
7.897840462673713354e-05
5.039806495609670898e-05
4.592407577215413145e-05
4.636680255162357645e-05
4.873835634170237482e-05
2.533180883108550102e-05
3.266373760205465242e-05
2.847526558876184349e-05
1.679716663266223996e-05
1.993516398086795502e-05
1.778253625063010653e-05
1.586009775199081508e-05
1.435028287404598964e-05
1.483336337510587569e-05
1.706022149385524205e-05
1.139827910848450011e-05
1.264758160264837048e-05
1.429577336358348927e-05
1.460421015986081500e-05
1.602772129232555418e-05
1.636308492679486740e-05
1.535474403982586041e-05
1.420930076956208195e-05
1.087768814411150875e-05
1.153081972141756994e-05
1.223505699086073457e-05
1.124614251160661486e-05
1.117191802779203847e-05
1.251323971457628709e-05
1.222375545464775844e-05
1.237092230954707310e-05
9.635670142552806976e-06
8.325011148701888042e-06
9.058399425800471005e-06
1.038484990835136479e-05
1.125819253275915801e-05
1.149402811155496963e-05
9.921507067481873777e-06
9.283970298929718616e-06
9.966223616444621659e-06
1.035801997117621366e-05
1.002527863035204315e-05
8.070535350849348494e-06
1.043832017536226381e-05
1.034122467137148113e-05
1.052195268715553157e-05
8.883685659377046478e-06
8.623268711036449297e-06
7.639382054254307652e-06
8.222929308911304628e-06
7.903350165926706524e-06
8.339610276266901947e-06
8.107689646006323341e-06
8.536881062151841320e-06
7.925752505159201083e-06
6.663954796097562088e-06
6.369484236635719989e-06
6.806465436788790487e-06
6.816051291454650304e-06
7.218835922656657949e-06
7.228706314826455723e-06
6.477343996369411127e-06
5.805008510360643826e-06
5.353808893116201336e-06
5.346302375292852108e-06
6.167303461030548214e-06
7.920220595700948834e-06
9.525713407028934805e-06
9.994317938945717183e-06
9.994421941931030078e-06
9.997602721959209570e-06
