3.364861460501542695e-02
2.194192584015430478e-02
1.729962858090081101e-02
6.433163302717636971e-03
3.922293811357029612e-03
5.659376215204572728e-03
8.795096004261687000e-03
6.950185938902888813e-03
3.846152379708085971e-03
2.192169782974989854e-03
1.957449773401202884e-03
9.641211407612952731e-04
4.794038626919404984e-04
5.907926151571075762e-04
7.623273813135522745e-04
1.485948437647859532e-04
4.484562920698226089e-04
3.556733076262297007e-04
3.414692385121985505e-04
3.893655410513280042e-04
2.576626722322565414e-04
1.856843234130840803e-04
1.065790904915574412e-04
1.194749160711706633e-04
5.664750539736602850e-05
6.067805525241051372e-05
5.717230251823318882e-05
1.076566951892416228e-04
7.760268629441374798e-05
5.622985396206023144e-05
9.341146020098175064e-05
8.276223282245488298e-05
5.329285562667650900e-05
5.214993120443775628e-05
2.975714465663114572e-05
6.197292151497528468e-05
5.824628066202951692e-05
4.085887631697409159e-05
5.350530782755345610e-05
3.441633240679322974e-05
3.438454245857082111e-05
4.219932426219749025e-05
6.134976318431359561e-05
3.099150732777150352e-05
2.998121778711414491e-05
3.265925639904990034e-05
2.227266795646244910e-05
2.192670682743788125e-05
2.142909772069401193e-05
2.418447777895839230e-05
2.963197194236111924e-05
3.030588666489335774e-05
4.902375557410121852e-05
2.437225760042413219e-05
4.831655977368012986e-05
3.701463431771716874e-05
3.780124090223924382e-05
2.367752976783076989e-05
1.520455634358444575e-05
2.516133759777695525e-05
2.263949580942887753e-05
1.986488232646831161e-05
1.578050900077404621e-05
2.550639538764577004e-05
2.636996896363823944e-05
2.346548006022020668e-05
2.271023711893412490e-05
1.748449815617932591e-05
1.653921031663091050e-05
1.519593008942133266e-05
1.331098630808990662e-05
1.307418399888609629e-05
1.213003505683178044e-05
1.318286881336123401e-05
1.424170020309895076e-05
1.215413917204659574e-05
1.238276984255176481e-05
1.203858266411037605e-05
1.356680591778275377e-05
1.412998790806912974e-05
1.395955307148597992e-05
1.228840770025966084e-05
1.150510609126505814e-05
1.106727788771969747e-05
9.825482161280282538e-06
8.577853304023602235e-06
9.288213581077277669e-06
1.006399869924793094e-05
9.765646253902677195e-06
8.141634074541885776e-06
6.832817836296863813e-06
5.848209014907626354e-06
5.393103367345629375e-06
5.389805071608543112e-06
5.348217204845499008e-06
5.205398150370695100e-06
5.042010774182219317e-06
4.836309687165232262e-06
4.941805517145648436e-06
5.085612282681505281e-06
