7.433553472570311738e-03
5.079630677556398050e-03
2.339628159262667137e-03
2.706321823921621172e-04
1.101015480270939881e-03
8.993181764529262429e-04
6.211108336217715685e-04
1.058738018306449387e-04
1.839751607827063080e-04
1.445478215160619884e-04
8.469843975050592849e-05
3.363813898788788867e-05
4.425702925232308439e-05
5.427216841733368641e-05
2.578117739680728881e-05
2.933801600725795402e-05
2.049401274895747236e-05
2.040016103849703243e-05
1.235893145367999044e-05
1.030221469041775405e-05
8.765021493925296967e-06
8.978856847635969672e-06
8.171330365012317496e-06
7.748679144130103173e-06
8.590631258864525933e-06
7.249356016720887830e-06
6.577115768755011833e-06
7.216309439114368811e-06
7.428376515543190728e-06
6.924962412601686678e-06
6.247662443398424548e-06
6.167281431340933616e-06
6.014466575475858193e-06
6.091897182446371339e-06
5.836762831222030332e-06
5.895023229623054330e-06
5.881358790893662047e-06
5.554370034048387667e-06
5.479788899679395914e-06
5.628414445652796397e-06
5.373988522233771988e-06
5.252663468340609477e-06
5.281537923948447130e-06
5.432170607429363597e-06
5.317147963680995761e-06
5.235911468974949973e-06
5.272439569319308108e-06
5.436012234238158812e-06
5.330385951130323005e-06
5.414595879934050110e-06
5.253123002687234202e-06
5.379591501147398665e-06
5.409447525990202437e-06
5.413487702041687143e-06
5.353077100564350084e-06
5.627895924953293205e-06
5.622562025070540014e-06
5.720851843976505798e-06
5.634431551409918628e-06
5.609243532174542528e-06
5.547416287149666411e-06
5.612996557053771755e-06
5.638671945256799307e-06
5.859041948834131212e-06
5.838614629985872565e-06
5.719581302791058878e-06
5.707442672658248339e-06
5.587980190939324004e-06
5.452057567783078347e-06
5.732963370275649827e-06
6.034989302248356175e-06
5.806249763110037821e-06
5.922468244119052224e-06
5.989504983779521002e-06
5.979662103307753291e-06
5.901317029164509450e-06
5.985589055797133944e-06
6.133225401294962411e-06
6.266995306522970008e-06
6.518230743015420173e-06
6.095224101498907245e-06
6.287931728456468040e-06
6.259022946618353254e-06
6.345494859433680600e-06
6.613267504556854418e-06
6.625486557393365246e-06
6.525042070052369221e-06
6.615275263251479585e-06
6.904594152678137855e-06
5.589195112896064982e-06
5.231649151337059942e-06
5.163516917604572357e-06
6.645715178916493420e-06
7.059227302117253331e-06
7.022335807662914730e-06
7.058794363988323189e-06
6.882545254973493068e-06
6.395954235501764052e-06
6.364321198283946852e-06
6.401699863870467890e-06
