1.004114203305727510e-02
9.446571436965313720e-03
3.870091864497454941e-03
1.324796925529237498e-03
7.615594940986242971e-04
1.096830066821688401e-03
3.561456442503707566e-04
1.566326010401274723e-04
7.398583957672997136e-04
1.827793417497299347e-04
2.691394714533174113e-04
1.047728682345717548e-04
6.039720106800072768e-05
9.705067590326014689e-05
4.670599437827713507e-05
4.114804036263298797e-05
2.095718926973130940e-05
2.173300493368138985e-05
1.377382178838086497e-05
1.743624251947205125e-05
1.096577625718640131e-05
1.292691551203411447e-05
1.189283230208069720e-05
1.084476564875081067e-05
1.095283574675022836e-05
1.128257644796860757e-05
8.986983516692509169e-06
8.541557471534228001e-06
9.144625548532906125e-06
8.837737244770078415e-06
7.868815839945833744e-06
7.944733515762756620e-06
8.978350948237592559e-06
8.905519277375119610e-06
1.001770162283830002e-05
9.441716400749407259e-06
8.000062343981004072e-06
8.034504106441726172e-06
7.920248573187866730e-06
7.074505810887093680e-06
8.169212371426551973e-06
6.956493140672764718e-06
6.020701653578193770e-06
6.247380144448756859e-06
6.580747200108006504e-06
6.101594526604205540e-06
5.873417250093379517e-06
6.405969811463904723e-06
8.102053746696088747e-06
1.104592296747215265e-05
9.552446005410091985e-06
6.923993439313345153e-06
5.771192175264962070e-06
6.043524556880198904e-06
5.974435163191909394e-06
5.760699523693094693e-06
5.650641179036470839e-06
5.277416671824670945e-06
5.775139800743802017e-06
5.361708026715882547e-06
5.323137288919979916e-06
5.062063058099446567e-06
5.279695858683039367e-06
5.266258498600020239e-06
5.006786334175867596e-06
5.142778041424955144e-06
5.188258086823794331e-06
5.432070991017251901e-06
5.191018179258733754e-06
5.008417466039453759e-06
5.174535438204080075e-06
4.946798548411816446e-06
5.391983256945932128e-06
5.272020325124477867e-06
5.245543469948299160e-06
5.334084978857940854e-06
5.203183511399904173e-06
5.326170144349371491e-06
5.275642291012410869e-06
5.507777835877218003e-06
5.545084552154699915e-06
5.656965230775716670e-06
5.986849656126858147e-06
6.273636664709509071e-06
6.326099773474941755e-06
6.578720736913434454e-06
6.687138477493752047e-06
6.892982661124161905e-06
6.658469048351304612e-06
5.239839650067862422e-06
5.291290474309619785e-06
5.225717409926995976e-06
6.692502907547902776e-06
7.046791740108449993e-06
6.827042272488433981e-06
6.844930333444574685e-06
6.821265722601515558e-06
6.495462517917845096e-06
6.280879115518801774e-06
6.377923436461382501e-06
