2.293147979746202811e-02
1.747226365491483940e-02
1.228153649752083965e-02
2.961850676385726321e-03
5.314640861957837387e-03
2.918303991112812176e-03
3.979356821333615568e-03
2.580200481770324097e-03
1.345994349466833606e-03
4.983830140636568437e-04
5.712731700351180017e-04
5.736353296944188664e-04
4.269684483294888312e-04
2.325919895395806296e-04
9.570826788453342976e-05
3.478651700438619571e-04
2.563614289139043738e-04
3.258291622368302801e-04
1.277720741662502989e-04
1.298939851034714094e-04
4.557751743275707633e-05
4.657783207782903353e-05
3.809522548896356780e-05
3.423202303513672555e-05
4.348492657310939590e-05
2.765508343105458816e-05
4.158385259145828776e-05
6.992333949898697559e-05
4.075768385849477137e-05
3.414323242413060252e-05
1.946339756261603702e-05
2.986336978197921900e-05
2.109988706915905986e-05
2.549682357392590214e-05
1.963839402392641254e-05
2.476379277035649563e-05
2.391100908836214152e-05
2.057635089335227476e-05
1.937720825171398029e-05
1.772005939700629511e-05
1.601471623704466541e-05
1.709872249183364457e-05
1.178688110266158612e-05
1.847275785228850490e-05
1.833353423842455133e-05
1.658924276551588747e-05
1.663190053004771842e-05
1.844620051167561841e-05
1.628368964259737926e-05
1.635140558954923024e-05
1.235546815814435095e-05
1.332277425970121756e-05
1.324084851533585814e-05
1.340723966916407785e-05
1.157024391849818672e-05
1.350599672196166638e-05
1.158977931503524251e-05
1.053188387874231858e-05
1.196466344041785864e-05
1.167044235756497978e-05
1.188813599114692417e-05
1.117641048856499658e-05
9.404060875846322227e-06
8.691947333697575063e-06
8.508528603850590947e-06
8.087012621011495690e-06
8.166346019129050787e-06
8.330456447102564037e-06
7.775889577458817574e-06
8.356730216300108316e-06
7.657110708139849601e-06
7.427480438685967106e-06
7.679626954829986695e-06
7.660871577712435513e-06
7.856633055044194401e-06
7.386994799062207838e-06
7.139003873192033098e-06
6.534704206419530013e-06
6.421018170736012835e-06
6.381285340656600431e-06
6.290402180048841422e-06
6.340143606952048593e-06
5.722352406286191242e-06
5.257784495706518713e-06
4.965151906321464402e-06
4.962613938992605814e-06
4.993109336895932670e-06
5.089727941679299437e-06
5.171120366810949240e-06
4.828873681019152447e-06
5.159357478596241964e-06
4.981256584672492611e-06
6.116801019504214173e-06
6.533126439628811058e-06
6.463234344128739983e-06
6.541630352054804050e-06
6.074268429593222226e-06
5.853785350381249718e-06
5.426134783951679728e-06
5.512385817751139980e-06
