3.820178228036282680e-02
3.153207082244098569e-02
1.727389002377811497e-02
3.201611618762663543e-03
1.083830159916420420e-02
6.866492923401888888e-03
6.705318899947094319e-03
1.944584506609701958e-03
6.287112631376341916e-04
1.358497838064500352e-03
6.713929404048788992e-04
9.769131420755924368e-04
8.728733704507527858e-04
7.933244539789529367e-04
2.045367230939935986e-04
2.799634410382721358e-04
1.413743705087050072e-04
5.284635662870159354e-04
2.830987936935863507e-04
1.941864466005901145e-04
1.250042351760870306e-04
1.237485086762193595e-04
1.074411366382642646e-04
6.427037745202458471e-05
7.635944455766581788e-05
3.564589375435943625e-05
3.817467049216580064e-05
7.001192595204774785e-05
8.007365325382171360e-05
9.012343387004934851e-05
4.241432634382372022e-05
9.519398605573730092e-05
7.111161558578750811e-05
5.302248172405795687e-05
3.898575142324057938e-05
5.043811285450583133e-05
5.769866993312122781e-05
3.285701434737798877e-05
3.564793127704399186e-05
4.632623485125647383e-05
3.516704392982505261e-05
3.956446350914515780e-05
6.716405626935299680e-05
3.736620734306716872e-05
3.019894848193115669e-05
2.677519901530398596e-05
2.450616272572859856e-05
3.199265690629887607e-05
3.958744954663776812e-05
3.241136694288177227e-05
3.485665399880130813e-05
4.062254480697277453e-05
3.736858499524344136e-05
3.093990109782856601e-05
2.019439249860713272e-05
1.456239435675336378e-05
1.337632220716536278e-05
1.667810706999247841e-05
2.178725844487277872e-05
1.671774061786221040e-05
1.765369192148816868e-05
1.550435025944709981e-05
1.745164155244376467e-05
1.857349686635696042e-05
1.837481123439523882e-05
1.657872458250502201e-05
1.636902303734944845e-05
1.590834269431260162e-05
1.520634618797607708e-05
1.539172593373543837e-05
1.235471803230822495e-05
1.128443204390481520e-05
1.245272767343856160e-05
1.412618760710817966e-05
1.317063368194058206e-05
1.291506704621755567e-05
1.203971928696469597e-05
1.118260187678377474e-05
1.093354336328974824e-05
1.054864494815269219e-05
1.090563042937747047e-05
1.137114656083191318e-05
1.070327007693041482e-05
1.001504936367001519e-05
8.523261926678069722e-06
7.130957295125338627e-06
6.077048222084102133e-06
5.326694776544051666e-06
5.655056257588134260e-06
5.453728464495387960e-06
5.433798662290204482e-06
5.093696574039894084e-06
4.965992710432892702e-06
4.927010580068475260e-06
5.257627975297680210e-06
5.673590455995587260e-06
5.419337397525292526e-06
4.931945649270937942e-06
4.875168141940420743e-06
4.772924832798173491e-06
