4.032465862348278557e-03
2.740257460982750085e-03
2.005514584180155546e-03
6.546248114271991129e-04
2.157263120229972438e-04
1.153110780329919764e-03
5.969730399961935231e-04
1.617174030451077563e-04
1.023425737944473439e-04
4.532667169305128337e-05
6.013102502047393743e-05
1.058112408371526776e-04
3.537849155099576792e-05
2.884281521476058109e-05
2.237304608890451708e-05
2.518451000073158901e-05
2.688236543720045986e-05
1.577927752320862988e-05
1.547823511926429155e-05
9.857143130263721590e-06
1.231005641521241899e-05
1.165013492982287772e-05
1.026634913395597970e-05
8.257677267085169543e-06
6.779032907003540451e-06
7.281670360658377683e-06
8.121310330039532358e-06
7.515210521992091579e-06
6.851081720023440903e-06
6.206130487036439271e-06
6.028799196997619134e-06
5.849404588179642534e-06
6.259656385989293870e-06
6.362205608651724787e-06
7.685474249824507395e-06
7.978709520821494229e-06
6.095477581941822087e-06
5.995980812441571108e-06
6.150947854466478834e-06
5.499325220097637933e-06
5.288376476108945225e-06
5.637855940074615659e-06
5.747208800344676717e-06
5.271325864533193316e-06
5.379998681675436705e-06
5.314466760535385195e-06
5.623435596261181101e-06
6.549292746060214585e-06
6.115385760666913027e-06
5.251145209817554923e-06
5.186623217630257173e-06
5.154946958512702964e-06
5.125550476937332616e-06
5.091473223185589407e-06
5.270961859939264503e-06
5.497336891066495437e-06
5.227320887025237320e-06
4.974449986900278312e-06
5.123487000516185701e-06
5.370531127763801393e-06
5.360864005627603528e-06
5.376362205632202423e-06
5.607824669722411035e-06
5.346713502101320436e-06
5.171341290352903152e-06
5.178435984973340307e-06
5.230717740067012307e-06
5.218522803811357524e-06
5.245161814982885128e-06
5.290343563225852585e-06
5.334307787516225380e-06
5.491410292092213211e-06
5.955753445482374471e-06
5.911503219625222962e-06
5.898834845432255571e-06
6.020546535037927732e-06
5.893932995546693655e-06
5.972881063681294478e-06
6.063281565171001527e-06
6.259189378530620766e-06
6.449068787243633963e-06
6.545381687187355431e-06
6.516271245136527695e-06
6.594369510852228287e-06
5.407045029385987661e-06
5.340660686665764793e-06
5.342764591426537731e-06
6.432040652363198488e-06
6.736968540022065055e-06
6.765417800741420473e-06
6.709631321274401938e-06
6.665893245053034375e-06
6.338252564077591002e-06
6.280290609212680612e-06
6.380624719261878806e-06
6.665270404346379040e-06
6.837883547421035439e-06
6.925144934969027432e-06
6.908892612377364110e-06
6.885464731975969618e-06
