8.414100705886318893e-03
3.861114882833477022e-03
4.034788615316233819e-03
2.222616633741813976e-03
2.788626845986898802e-03
4.257590132077130815e-03
1.215209828651262923e-03
1.223082403299690204e-03
4.052315636022555605e-04
1.370610250022977932e-04
1.761932665445229427e-04
1.906552761302580327e-04
8.583733617179768629e-05
5.592670165004867650e-05
7.268449160632527964e-05
7.155682783246809331e-05
8.901383491151700761e-05
4.027692409764008268e-05
3.609977108772220505e-05
1.762069227428907567e-05
2.557097223084281716e-05
1.516218783520613255e-05
2.314831078415476487e-05
2.329260998151370777e-05
1.511966056715854429e-05
1.376886828146431724e-05
2.081754072578192023e-05
1.490559208986266034e-05
1.142307739650478220e-05
1.081301725862656826e-05
1.154844917353405916e-05
1.405584447201844470e-05
1.010837351548546531e-05
1.031799853658299829e-05
1.407834944388127622e-05
1.128826189084889602e-05
1.233628215857543503e-05
1.473773648120891732e-05
9.117513062934435423e-06
8.596923177040911182e-06
8.160939110794220304e-06
7.569880482584952768e-06
7.017148501841505827e-06
6.529755756866953207e-06
7.663080247420151611e-06
1.167380208271977098e-05
9.417857744574351968e-06
9.915754868532364625e-06
9.507082475528712943e-06
8.724284108644227007e-06
8.362192602519376265e-06
6.096329836940865348e-06
6.312288643688448997e-06
5.936414735957579444e-06
6.739869798072098143e-06
6.550068805530247285e-06
6.009427144097306942e-06
7.115568308916106710e-06
7.279676053927773190e-06
6.214390927333280330e-06
5.704173260787051517e-06
5.749054973101251539e-06
5.885439112628423921e-06
6.481648655499143717e-06
6.324020720983168635e-06
5.268208885483603040e-06
5.265509525911574697e-06
5.446997448689718347e-06
5.400113362541126316e-06
5.400594009993855294e-06
5.428545786386004410e-06
5.336780529043960455e-06
5.344566327799040031e-06
5.509978924376400231e-06
5.270567101905124979e-06
5.399405933332505911e-06
5.258552073495757409e-06
5.344789461751756823e-06
5.255042058039817721e-06
5.197621549192511251e-06
5.489241648713609363e-06
5.764297832207901475e-06
5.855078495398292345e-06
5.914280870925904973e-06
5.233037325622339138e-06
5.293987996075689722e-06
6.271591941608222707e-06
6.648151332386808816e-06
6.729278933438230088e-06
6.914821283654087812e-06
6.564723742222093685e-06
5.992279994909136826e-06
5.859314156227383516e-06
5.775638675795102230e-06
6.084194249012773167e-06
6.276599307726474214e-06
6.648652137009675542e-06
6.778696166960703776e-06
6.926923661716164534e-06
7.286649603038536908e-06
