1.249799710379309939e-02
7.254198601396625104e-03
7.000512346180552507e-03
3.635732151782163253e-03
6.421949229661362557e-03
8.013922332513634395e-03
4.200194613424122238e-03
1.079107788616415382e-03
1.825554945961029409e-03
4.124993810934145656e-04
4.067928732534803818e-04
4.728498290191125394e-04
3.074148239392026131e-04
1.169317942370850719e-04
1.422028500644178010e-04
2.096596426280874419e-04
3.537477329142292657e-04
2.024440420214200097e-04
5.998874790381216002e-05
8.420785909640627980e-05
5.171359482256095510e-05
1.008370338665719515e-04
5.384204931008526151e-05
6.202329103710665838e-05
4.486675377886236707e-05
4.354177873280347676e-05
6.007450779908986738e-05
6.698805042133452331e-05
4.400551721138729457e-05
3.457576185259033909e-05
3.049808426645979887e-05
3.111045232828901313e-05
2.437005152295668639e-05
2.768695393672338813e-05
3.520482726232425315e-05
3.321297317169950912e-05
3.220343847920881670e-05
3.437053341955836585e-05
2.882844188884538917e-05
1.745419823867516601e-05
2.300280033024857404e-05
1.780203060568011657e-05
1.747191429681885019e-05
1.880310912422088933e-05
1.579178111379920665e-05
2.128288373187688275e-05
2.334734534314064888e-05
2.358244618566084904e-05
2.682214992344370398e-05
1.810624329704947118e-05
1.871452479210274623e-05
1.232771593609542412e-05
1.038127020888971193e-05
1.293242118246345749e-05
1.642228354673426206e-05
1.572586018004328216e-05
1.946801868071861407e-05
1.657347981830312013e-05
1.752425498700321572e-05
1.346754585896108628e-05
9.937737659635924463e-06
9.411907080802390816e-06
8.422705515734671958e-06
8.987626637533396230e-06
1.186197620943497650e-05
1.039159796207783193e-05
8.253284520702932310e-06
8.161623029842996331e-06
8.784156377022348273e-06
8.713898406053055659e-06
8.986218292726495400e-06
9.034485962689248675e-06
7.349696118684214384e-06
6.435755562169785869e-06
5.528974321269720113e-06
5.406791488391935791e-06
6.152562792290731242e-06
7.310378852648870724e-06
6.714525830328016619e-06
6.441944767250319808e-06
5.641341697435167886e-06
5.113322599689252045e-06
5.175516355384224280e-06
5.371010598119119536e-06
4.962676775679802459e-06
5.258051098640357711e-06
5.153091548128709296e-06
5.843957468298958327e-06
6.149913191172237663e-06
6.277010107744241821e-06
6.418574104103213426e-06
5.925818011361271713e-06
5.448341917145606983e-06
5.368764408833479377e-06
5.556950526008696284e-06
5.590586325785066285e-06
5.901176904728638498e-06
6.255628503834148341e-06
6.453199711430838027e-06
6.421490904878446317e-06
