1.962697327494127703e-02
4.866038878557042702e-03
1.183025205570185402e-02
9.377512385658169636e-03
9.713423472202182413e-03
1.414415633189513612e-02
7.788981911623258161e-03
3.659778709071469325e-03
6.177418762787464978e-04
1.484661030690663736e-03
1.156342513407830229e-03
9.643128396625364872e-04
1.571488260390370298e-03
2.276541605374808640e-04
3.444183633092067019e-04
3.323226121093588803e-04
1.324930685546602059e-04
3.115884740001811861e-04
1.935186807514320854e-04
1.493970863280210185e-04
1.833382075319626287e-04
9.763127110145668707e-05
7.760866744279702810e-05
7.604527001144031136e-05
1.790802237916337431e-04
6.796119884205533812e-05
7.070763183131456217e-05
7.545663326892723699e-05
5.239381611505059141e-05
9.926482744028873486e-05
5.641333617444458818e-05
5.675585423239044560e-05
1.233335973945671842e-04
9.790003756659877905e-05
7.410876552276719526e-05
3.610823141313884189e-05
4.663305964444441161e-05
3.800342747641310851e-05
3.375057042852259385e-05
5.427723180853471108e-05
3.557017166416030361e-05
2.229069347451738861e-05
2.748243640660314146e-05
5.715597163848493172e-05
5.182106167701124678e-05
4.814707517367518503e-05
6.809006238747540118e-05
5.788110151481098563e-05
2.915697538306250580e-05
3.434177450658452648e-05
2.678603684144608988e-05
2.113275863766807364e-05
2.397521508184660645e-05
3.227614775936953268e-05
3.928995649963733022e-05
2.851514955745759519e-05
3.346100822065111938e-05
2.655358188216534369e-05
2.383905272106108471e-05
2.035717189248090951e-05
2.003150566972128720e-05
1.930792525498995171e-05
1.817523408868579774e-05
1.664128388969683762e-05
1.496218115668583359e-05
1.381598764994988893e-05
1.780244539737515369e-05
1.678664074483306445e-05
1.319913033490626056e-05
1.507828587675244491e-05
1.375425953438134242e-05
1.557851931904008445e-05
1.392274676143245037e-05
1.089177251417465024e-05
9.638006144536609068e-06
9.248165763530675701e-06
9.705561311697550935e-06
9.123861225573424641e-06
7.434787530001149244e-06
6.538832419844207187e-06
6.993969997281206238e-06
7.949495253966776630e-06
5.893479816445833288e-06
5.521388403501488134e-06
5.133933307577368891e-06
5.265520467115811900e-06
4.909306947541196933e-06
5.043545541417677875e-06
5.336566206534844862e-06
5.624310366856763026e-06
5.635158956757743434e-06
5.063666880665089884e-06
4.980339986840562021e-06
4.896709559542680993e-06
4.805764099252936857e-06
5.065577014569534884e-06
5.236714421931308373e-06
5.211690893711332665e-06
5.153685566428305429e-06
5.211702801578541189e-06
