8.670891523688441585e-03
1.324210405526637154e-03
8.465419465898200079e-04
2.306599256098423010e-04
2.801786974153841914e-04
9.193911944739421383e-04
7.651062525756869171e-04
1.534919894165199714e-04
1.442053658286812374e-04
2.297176615783615616e-05
2.920548630029753219e-05
3.213663139139216437e-05
4.921996858858808957e-05
3.116678323207485872e-05
1.654578403313190340e-05
1.979554461529198770e-05
1.053461350644141045e-05
8.651461333534522165e-06
8.274630471445828633e-06
8.212467056792030511e-06
7.656554099585515899e-06
7.279367635921483481e-06
7.617711900502300174e-06
6.704085022304656564e-06
6.473387480746730736e-06
6.379773002435438882e-06
6.467772088522817226e-06
6.008534161526451183e-06
5.798018625682523395e-06
6.135198110659977009e-06
6.152623022309428808e-06
6.406339135914287525e-06
6.286301845072035154e-06
5.625613416673688016e-06
5.268696614553754409e-06
5.286467366406760160e-06
5.238676966211651519e-06
5.161462051887751653e-06
5.057293093755218904e-06
5.322238780243054528e-06
5.169390991704045359e-06
5.264953858816248916e-06
5.102953329236004234e-06
5.285878642419352353e-06
5.729392832055785573e-06
5.269235395251575619e-06
5.337834451349002654e-06
5.717023284475856159e-06
5.543798789057953067e-06
5.613398439980014011e-06
5.754659244683300742e-06
5.953929186671717949e-06
5.860512502799460906e-06
5.732972732860854594e-06
5.621132710469853966e-06
5.904108131042241423e-06
5.914525433522934543e-06
6.079240327103390140e-06
5.992670644129235258e-06
6.037161789610073542e-06
6.150940061832382880e-06
6.132552070168907201e-06
6.099762368644510223e-06
5.773033036282647716e-06
5.733929161500992533e-06
5.717139970982021846e-06
5.786362704266252534e-06
6.083098520936283083e-06
6.516930428673364162e-06
6.425844538651860407e-06
6.277815183116826144e-06
6.469710573867006192e-06
6.506062814096675526e-06
6.406637166162788857e-06
6.360985812474051677e-06
6.312801043623898648e-06
6.472302487222530037e-06
6.688030629969523440e-06
6.783112256379112360e-06
6.408013745587338242e-06
5.203839246755759543e-06
5.135079711313102300e-06
6.780049524916009342e-06
6.973769547168056215e-06
6.983642544408704934e-06
6.953869650869972557e-06
6.587035858057793108e-06
6.239843832264037672e-06
6.314093324462801183e-06
6.685838931366429297e-06
6.884008954034400281e-06
6.976668400785125198e-06
7.039770325311137813e-06
6.998765163460524785e-06
7.095895090625325338e-06
8.000856688935446598e-06
9.987822869688565955e-06
9.999999999999999124e-06
9.999999999999999124e-06
9.999999999999999124e-06
