3.496073166225953290e-03
7.285929871404292490e-03
2.576505415708244071e-03
8.842545309218500030e-03
6.031390009074729872e-03
7.160191351832707711e-03
4.378027229993902876e-03
2.073619343509872093e-03
4.013770439561948310e-03
3.598970429950069851e-03
1.168557815505942695e-03
1.926046928309545388e-03
3.457028507092117873e-03
1.536529317012969281e-03
1.504431573499961797e-03
9.199951926602910985e-04
1.155737463311026910e-03
1.608169061109103242e-03
1.233041464881524159e-03
5.318008007147330407e-04
9.916361758068074298e-04
4.561605868497424629e-04
1.883940301938364032e-04
4.026409018542569172e-04
3.821844016245802035e-04
2.349822813427574484e-04
2.830368697068287088e-04
3.013185535796150541e-04
1.789628698862849240e-04
3.418636591010284511e-04
1.293528388589565859e-04
1.504086043308301029e-04
1.492102226659776593e-04
1.260588355053072920e-04
8.706344228391441097e-05
9.948401387972474676e-05
5.527461413751319616e-05
5.050693241342888389e-05
6.996864106883665159e-05
8.076547923532713901e-05
6.072410058813033066e-05
6.143115237176101666e-05
5.970915665561939199e-05
5.732092186358820566e-05
3.731772819568153124e-05
4.268651032990212736e-05
4.030925011295208782e-05
4.106096058031483126e-05
3.430179107053250078e-05
3.689564253716466749e-05
4.714050614247885992e-05
5.074264095804188057e-05
2.945899620420995969e-05
3.202110377288786296e-05
3.214628693995330442e-05
3.038735836006397676e-05
2.868239526663864464e-05
3.006432837759987742e-05
2.946108129820144858e-05
3.292287104406237287e-05
2.584585889458469702e-05
2.421215929805326861e-05
2.515121165334591183e-05
2.623346667787194566e-05
3.146118587285023558e-05
3.333919241452641051e-05
3.033576315160266563e-05
2.898330701784811579e-05
1.787899262837005111e-05
2.090975976613555667e-05
2.290992095982161871e-05
2.387072164337427236e-05
2.424252211772595219e-05
3.236404680346618333e-05
3.525748123828510694e-05
2.871385504344397416e-05
2.265502880048689678e-05
2.092445140735010981e-05
2.576733116306040980e-05
2.368432454887094138e-05
2.428038498967682098e-05
2.783376559657640289e-05
2.344174733852531453e-05
1.979216012556965346e-05
1.632167640868375540e-05
1.497399840400514133e-05
1.621590635054970955e-05
1.504594421678534322e-05
1.283482839100395871e-05
1.344769821864613040e-05
1.284227273660554221e-05
1.234284336401228450e-05
9.388561518247047903e-06
7.121205883145606612e-06
5.276832781280867059e-06
5.130362114647857850e-06
5.819035004847975723e-06
8.904642333343557815e-06
9.998571601144566582e-06
9.999725667261734227e-06
