2.560167697437892506e-02
3.269657801319765349e-03
2.521312827220151698e-03
1.415065300236302689e-03
1.893327405524960604e-03
3.574924339673225468e-03
1.973336571666942096e-03
6.847203640627684204e-04
5.441259552801040560e-04
1.130728467141748386e-04
1.422296691230825268e-04
1.895536736660674755e-04
9.151214006887047048e-05
6.125307061060689790e-05
7.638172465831473152e-05
1.056880199573962585e-04
4.308033487885536643e-05
3.664463436557761531e-05
5.181644367961370554e-05
2.351560107161780293e-05
2.060411535907364372e-05
3.992051218260012156e-05
2.421448932295708795e-05
1.981689858945979047e-05
1.843546559801834998e-05
1.553837698339629813e-05
1.541970263445641858e-05
1.274473937971296113e-05
1.400467200525073522e-05
1.309899822871267256e-05
1.600099787094413838e-05
2.206459390610029819e-05
2.116332823121278559e-05
1.164991126080687577e-05
1.255997384811381500e-05
1.169461880338705122e-05
1.204199561131802226e-05
1.224558057172206599e-05
1.248009563956540562e-05
1.180763682351248764e-05
1.013018741998737297e-05
1.275311187613556107e-05
1.207101821026621982e-05
1.204303443705884086e-05
1.273164795764947903e-05
1.040723332859503032e-05
9.993889236888729480e-06
9.086858054012285230e-06
7.853990467449403428e-06
6.979915209996729378e-06
7.169345158026045234e-06
6.773813812115959627e-06
6.769522622966417423e-06
6.467980093661614310e-06
6.482380632108628606e-06
6.291045656754739404e-06
6.000307423201314635e-06
5.903403082443419258e-06
6.102437178610562719e-06
6.633437230828629929e-06
6.690050978956763057e-06
6.543254736519817997e-06
6.196187249199853061e-06
6.127012436294082811e-06
6.440907389123311103e-06
6.564553505537544908e-06
6.001332125575919722e-06
5.671922413770409236e-06
5.879139130547475962e-06
5.412840506165164070e-06
5.185836392782162348e-06
5.154098525078731678e-06
5.124865984856640956e-06
5.223964315917928463e-06
5.080390947112261485e-06
5.135707903677436825e-06
5.240796100604982812e-06
5.435542022781251584e-06
5.706179944889639322e-06
5.867978739335523764e-06
5.239261975913966115e-06
5.224359320072499389e-06
6.451560827919769867e-06
6.963268783531338522e-06
6.834435666146428009e-06
6.719703657716576576e-06
6.219202205974042946e-06
5.684175033515170623e-06
5.702525616625215131e-06
6.080310327425621268e-06
6.382734727092288661e-06
6.549920050429826293e-06
6.558808652861951142e-06
6.687104105716161129e-06
6.988171111387827786e-06
7.773383033528634691e-06
9.949769867074015510e-06
1.000000000000000082e-05
1.000000000000000082e-05
1.000000000000000082e-05
