4.027168248272196965e-02
4.761481263097047320e-03
4.100368079613863313e-03
4.257987852935784905e-03
2.527466698822989407e-03
5.962274762771806701e-03
6.185126988562486203e-03
3.363024695722487047e-03
8.334920253866391019e-04
1.321306450268362753e-04
1.545799948515978425e-04
3.304331860620048729e-04
2.989511270268051355e-04
3.532015719445220523e-04
1.834335626848112243e-04
1.756352940274216268e-04
9.018568924822768361e-05
1.180754471200440569e-04
6.387183367928375482e-05
3.916695770600026944e-05
5.682902957893430738e-05
5.011396839828332901e-05
6.497537542360543202e-05
5.813720164624258674e-05
5.641097540939918971e-05
4.371274826316293545e-05
2.650349363833771248e-05
1.990097426256627174e-05
2.881816499687940415e-05
2.172422522935664346e-05
4.726882725021084008e-05
3.862395713750626874e-05
3.366381993346256266e-05
3.496053203340701262e-05
2.427672336109858907e-05
2.955573599069979924e-05
2.879121616628591357e-05
2.004535583499116074e-05
1.668129564471183520e-05
1.887182607092898615e-05
1.843248420441095074e-05
1.933342664719915019e-05
2.847171517909970740e-05
3.408529060961329476e-05
2.078765444648763281e-05
2.179816123931125035e-05
1.704706110624159578e-05
1.287126004554600223e-05
1.318280852707335679e-05
1.327700311132584855e-05
1.793464169679861130e-05
1.461852246301170827e-05
1.511568190678992702e-05
1.407016266803839778e-05
1.179325694541806096e-05
9.233188417046224894e-06
9.264170286985040195e-06
9.002637625011836021e-06
9.331249968540239001e-06
9.576365491539727472e-06
1.121394759250541457e-05
1.207658957113067102e-05
1.223663931069354587e-05
1.195796528365221374e-05
1.077677969598570116e-05
9.605957841337111358e-06
8.531411097491612929e-06
6.977693714582210619e-06
6.257359295409232798e-06
6.045991908176852098e-06
5.907384806375596979e-06
6.127974280340898053e-06
6.623731654235455305e-06
6.167162241964601695e-06
5.946702029782083957e-06
5.693335598783334314e-06
5.451094447841759394e-06
5.089138512015608333e-06
5.125840080151905014e-06
4.989536855159499490e-06
5.131191492541395663e-06
5.098369968854443296e-06
6.138189868963498323e-06
6.292362362052908792e-06
6.590423459387138218e-06
6.623747501375145854e-06
5.518011925179345143e-06
5.329517935182730326e-06
5.115626331736405045e-06
5.162631115785358600e-06
5.355715209740454003e-06
5.838729916065976447e-06
6.251559550031391477e-06
6.374798345076457184e-06
6.717130762747862351e-06
8.727630318863755239e-06
9.999999999999999124e-06
9.999999999999999124e-06
9.999999999999999124e-06
9.999999999999999124e-06
