1.342471597446328047e-01
4.018056492768407734e-02
1.446902361481538883e-02
5.025719888634144240e-03
1.580327278629995585e-02
1.441007528668442235e-02
5.335690981970455174e-03
7.771924767419576170e-03
5.658867855622366078e-03
1.766828826785903648e-03
2.052183722554608118e-03
1.558100207175658119e-03
8.746549364770169095e-04
1.754134429371062434e-03
8.493967122885061555e-04
1.681030474192534655e-03
2.965712978513783036e-04
4.645800960160906138e-04
3.033902759488458665e-04
3.041730239025323816e-04
3.740624487058618382e-04
2.980075966731145980e-04
2.531206446394532162e-04
2.314265899869251896e-04
1.426667874670118784e-04
2.355080793765665403e-04
2.305176353549011662e-04
2.398903665248346346e-04
2.736032274734252171e-04
2.394545772112346483e-04
1.365728003397933057e-04
1.681750100122323711e-04
1.724115812230332440e-04
1.285434603042646810e-04
1.231068917097993939e-04
1.431678924545943090e-04
1.215124890529392296e-04
7.318487198370637393e-05
1.086286469516172822e-04
1.189103126537640015e-04
9.075291753742379362e-05
8.730538698983112257e-05
1.277778260053049058e-04
7.312245654135767891e-05
1.414128480785937006e-04
6.653051517316870705e-05
4.429073549494527982e-05
3.718896715923311619e-05
7.187806972688993024e-05
6.378992161881401563e-05
4.182552943195694750e-05
5.820840927649524501e-05
3.815603693967917188e-05
4.449887538738834332e-05
6.179542423936001862e-05
4.963629974853378470e-05
2.860512028519341123e-05
2.911334082249014457e-05
2.859033797362445142e-05
2.715531888177862493e-05
3.203748721481070359e-05
4.174377001783544046e-05
3.851094572821025125e-05
2.547999287397366509e-05
2.201685725394824143e-05
2.220413806428728367e-05
2.304479343607850503e-05
2.144083235340631040e-05
1.939289986535268007e-05
1.798694576498231098e-05
1.792600981501097385e-05
1.901685257993744103e-05
1.737409516744595539e-05
1.603469081079393022e-05
1.206935577193431353e-05
1.156252869173957818e-05
1.038360092199012164e-05
9.169688933758885659e-06
8.878858369660522107e-06
8.232986996547346379e-06
7.235206731556371634e-06
6.953720468079956671e-06
6.368335642322344306e-06
6.112191950941134417e-06
6.115552789909957435e-06
6.325437830831958134e-06
6.010261492181782104e-06
6.817580064950789672e-06
7.928191584958780024e-06
7.380096963450406346e-06
6.660465683962470132e-06
6.059513590250465658e-06
5.978914788760104826e-06
6.007018107699151134e-06
6.232032932732387285e-06
5.934066174164513256e-06
9.845804017317279371e-06
1.003544433185620003e-05
9.990102535196576712e-06
1.000000000000000082e-05
