9.152488822378471167e-03
1.177517873835730224e-03
7.070630339094399969e-04
8.108758925963673340e-04
1.716523545213623832e-04
1.909862284526399204e-04
1.205202858087972475e-04
9.679122418363406111e-05
5.296862401224229459e-05
6.785352996475277592e-05
9.012749572629006787e-05
4.074094923298561657e-05
2.787246779386811212e-05
2.211461528745351676e-05
1.788172956341275833e-05
1.723485779183831426e-05
9.514675655335393738e-06
1.285863435010284621e-05
1.429528063659209108e-05
9.176277752633392923e-06
1.004717527544342970e-05
6.814809551371086809e-06
7.650285444881040870e-06
6.929351421700025251e-06
6.092147706579060228e-06
6.148746574975813148e-06
7.035393325241672734e-06
6.147769565979379578e-06
5.860793445739528911e-06
6.361647319899716300e-06
6.277689619303517933e-06
5.933115726297808817e-06
6.141392137914543948e-06
5.387373109805796043e-06
5.384461614134555161e-06
5.237713110781751450e-06
5.369139279007249595e-06
5.732488014231550536e-06
5.617810897706246603e-06
5.227915556416178260e-06
5.294626503144826743e-06
5.887905273946771029e-06
5.468782347777220990e-06
5.552015630724038368e-06
5.162654630763192451e-06
5.277864421982458596e-06
5.209144435051289709e-06
5.270085667863686828e-06
5.136920410596971909e-06
5.297498732823324232e-06
5.103057405198136114e-06
5.065718134831839269e-06
5.360108371892814779e-06
5.461441260243389079e-06
5.408095694889025232e-06
5.215292270595512421e-06
5.050099808818284949e-06
5.244378163536036980e-06
5.238817005276249940e-06
5.032648163330759811e-06
5.060181290792367936e-06
5.073342009865031988e-06
5.286321337546365371e-06
5.408107212345143324e-06
5.684252908837169039e-06
5.928464620041065910e-06
5.876324860108710684e-06
5.621192137271110921e-06
5.481310152804402541e-06
5.565783864720957229e-06
5.707578717504946810e-06
6.200556372910889178e-06
6.642909350755853869e-06
6.636051342944792168e-06
6.455685736380953713e-06
5.106706913586011001e-06
5.185742444606231199e-06
6.265983345242792526e-06
7.135995920583517157e-06
7.228595729758249271e-06
7.052484644422562307e-06
6.608635082704034009e-06
6.228263953110639596e-06
6.219352779593470277e-06
6.420662572049865215e-06
6.705086805647471846e-06
6.758578985413409118e-06
6.791651076569935969e-06
6.852100453596284787e-06
7.534287235736868244e-06
9.771382512202785020e-06
9.954584095779401559e-06
9.973932397021735728e-06
1.000000000000000082e-05
1.000000000000000082e-05
1.000000000000000082e-05
1.000000000000000082e-05
1.000000000000000082e-05
1.000000000000000082e-05
1.000000000000000082e-05
