1.929445564950405673e-02
1.255257414387678325e-03
8.948656650483202387e-04
1.465646607850623270e-03
1.133478749063018039e-03
6.777850454862134047e-04
4.337077293242609503e-04
3.101173824982383226e-04
3.411037547578472484e-04
1.902608876244558814e-04
2.096060136711466650e-04
9.675554343713412388e-05
7.572660323550927362e-05
6.468024795952931718e-05
6.739386423711351095e-05
3.092655418666595351e-05
2.901482435135028406e-05
1.988836557522912938e-05
2.163328808225528028e-05
1.549879896533463318e-05
1.682911005947054089e-05
1.355832667405703522e-05
1.305787774661161741e-05
1.475747908173556043e-05
1.163740673457636000e-05
1.211566743356511478e-05
1.605903166797476435e-05
1.285724872165493639e-05
1.037360650076430615e-05
9.833552736805885607e-06
1.128043900993286362e-05
9.613221107869973289e-06
1.067858790923958306e-05
1.006446596470067808e-05
8.302121875305159225e-06
8.725342908055871489e-06
7.569321693230403463e-06
6.960705856910514017e-06
6.355173340737204123e-06
7.968083902633178560e-06
9.974448191262545233e-06
9.353481562408163291e-06
9.712496538224900494e-06
9.206630080110442859e-06
8.904296559883583621e-06
9.010700781739571730e-06
6.273683210282285208e-06
6.295764479852455160e-06
5.993425292013371185e-06
6.646137388066556760e-06
6.757519442243660148e-06
7.225980847833429193e-06
7.842207324871477422e-06
6.775807582658215929e-06
6.161151479454722274e-06
6.346439926619249813e-06
6.104324581961623228e-06
5.875077671879171792e-06
5.721160924497126690e-06
5.491603765849318314e-06
5.487452757186251555e-06
5.449790665182540916e-06
5.351277881845374067e-06
5.429831890099089663e-06
5.055499365360804112e-06
5.077411747084819576e-06
5.098704223317266099e-06
5.091265200752918097e-06
5.183917889485630696e-06
5.360234922901549883e-06
5.259199847813868594e-06
5.232085129409135555e-06
5.498550697559912019e-06
5.739397482328004642e-06
5.981509635289995008e-06
5.108716584841472935e-06
5.342734599827394003e-06
6.415888310509065958e-06
6.831365020712519979e-06
6.788213444058550022e-06
6.745929876861360963e-06
6.105547360946277350e-06
5.758661587829348716e-06
5.953357368119626438e-06
6.165249337495308866e-06
6.636050160217219401e-06
6.822447512549282738e-06
6.738950978591856678e-06
6.714978113951083948e-06
7.306315728679520451e-06
9.744007621086874047e-06
9.984260245253366142e-06
9.999999999999999124e-06
9.999999999999999124e-06
9.999999999999999124e-06
9.999999999999999124e-06
9.999999999999999124e-06
9.999999999999999124e-06
9.999999999999999124e-06
9.999999999999999124e-06
