5.122410205021522139e-02
7.184080896404532873e-03
5.461692719381331176e-03
3.990589005125709868e-03
3.007061407417972732e-03
3.678183579841529625e-03
9.305733953373821572e-04
1.589651346605273213e-03
1.001510526635921664e-03
1.207925621459016510e-03
1.187010683371070513e-03
5.283521980829606777e-04
4.240057043345877002e-04
2.673659426016232596e-04
3.945336506621675626e-04
7.307765327056306220e-04
1.669441888040549974e-04
1.572277117566838009e-04
1.482097264377270872e-04
2.079379080342830981e-04
2.321497165358280023e-04
7.928465833132403390e-05
1.306887450631789383e-04
1.372292164757509772e-04
1.572260443383666662e-04
9.508137692154614603e-05
1.479084619422476449e-04
1.642906057561804194e-04
6.338311873113097836e-05
6.215500355364247790e-05
5.877020571625389490e-05
3.750079373847206766e-05
5.154328853446887095e-05
6.278400222841862212e-05
5.664040817507551929e-05
2.563209021042628843e-05
5.051146096234698579e-05
5.053155882887331397e-05
2.722057062425016616e-05
4.287835972203995490e-05
3.147802374490924301e-05
3.391045418378076651e-05
2.968069001825422197e-05
2.784551262696418808e-05
2.087189192987775807e-05
1.888779526435033495e-05
3.897774504890017525e-05
2.727280815408155375e-05
2.326174305979772632e-05
3.128983129739743311e-05
4.826354387573617038e-05
3.490121310517793038e-05
1.824737139951139540e-05
1.477914954604856255e-05
1.400324522603220205e-05
1.000505167115245731e-05
9.156377064079268660e-06
1.146586262115237321e-05
1.535006233232284316e-05
1.359294449358521109e-05
1.047582363662243995e-05
1.011924523240747812e-05
1.006059604494104801e-05
1.015175259129501016e-05
8.013557969604076075e-06
7.112902031354825882e-06
7.603328734255947050e-06
7.794593007987729805e-06
6.446847284059766481e-06
6.056001959445072752e-06
5.809321802930380679e-06
6.182109592711027120e-06
5.224319942523872752e-06
5.186686443498189931e-06
5.389187151052280230e-06
5.058409368934374565e-06
4.922705097724728657e-06
5.582961319835358854e-06
5.939039787827025000e-06
6.188985311802000577e-06
6.056986873751263076e-06
5.281849348392890146e-06
5.233096092946160088e-06
5.174595227562067477e-06
5.453594086060047553e-06
5.925139091077682935e-06
5.924618395829074066e-06
6.050181538005067643e-06
6.057587930306948094e-06
6.862947316200126019e-06
1.000000000000000082e-05
1.000000000000000082e-05
1.000000000000000082e-05
1.000000000000000082e-05
1.000000000000000082e-05
1.000000000000000082e-05
1.000000000000000082e-05
1.000000000000000082e-05
1.000000000000000082e-05
1.000000000000000082e-05
