9.142882022352730176e-02
2.108504488449701453e-02
1.243595924903610414e-02
1.059391270947549098e-02
1.377130472615028731e-02
8.337753298425268703e-03
2.861431602834758458e-03
6.419806802556811930e-03
2.613696169923710073e-03
5.331735191972506241e-03
1.947083614342800433e-03
9.678305082405189337e-04
7.629621549335684205e-04
9.286238459012451573e-04
5.054012674169615620e-04
8.292310653061746827e-04
4.038475457493302060e-04
4.506550982497402671e-04
2.158659844089154476e-04
4.096114422316509220e-04
5.175327471598828097e-04
3.023147509463091839e-04
3.106312244655671877e-04
2.598003329343261851e-04
1.587132424902649519e-04
1.144816864253933364e-04
1.792362367125609191e-04
2.354238394148227382e-04
1.794175317915153850e-04
1.587901708844323260e-04
2.604833191937253717e-04
3.124282759832635974e-04
2.138373017597961661e-04
1.894389335418699717e-04
1.095168064320258390e-04
6.671478091901735679e-05
8.040237426756162464e-05
8.835539371362199728e-05
4.903088809223821415e-05
5.409004223694797384e-05
7.493352417604794006e-05
1.200723590075731661e-04
9.116056648207369385e-05
6.137553085435153979e-05
4.312898795870568735e-05
4.971945320468360962e-05
4.341383930008051807e-05
5.841350214255421302e-05
4.053524125527140684e-05
5.149101521858852061e-05
3.558793201063822502e-05
3.278758176643652123e-05
2.653437417964225092e-05
3.048932302697767669e-05
3.213488366471124979e-05
2.854047540646221116e-05
2.144360239726380681e-05
3.547094164787599078e-05
3.855957702781318707e-05
2.769108632395734409e-05
3.016358543845044644e-05
3.185929658203006092e-05
2.278697297020546700e-05
1.817092479369600909e-05
1.534913351059612817e-05
1.281094619492751981e-05
1.180842913777580215e-05
1.302353074999018190e-05
1.136339739143287860e-05
1.035870598263164805e-05
9.974354512986535791e-06
9.301585707122955247e-06
8.469983745343896242e-06
8.094006420758189274e-06
6.875114419120799962e-06
6.287651148929344420e-06
6.013404274216121237e-06
5.431714121268223886e-06
5.498025273396428582e-06
5.752081457173598898e-06
5.977484440115906546e-06
5.724589043580209482e-06
5.919430786294031499e-06
6.072644601379379706e-06
5.471417000272801867e-06
5.225458287472409095e-06
5.354876233292720019e-06
5.450354254568026029e-06
5.640666798746806182e-06
5.819407931611343278e-06
9.972606082772155940e-06
9.985519503600731502e-06
1.000000000000000082e-05
1.000000000000000082e-05
1.000000000000000082e-05
1.000000000000000082e-05
1.000000000000000082e-05
1.000000000000000082e-05
1.000000000000000082e-05
1.000000000000000082e-05
