6.240493018766227022e-03
1.607466635339786093e-03
9.665766174594213984e-04
1.833283609689753332e-03
1.212986983540368388e-03
5.248520932747160984e-04
4.837893374447132166e-04
1.481265362931262518e-04
2.715850270550714834e-05
2.996097496876808756e-05
4.917765170727038431e-05
1.874320550403431164e-05
3.585758851628812399e-05
1.762686498429562613e-05
1.493183493023351872e-05
1.370646243364801532e-05
1.362165086247818674e-05
8.242960003767996693e-06
8.579297750779368414e-06
8.980264457074737470e-06
6.977128021645795260e-06
7.366005841723197347e-06
7.981234511411761627e-06
6.702440452866924855e-06
6.978006700531176155e-06
6.950858513416072303e-06
6.724817470312234584e-06
5.576012262769248502e-06
6.807354367775931723e-06
6.584076959006353753e-06
5.671707375720842419e-06
5.606639339958859409e-06
5.376150799258875518e-06
5.860231761740857091e-06
5.602109870338773077e-06
5.335009161774067246e-06
5.156776017815060042e-06
5.102811219728043260e-06
5.396454023896563729e-06
6.303097533910994204e-06
5.986730242629584355e-06
5.593950257032029293e-06
5.380340559283907052e-06
5.056221367492947848e-06
5.217634318517908981e-06
5.068071969019050705e-06
5.149239993120714363e-06
5.240150789821472383e-06
5.393239345373564596e-06
5.513958877160096711e-06
5.751502447494003161e-06
5.520331149119078141e-06
5.543241561329021501e-06
5.506941191107144350e-06
5.169590281619785255e-06
5.271834486265245005e-06
5.486263641598854014e-06
5.385440773815673802e-06
5.305977944443113570e-06
5.388607912542399525e-06
5.489928428465531790e-06
5.590908367119226326e-06
5.970568772919692988e-06
6.253114038266634747e-06
6.062011419348381014e-06
5.861215739698129974e-06
6.038716492294955922e-06
6.282311760206357836e-06
6.308528712770113677e-06
6.389249950450321564e-06
6.406546838437358112e-06
5.435244822622777830e-06
5.372588767323387481e-06
5.675871052700487532e-06
6.742771132397614997e-06
6.700434835823258944e-06
6.518790922213015291e-06
6.253150022950805370e-06
5.920612169715327902e-06
5.965702367836177499e-06
6.358584584163025438e-06
6.776349511529473049e-06
6.754191332720747918e-06
6.940059711728868376e-06
7.424120139254833347e-06
8.251406852470263557e-06
9.910334482815766574e-06
9.996412714960231993e-06
9.999999999999999124e-06
9.999999999999999124e-06
9.999999999999999124e-06
9.999999999999999124e-06
9.999999999999999124e-06
9.999999999999999124e-06
9.999999999999999124e-06
9.999999999999999124e-06
9.999999999999999124e-06
9.999999999999999124e-06
9.999999999999999124e-06
9.999999999999999124e-06
