1.076248528437115208e-02
2.487145040146989099e-03
2.375576410672022767e-03
4.651685490461341700e-03
3.884383230379657125e-03
1.671729209484935095e-03
1.287377696100608284e-03
5.036590922334213639e-04
7.888805351351957818e-05
1.204855541394301118e-04
2.217389421800018473e-04
4.130179033493682834e-05
9.439318042161191132e-05
4.605734084221854723e-05
8.723144015145547689e-05
4.232570462710599036e-05
2.412264506264015474e-05
1.980380319844460673e-05
3.038678627912337380e-05
2.756288122867381818e-05
1.481120020262993020e-05
1.590078396848313208e-05
1.765849148982625728e-05
1.357238718456025803e-05
1.670054941197150381e-05
1.589240299036223758e-05
9.971765106036067745e-06
9.652836996362884253e-06
1.310489435895864199e-05
1.381249474797330692e-05
8.710711220402022936e-06
9.950418650679508623e-06
9.920540750295859232e-06
9.040405549513089777e-06
7.798287045745837774e-06
8.967198628316394745e-06
7.929108607609582947e-06
7.876680276988720736e-06
1.097579733948902917e-05
9.306073397091578335e-06
8.499437831250673478e-06
9.774216222636822375e-06
8.956753079541321917e-06
7.006059923573626940e-06
5.950905214691678341e-06
5.431902834662793479e-06
5.500520421865157297e-06
5.804312200508692260e-06
5.616535981651251769e-06
6.188365502287257163e-06
5.976922538723064298e-06
5.841418407367460737e-06
5.875585773223917473e-06
5.785981439003257125e-06
5.877070209524652903e-06
5.692069763033595658e-06
5.248477712818860906e-06
5.412924763764022474e-06
5.802794235229534176e-06
5.463074991503952272e-06
5.337336681314171394e-06
5.424229358557944487e-06
5.121810146657820176e-06
5.338376322059732632e-06
5.234631842837053974e-06
5.175198387546064556e-06
5.135908024804128738e-06
5.437440327040660214e-06
5.710502796399221219e-06
5.739437291291612600e-06
6.115543641748841030e-06
5.312288968454311786e-06
5.446484219237318199e-06
5.620603157949270182e-06
6.933645786093025240e-06
6.807569334773423862e-06
6.791775008778014059e-06
6.370857335372423646e-06
5.776820590939416977e-06
5.883251722128590675e-06
6.194297774502039714e-06
6.557683789814095517e-06
6.812597588872771674e-06
7.101334804664431839e-06
7.066342758932518792e-06
7.827202634267756666e-06
9.956114491867762813e-06
9.988650885373891565e-06
9.984627346526108225e-06
9.984627346526108225e-06
1.000000000000000082e-05
1.000000000000000082e-05
1.000000000000000082e-05
1.000000000000000082e-05
1.000000000000000082e-05
1.000000000000000082e-05
1.000000000000000082e-05
1.000000000000000082e-05
1.000000000000000082e-05
1.000000000000000082e-05
