1.625965736643299187e-02
5.390698687155084760e-03
3.589949358001191023e-03
6.726460353381067542e-03
6.642128813460782856e-03
4.437376669013708835e-03
3.505646164543136344e-03
1.252164120610875292e-03
1.779600192073398036e-04
2.328725318368829802e-04
1.986406881668780649e-04
7.515008644715100259e-05
1.828003776855730272e-04
2.318247833446469017e-04
1.596713107540547144e-04
1.102101992093336300e-04
4.105103065627062353e-05
6.593595494835227157e-05
7.861803193400479603e-05
6.757539949579632335e-05
4.095368815112443472e-05
5.894739336355898723e-05
7.276504371566537728e-05
4.222186995378956293e-05
2.390742444972599032e-05
2.964274347006297467e-05
2.927499773833407162e-05
2.077470718576808655e-05
2.005635831224831313e-05
1.770481728482914012e-05
1.804322143138087072e-05
2.150148120478544337e-05
1.907432485871637115e-05
1.060681375570007681e-05
1.271799178312272362e-05
1.234793491822857248e-05
1.229526544133762663e-05
9.709722618094142698e-06
1.529172064725805081e-05
1.098315089465546723e-05
1.144989495969968509e-05
1.206774419890622627e-05
1.228197456734791885e-05
7.811579233205133847e-06
8.942301158150809228e-06
1.071888346620963296e-05
1.108480866204626708e-05
1.163212107024259486e-05
1.269441875434375902e-05
1.248035385159554925e-05
7.450156228567745305e-06
6.344620481499597253e-06
5.996858890111866665e-06
5.835629493873323816e-06
6.409846944184385579e-06
5.886229652501088660e-06
5.482004852437774167e-06
5.840935644904982254e-06
6.015891592269997962e-06
6.148996524453195245e-06
5.669911582515415738e-06
5.168091342074359171e-06
4.938987945416133159e-06
4.952173645331581000e-06
5.046268011465170563e-06
5.273563232698267948e-06
5.166108911423675083e-06
5.224408041095317632e-06
5.223302073635042447e-06
5.520646707643763937e-06
5.680443642405008366e-06
5.109810155724764873e-06
5.313595405659849249e-06
6.448655651910365536e-06
6.671562531192542794e-06
6.713669696594090234e-06
6.515840149809650203e-06
6.208532673703932849e-06
5.840195715590040847e-06
5.796699551980165859e-06
5.954595170366958998e-06
6.404003891321016001e-06
6.659223086573551221e-06
6.617724938879136145e-06
7.061029717590541992e-06
9.018995611611585556e-06
9.991120829193753707e-06
1.000098220852517513e-05
9.999999999999999124e-06
9.999999999999999124e-06
9.999999999999999124e-06
9.999999999999999124e-06
9.999999999999999124e-06
9.999999999999999124e-06
9.999999999999999124e-06
9.999999999999999124e-06
9.999999999999999124e-06
9.999999999999999124e-06
9.999999999999999124e-06
9.999999999999999124e-06
