5.351301508215510622e-03
1.231273404585266941e-02
6.464396755111150548e-03
1.167071451455680385e-02
1.291782381383065059e-02
1.093398701643223843e-02
4.994952077790920826e-03
3.393663168301387038e-03
9.413083492270702540e-03
6.029856888091014028e-03
2.374877431783242038e-03
2.781291419302769560e-03
1.486776791586363715e-02
6.363486783304192138e-03
5.372099934238867662e-03
2.609878902489770353e-03
1.268754591425713283e-03
2.402233076108300797e-03
2.081818608460570159e-03
1.081160559881847328e-03
1.357996477427448907e-03
5.480653998944988404e-04
8.229073688772375666e-04
9.391882130840511437e-04
5.263166709011508036e-04
5.963008669060884930e-04
7.472565612642432685e-04
6.355607651380832833e-04
3.980397923140505654e-04
5.109413015983968638e-04
4.347773969103326322e-04
4.189789008037488939e-04
3.230743234577036728e-04
2.121943057368451239e-04
1.363348552334658328e-04
2.232902248327336601e-04
2.929805698091499273e-04
1.550024000078668949e-04
2.020006555823377421e-04
1.906338140092407661e-04
1.644964015142241635e-04
1.293844809234080239e-04
1.199853515540288864e-04
1.546678500142911468e-04
9.423310665271162278e-05
8.678083951738974804e-05
9.194800832672913899e-05
9.490296215966583112e-05
1.001669583892980875e-04
1.217773893163600978e-04
1.169967628654839070e-04
9.067680341892987879e-05
6.490144823195755314e-05
6.630439037026895454e-05
7.187898653221891799e-05
5.906603403716092067e-05
5.912613728017014451e-05
6.646419667190308028e-05
6.465410935530711215e-05
6.558178554634663403e-05
5.463461435129834829e-05
5.013975705025113048e-05
4.943772254369575403e-05
7.320443026077123796e-05
6.515398522544651853e-05
6.617212607126165505e-05
6.753157593742181914e-05
5.836693317483637093e-05
6.179676381694196264e-05
7.177974984864169382e-05
9.820873077868439761e-05
7.609997506304555482e-05
7.356799148923203380e-05
7.276820530336251835e-05
6.816233497957808172e-05
4.558350443799105288e-05
4.350510233940406576e-05
4.206882696870548684e-05
3.738127321077359846e-05
4.147746287585597405e-05
4.423015972496353605e-05
4.401614184382612025e-05
3.916598428270465291e-05
2.984672175610465916e-05
2.787780365434639672e-05
2.793772239643822151e-05
2.862785586667442262e-05
2.940285390177230316e-05
2.825881417414256362e-05
2.755892569075989477e-05
2.307623344573896712e-05
1.963539278166668612e-05
1.589798358279520473e-05
1.201882775340345302e-05
8.481880435274948929e-06
5.765705598965125325e-06
4.873640773499369765e-06
5.924096655233164451e-06
9.997568982361075039e-06
1.000017113363083010e-05
