3.990659956754470661e-02
1.167554279636870071e-02
1.320064866953627250e-02
2.249704407764551925e-02
1.638395094949746111e-02
1.308093501930601872e-02
6.629514940256675017e-03
2.969687511529945940e-03
6.696494170439225334e-04
1.516736705942462772e-03
1.494089592166232810e-03
4.514141330603149076e-04
8.419235212260893714e-04
6.788746396704214417e-04
1.398839505707472129e-04
2.934308215805304021e-04
2.070758193794906680e-04
2.848375182301650767e-04
3.292676801827727393e-04
3.149346543440602764e-04
2.102451646384667497e-04
1.966569705277926218e-04
1.799638508163150770e-04
1.432303949312846111e-04
1.380594497061512246e-04
1.028374755347557292e-04
7.544763275286976495e-05
1.384050211291924716e-04
1.122232505604445029e-04
1.278198292772462553e-04
7.957563543154788416e-05
7.632698672977366802e-05
6.332414612029758927e-05
5.044474958159985453e-05
3.381454086888620314e-05
3.341172027917848697e-05
2.803618568362484860e-05
3.747215948591370928e-05
5.042478513642892465e-05
7.270953408550119167e-05
5.498948949353696977e-05
3.925012712818603535e-05
4.901623853239111796e-05
3.553891814365227022e-05
4.108474276912708320e-05
2.625958758326396984e-05
3.347193385090508461e-05
3.758006204981031350e-05
4.671002125706314497e-05
3.823863042503300024e-05
3.278350478220243432e-05
2.878362986028144989e-05
2.154904495994205987e-05
2.053330416890266551e-05
1.390308468800335030e-05
1.808295503145746508e-05
2.474344829645994481e-05
1.879698065887675673e-05
1.664686958672826052e-05
1.679613791108307952e-05
1.464259427745170456e-05
1.227349297919336189e-05
9.918086690313343491e-06
9.090016617235209014e-06
8.034357796437519098e-06
8.510394427067458637e-06
6.854178904960118705e-06
6.208695713908222147e-06
6.061073692216982044e-06
5.322286394994692221e-06
4.901125219160184593e-06
4.685645693206759180e-06
5.136544971147854308e-06
4.961694397888173520e-06
5.079493309015010698e-06
5.444652472362243917e-06
5.470830072050037647e-06
5.099497969076691833e-06
4.880294475065175018e-06
4.721925022781082094e-06
4.835107646726717509e-06
5.173804647998418847e-06
5.323338350736168105e-06
5.234846569310723974e-06
5.580416496389316339e-06
6.992231137860352884e-06
9.976137291461681172e-06
9.981486999313503853e-06
9.986490040200382892e-06
9.990493986276010232e-06
9.996115252948031197e-06
9.994710704883266549e-06
1.000000000000000082e-05
1.000000000000000082e-05
1.000000000000000082e-05
1.000000000000000082e-05
1.000000000000000082e-05
1.000000000000000082e-05
1.000000000000000082e-05
1.000000000000000082e-05
