1.549591433790359438e-03
3.645163661670586253e-03
3.641809754050831733e-04
7.944344725852971797e-04
4.541624878325948287e-04
3.081236539318225822e-04
1.385869059591295245e-04
3.696101502307430408e-05
6.852495169151057424e-05
3.545534506840482459e-05
2.470096300989717505e-05
2.254124632761815732e-05
1.434796364380894445e-05
1.135694123017429684e-05
8.251358867312871389e-06
6.472838452854327840e-06
9.577828587212011135e-06
6.448591940579254874e-06
6.134550395156431997e-06
4.942708080644852751e-06
5.329238318418637591e-06
5.238002271507779263e-06
5.012574734496757843e-06
4.631305805854382454e-06
4.789000528919364927e-06
4.625318904469858880e-06
4.919496401812961093e-06
5.007388049702108010e-06
4.517897527390156510e-06
4.512441293402923367e-06
4.560750821606929421e-06
4.623986217680069608e-06
4.655704778615774663e-06
5.407146583210538054e-06
7.114681715354567668e-06
9.845862888489934116e-06
9.897468276202685890e-06
9.912072029390438572e-06
9.939294411480179608e-06
9.952672212448808044e-06
9.956876308373083649e-06
9.954322062065120227e-06
9.956016786432638765e-06
9.967955022024046211e-06
9.962509217133265165e-06
9.976450042879082922e-06
9.971927475947325894e-06
9.976276437602522130e-06
9.992823865091567570e-06
9.992823865091567570e-06
9.999999999999999124e-06
9.999999999999999124e-06
9.999999999999999124e-06
9.999999999999999124e-06
9.999999999999999124e-06
9.999999999999999124e-06
9.999999999999999124e-06
9.999999999999999124e-06
9.999999999999999124e-06
9.999999999999999124e-06
9.999999999999999124e-06
9.999999999999999124e-06
9.999999999999999124e-06
9.999999999999999124e-06
9.999999999999999124e-06
9.999999999999999124e-06
9.999999999999999124e-06
9.999999999999999124e-06
9.999999999999999124e-06
9.999999999999999124e-06
9.999999999999999124e-06
9.999999999999999124e-06
9.999999999999999124e-06
9.999999999999999124e-06
9.999999999999999124e-06
9.999999999999999124e-06
9.999999999999999124e-06
9.999999999999999124e-06
9.999999999999999124e-06
9.999999999999999124e-06
9.999999999999999124e-06
9.999999999999999124e-06
9.999999999999999124e-06
9.999999999999999124e-06
9.999999999999999124e-06
9.999999999999999124e-06
9.999999999999999124e-06
9.999999999999999124e-06
9.999999999999999124e-06
9.999999999999999124e-06
9.999999999999999124e-06
9.999999999999999124e-06
9.999999999999999124e-06
9.999999999999999124e-06
9.999999999999999124e-06
9.999999999999999124e-06
9.999999999999999124e-06
9.999999999999999124e-06
9.999999999999999124e-06
9.999999999999999124e-06
