4.779402165869490321e-03
6.685678646184954957e-03
1.123779098255653060e-03
1.689767215759889127e-03
7.190356635980734400e-04
2.374763708959205311e-04
1.106003692165348056e-04
9.883891971960930044e-05
9.036136514138594280e-05
8.312815491803248445e-05
6.681119591136065565e-05
3.474835311887429008e-05
2.368797582557935350e-05
2.836979884392324726e-05
1.805995405375170190e-05
1.259336349422351201e-05
1.697816869854890370e-05
1.240187529386391755e-05
1.385077496755481246e-05
1.048462207846144936e-05
8.828166853971148220e-06
8.886453036273445804e-06
7.846011904402100002e-06
9.434786520650813619e-06
8.251321816665604030e-06
7.424399545140908967e-06
9.761895025673978751e-06
8.287042626391327382e-06
6.084388138107478838e-06
6.141584601614151544e-06
6.220615880868597774e-06
6.136542606295533396e-06
5.596102581093240144e-06
5.912252346529328523e-06
6.432677380424183882e-06
6.894584106009984579e-06
6.041156858998036750e-06
8.285357924294155647e-06
7.589802704447157391e-06
6.455732770579895645e-06
5.184536278955729900e-06
5.055261642670939978e-06
5.283160704593567920e-06
5.022485238349669396e-06
4.983570663149674123e-06
5.173490601016614335e-06
5.265875791088776477e-06
5.442742387057158757e-06
5.076669712095997907e-06
4.886560014541342086e-06
4.875286377159523160e-06
4.963207173507856233e-06
5.080775635707178854e-06
5.132772159267583345e-06
5.048325523700526695e-06
5.094640124088646833e-06
5.013276557073397430e-06
5.174373671013571857e-06
5.415240826524784261e-06
5.428388664888000486e-06
5.469757073418687699e-06
5.576373262869017137e-06
5.854668272400738202e-06
6.015269071913870585e-06
5.847948324295145997e-06
6.102036641866490581e-06
6.311317988215125681e-06
5.281890157116493253e-06
5.353223752792806347e-06
6.369010980078828216e-06
6.780474406620513720e-06
6.717710369014493469e-06
6.634836880733917987e-06
6.293088846772542675e-06
6.016598516412555271e-06
6.099268698096501560e-06
6.614247690624149901e-06
6.891546083666583998e-06
6.667670235717443095e-06
6.822920106903534512e-06
8.040181248156199085e-06
9.864003522989914477e-06
9.943068347609870699e-06
9.973698482606557864e-06
9.981428947644356521e-06
9.996034476381370450e-06
1.000000000000000082e-05
1.000000000000000082e-05
1.000000000000000082e-05
1.000000000000000082e-05
1.000000000000000082e-05
1.000000000000000082e-05
1.000000000000000082e-05
1.000000000000000082e-05
1.000000000000000082e-05
1.000000000000000082e-05
1.000000000000000082e-05
1.000000000000000082e-05
1.000000000000000082e-05
1.000000000000000082e-05
