1.093787910789287623e-02
1.728938833122118171e-02
3.141450702763734417e-03
2.460940914287554522e-03
4.547047732153822186e-03
1.995892339877363645e-03
5.852457126913627105e-04
8.623441184274072266e-04
2.190685330503938882e-04
1.757728352030772277e-04
1.540670000848735693e-04
2.288362256494931525e-04
2.105451450887174322e-04
9.878952622003315696e-05
5.549807620075789867e-05
5.598699976296990277e-05
5.713218264981365053e-05
6.068121273575102971e-05
5.462254641755426299e-05
5.054580194918996828e-05
2.317915459288106796e-05
3.571676699741577671e-05
2.526360323261344975e-05
4.207578211858146707e-05
2.629322355052634053e-05
3.069466924366106658e-05
3.234200664380239363e-05
1.666169191805139688e-05
1.981321496138426904e-05
1.903068262458708387e-05
1.972367999064647014e-05
2.005586465462223423e-05
1.110530343401518959e-05
9.450993235178705253e-06
1.722402097766717390e-05
1.341289618398167579e-05
2.045865010676981526e-05
2.026548995248865178e-05
1.343902917697882572e-05
1.014227933478242050e-05
1.500776673860375741e-05
9.686277960164523871e-06
9.102680855354778702e-06
7.190703119623134630e-06
7.848980524962322408e-06
9.258738702201796248e-06
7.537284449347253489e-06
7.400488623662187108e-06
7.904853712338080627e-06
8.111808752143467451e-06
7.786832354729745118e-06
8.804575853126202743e-06
8.292449891613066604e-06
7.292862151184563091e-06
6.581409818204137519e-06
6.501430272307445681e-06
6.720523826174951371e-06
6.045982767767901505e-06
5.694148555668081451e-06
5.681856209564406472e-06
5.528030169151076704e-06
5.195074252847235193e-06
5.010938269649858471e-06
5.072980972826617309e-06
5.078754899380494356e-06
5.184843113457888973e-06
5.476891998232709608e-06
5.000629109964192489e-06
4.866175939998035372e-06
6.095977205681000046e-06
6.443023857961415020e-06
6.413031902049943760e-06
6.032938122589376840e-06
5.639324048082546261e-06
5.592260975824538518e-06
5.929871937720443792e-06
6.269774319170324988e-06
6.399623047861252893e-06
6.503272553682151971e-06
6.912956930380710781e-06
9.272958481488490295e-06
9.992471928697786021e-06
1.000000000000000251e-05
1.000000000000000251e-05
1.000000000000000251e-05
1.000000000000000251e-05
1.000000000000000251e-05
1.000000000000000251e-05
1.000000000000000251e-05
1.000000000000000251e-05
1.000000000000000251e-05
1.000000000000000251e-05
1.000000000000000251e-05
1.000000000000000251e-05
1.000000000000000251e-05
1.000000000000000251e-05
1.000000000000000251e-05
1.000000000000000251e-05
1.000000000000000251e-05
1.000000000000000251e-05
