2.771747799681514857e-02
5.023645946596952405e-02
5.476005258294705871e-03
7.844724241762921282e-03
1.746939023641882333e-02
1.056114507214581978e-02
3.784621771637535284e-03
1.429782168525518728e-03
3.378533622479413471e-03
9.769688160996847261e-04
5.698114369975658833e-04
1.019961361345399567e-03
4.092002258260475579e-04
2.654710821017003636e-04
1.506773572190261631e-04
2.159435343067281636e-04
2.159419455779896992e-04
2.256742838180092773e-04
3.391042379782020972e-04
2.045627047457034562e-04
1.868055507761190600e-04
1.149211209153994307e-04
7.688804864110549320e-05
8.804214694467014479e-05
1.025040961320848430e-04
8.076370649664808908e-05
8.126038093207486955e-05
1.018807481401454228e-04
8.028865698134896294e-05
9.633943950569381573e-05
6.393556310152210664e-05
4.214439397826050585e-05
5.265614918483168920e-05
4.579137920667979242e-05
4.926183768961757057e-05
5.549434557124608526e-05
5.612067807758503926e-05
6.584171594311389805e-05
4.201259099154545273e-05
4.059578683215514240e-05
3.505687532788934532e-05
4.569988818719665285e-05
2.941244665285141556e-05
3.418979760710400158e-05
3.064208541933026219e-05
3.794909466496490508e-05
2.659646869360372449e-05
2.252013898636220181e-05
1.900613390465407564e-05
1.646127804839090172e-05
1.384703184115386220e-05
1.850853280277519279e-05
2.137796909975547965e-05
1.809425078550718153e-05
1.620760613422555393e-05
1.510657859039235241e-05
1.430492740286319107e-05
1.352188777874414428e-05
1.278409799969890316e-05
1.183452022894003891e-05
1.137487805293561199e-05
1.193528949482086482e-05
9.374635039468608846e-06
8.457405559902960902e-06
7.610434008356319367e-06
6.495387336594719099e-06
6.336227261752910749e-06
5.482684289098793805e-06
5.007395630699313937e-06
4.915863312357600924e-06
5.190128757296090212e-06
5.342214711674000177e-06
5.304061186875814476e-06
4.801238312696027238e-06
4.924864323059949948e-06
4.829126032112407675e-06
4.954555098487727000e-06
5.088379883300509753e-06
5.038875189956460967e-06
5.305661779647621306e-06
7.642756032777993488e-06
1.001540128131559490e-05
1.000000000000000082e-05
1.000000000000000082e-05
1.000000000000000082e-05
1.000000000000000082e-05
1.000000000000000082e-05
1.000000000000000082e-05
1.000000000000000082e-05
1.000000000000000082e-05
1.000000000000000082e-05
1.000000000000000082e-05
1.000000000000000082e-05
1.000000000000000082e-05
1.000000000000000082e-05
1.000000000000000082e-05
1.000000000000000082e-05
1.000000000000000082e-05
1.000000000000000082e-05
1.000000000000000082e-05
