2.686042043886056711e-03
2.668023558168607957e-03
6.901506009490659520e-04
3.163050561148733424e-04
4.276179910650215353e-04
3.047393237638255882e-04
5.057172687814088965e-05
3.478802439702032619e-05
3.445054353814719323e-05
3.138741622404905162e-05
4.187298657387988416e-05
1.381602299002535097e-05
1.115214197953814316e-05
1.150757743641358717e-05
9.155889324837824535e-06
9.331569056662112238e-06
9.888369711236130743e-06
8.819155349407982640e-06
6.898679186007071246e-06
6.623673194953174392e-06
6.781146834443966840e-06
5.912076641171895995e-06
5.760322674324535187e-06
5.972002593001337614e-06
6.108367105633113331e-06
6.669305723449527524e-06
5.701689518407786505e-06
5.313408495060648225e-06
5.330176076950423749e-06
4.984963255974392748e-06
5.034383875031375458e-06
5.098628875219983361e-06
5.319613216509257747e-06
5.198616541732149285e-06
5.992780561348294583e-06
5.716980027580016964e-06
5.221020005441804028e-06
5.039929307098084219e-06
5.130652904923727658e-06
5.271612662865302642e-06
5.040451979551288680e-06
5.069802351842626569e-06
5.203083514123839939e-06
5.528062765890207052e-06
5.559259126991945499e-06
5.487044498609874305e-06
5.483559285229293416e-06
5.481552261410246540e-06
5.405070643241572581e-06
5.508530286540869320e-06
5.493018450313179822e-06
5.221810202303554667e-06
5.090829327546279294e-06
5.413179365094229566e-06
5.565632218468600968e-06
5.617949731587376811e-06
5.905176194483320023e-06
6.108238635924538884e-06
6.159384503639914821e-06
6.359768928621831047e-06
6.478857195111431178e-06
6.558258328493800714e-06
6.042488885982508645e-06
5.249918783050271798e-06
5.269009512805188315e-06
6.487011284076293697e-06
6.781755390068590379e-06
6.560330833539837853e-06
6.269236862903811405e-06
6.125713065215874737e-06
6.220037287074825199e-06
6.498540261284997738e-06
6.739322946587341134e-06
6.693958745748149840e-06
6.864865317570488959e-06
8.309645274531056347e-06
9.882207188828406947e-06
9.993974162323127425e-06
1.000000000000000082e-05
1.000000000000000082e-05
1.000000000000000082e-05
1.000000000000000082e-05
1.000000000000000082e-05
1.000000000000000082e-05
1.000000000000000082e-05
1.000000000000000082e-05
1.000000000000000082e-05
1.000000000000000082e-05
1.000000000000000082e-05
1.000000000000000082e-05
1.000000000000000082e-05
1.000000000000000082e-05
1.000000000000000082e-05
1.000000000000000082e-05
1.000000000000000082e-05
1.000000000000000082e-05
1.000000000000000082e-05
1.000000000000000082e-05
1.000000000000000082e-05
1.000000000000000082e-05
