7.867346044524744023e-03
6.934781210649956784e-03
1.674888192983060766e-03
3.070105943587396642e-03
3.951171869802827703e-03
2.635768105853186164e-03
6.005778671817459330e-04
1.644271017673575106e-04
3.333695724596812474e-04
2.447550322883728052e-04
2.306582908099906036e-04
2.032566210423300773e-04
1.340268964643597026e-04
6.734957509888631392e-05
2.444481184334630435e-05
3.884941242632909794e-05
6.295212353004958226e-05
5.882196620377058119e-05
3.126020583788818608e-05
2.593809117624938605e-05
3.924093334903899018e-05
2.615182476279945246e-05
2.850733600454529308e-05
2.022202333091832372e-05
1.549906307015164563e-05
1.783252298484855114e-05
1.309127782511417734e-05
1.354473709087579032e-05
1.943880133012747643e-05
1.035789639094208889e-05
9.279105643954164883e-06
1.121429424286319646e-05
1.354277424582589929e-05
1.722459809236547235e-05
1.306578485530759422e-05
1.615775097031249029e-05
9.762228632146742523e-06
1.095094164312539901e-05
8.801008135850392773e-06
6.657013344858799167e-06
8.955456170836256246e-06
1.002624732861901293e-05
1.418822587688797281e-05
1.027694618435082628e-05
7.949449446755521703e-06
5.809445525770553168e-06
5.398905011811444603e-06
6.122899169513504531e-06
7.937498084486468872e-06
6.522657576192686110e-06
5.551317413677434148e-06
5.863319435974785558e-06
5.638887648493287003e-06
5.467263246452277502e-06
5.416179202575167202e-06
5.059785662818140766e-06
4.899176800108731236e-06
5.161284701913141663e-06
5.138560627960941754e-06
5.068679599009661751e-06
5.218984692354731765e-06
5.465304839798030695e-06
5.649363248468414462e-06
5.264712656548697704e-06
5.073740165179801509e-06
6.320748765528350430e-06
6.528052736744225897e-06
6.630708881322097220e-06
6.070898053253819568e-06
5.837973645156626402e-06
5.878025189576249311e-06
6.175610206308991447e-06
6.496448528090100617e-06
6.615801828198948242e-06
6.954971222733067536e-06
9.010641637330937381e-06
9.974381445049935224e-06
9.993576682156291374e-06
1.000000000000000082e-05
1.000000000000000082e-05
1.000000000000000082e-05
1.000000000000000082e-05
1.000000000000000082e-05
1.000000000000000082e-05
1.000000000000000082e-05
1.000000000000000082e-05
1.000000000000000082e-05
1.000000000000000082e-05
1.000000000000000082e-05
1.000000000000000082e-05
1.000000000000000082e-05
1.000000000000000082e-05
1.000000000000000082e-05
1.000000000000000082e-05
1.000000000000000082e-05
1.000000000000000082e-05
1.000000000000000082e-05
1.000000000000000082e-05
1.000000000000000082e-05
1.000000000000000082e-05
