1.098577985187216763e-02
1.423364872146272962e-02
3.547968042865762457e-03
5.649827543620846750e-03
3.007858389557447470e-03
2.292046303779262002e-03
1.258796515849601276e-03
8.786194458892926905e-04
3.297406665520746273e-04
4.988161644771461119e-04
1.954068442950957429e-04
2.104676167974424829e-04
1.300188796632777133e-04
1.567191219364606183e-04
6.462322574584030961e-05
3.739142650443101737e-05
1.952835545095362498e-04
1.403094303641812778e-04
9.272834272024455568e-05
4.926208486511636216e-05
1.196251667187003489e-04
3.558053454648493806e-05
4.024980484527958876e-05
5.316485826342507305e-05
6.692114899044666713e-05
2.401620995452806239e-05
3.231577198607984351e-05
3.964887032931662877e-05
3.762831987630740763e-05
2.099717174908873540e-05
1.925188973526973594e-05
2.141916934256102360e-05
2.231317055580334818e-05
2.638366128660202346e-05
5.341265303934741377e-05
3.160249641377225755e-05
2.018971585007989607e-05
2.032952762137654602e-05
1.628165352072429391e-05
1.238731140821151922e-05
1.211492605892413424e-05
1.645697880543336517e-05
1.358716310047785161e-05
1.523589060251189134e-05
1.190058770460386112e-05
1.115764964195421955e-05
1.031738268241753490e-05
1.026641655931985415e-05
1.318934692263275715e-05
1.016934497235665367e-05
9.653444452281361978e-06
8.921871317659892139e-06
7.257942600709268916e-06
6.178226097923240182e-06
6.433110285442626609e-06
6.460781622200665151e-06
6.261047033411362082e-06
6.049942423731942905e-06
5.617552851307898566e-06
4.955678331685137108e-06
4.931357158468099776e-06
5.011288637683242141e-06
4.908663324154564511e-06
5.108734295739138204e-06
5.134280337777187721e-06
6.136298812862346821e-06
6.283647584216089215e-06
5.960651337259591386e-06
5.026990365418110701e-06
5.007848357046902453e-06
5.314509252596454132e-06
5.888094230489569834e-06
6.085453306173032985e-06
6.158471946847548870e-06
6.607975782857247014e-06
9.532855990071201216e-06
1.000856730896779759e-05
1.000000000000000082e-05
1.000000000000000082e-05
1.000000000000000082e-05
1.000000000000000082e-05
1.000000000000000082e-05
1.000000000000000082e-05
1.000000000000000082e-05
1.000000000000000082e-05
1.000000000000000082e-05
1.000000000000000082e-05
1.000000000000000082e-05
1.000000000000000082e-05
1.000000000000000082e-05
1.000000000000000082e-05
1.000000000000000082e-05
1.000000000000000082e-05
1.000000000000000082e-05
1.000000000000000082e-05
1.000000000000000082e-05
1.000000000000000082e-05
1.000000000000000082e-05
1.000000000000000082e-05
1.000000000000000082e-05
