2.173680282370301850e-02
2.999336438166722713e-02
8.070555381204153403e-03
1.256962086266922261e-02
6.163156792514824962e-03
9.419194155012043657e-03
3.891020044826899379e-03
2.402225501278623665e-03
1.278268934970863040e-03
1.255693483249536524e-03
4.255692577126273793e-04
4.876186946510919031e-04
2.145672823793408378e-04
2.601415508577619405e-04
2.082654801536248533e-04
2.332784209937702928e-04
3.451171543386127817e-04
3.145310583291044599e-04
2.407632276278759789e-04
1.409376651590236681e-04
1.347646308301369601e-04
1.381333674992764261e-04
9.563105615862844034e-05
1.092671901099144196e-04
1.260763130158449913e-04
1.327469348476842826e-04
1.117185709292336349e-04
1.002699140888625978e-04
1.031872061775794037e-04
1.087444260598494842e-04
5.193115282536642430e-05
3.827958473677100403e-05
5.034588293003069639e-05
6.438192114594183722e-05
9.059067927409943728e-05
6.063668139899269771e-05
5.421074001298610128e-05
8.175255803840476420e-05
6.014791837558111371e-05
4.880972147304821467e-05
3.690823758420307707e-05
5.103225413360438730e-05
4.536049183806383314e-05
3.712342315415687315e-05
2.880608954358173214e-05
3.195684417452354843e-05
2.771022665595275543e-05
2.574856853044741575e-05
3.810755692024130065e-05
2.896178244554383158e-05
2.490131358712024753e-05
1.922178061675712497e-05
1.569622386667743379e-05
1.556474121982832193e-05
1.592529219243344059e-05
1.508500251210646124e-05
1.374541296663735879e-05
1.398153032306080074e-05
1.014360709737408064e-05
9.365017383100419324e-06
8.133817588928531715e-06
6.873422364040354702e-06
5.861795093361194569e-06
5.855953566039218303e-06
5.242643246354652657e-06
5.206065844264066957e-06
5.077958062362472544e-06
4.911490447623317228e-06
5.138466728729740506e-06
5.183550092340949847e-06
4.714354743549191564e-06
4.872940316564115995e-06
5.030393237311611640e-06
4.948510705025408774e-06
5.075852912985353687e-06
9.807696125638387929e-06
1.000000000000000082e-05
1.000000000000000082e-05
1.000000000000000082e-05
1.000000000000000082e-05
1.000000000000000082e-05
1.000000000000000082e-05
1.000000000000000082e-05
1.000000000000000082e-05
1.000000000000000082e-05
1.000000000000000082e-05
1.000000000000000082e-05
1.000000000000000082e-05
1.000000000000000082e-05
1.000000000000000082e-05
1.000000000000000082e-05
1.000000000000000082e-05
1.000000000000000082e-05
1.000000000000000082e-05
1.000000000000000082e-05
1.000000000000000082e-05
1.000000000000000082e-05
1.000000000000000082e-05
1.000000000000000082e-05
1.000000000000000082e-05
