8.048277274220519938e-04
3.582199800791629942e-03
6.923281299760557185e-04
6.021011760014636886e-04
1.533666159663109655e-04
3.367903618160432780e-04
8.842190635904304734e-05
8.610744851735790495e-05
7.713201317448795536e-05
3.982587810788482547e-05
2.312740996605881945e-05
1.862782478850307945e-05
1.043347409893990248e-05
1.399965384765911864e-05
7.322739851104587426e-06
6.091035148415789649e-06
6.527072053976737299e-06
5.414178219055521796e-06
5.194435566663562468e-06
4.947608678696956708e-06
4.925317387728454851e-06
4.700598633809972671e-06
4.906052051283855296e-06
4.871086927696916211e-06
4.569146548350372518e-06
4.906857319326021554e-06
4.679804335998447517e-06
4.752220148028687134e-06
4.773057649931294185e-06
4.848210370630747895e-06
6.928134964638612008e-06
9.932283213825918698e-06
9.943568393654238913e-06
9.947653298779455237e-06
9.952048387624106628e-06
9.950187781266733720e-06
9.958952384835575056e-06
9.966017875692566855e-06
9.966478922241194094e-06
9.968500403301743860e-06
9.972860896626700489e-06
9.972221096883652168e-06
9.978118888164033150e-06
9.985819912512458729e-06
9.982424547640478588e-06
9.993513776655167395e-06
1.000000000000000082e-05
1.000000000000000082e-05
1.000000000000000082e-05
1.000000000000000082e-05
1.000000000000000082e-05
1.000000000000000082e-05
1.000000000000000082e-05
1.000000000000000082e-05
1.000000000000000082e-05
1.000000000000000082e-05
1.000000000000000082e-05
1.000000000000000082e-05
1.000000000000000082e-05
1.000000000000000082e-05
1.000000000000000082e-05
1.000000000000000082e-05
1.000000000000000082e-05
1.000000000000000082e-05
1.000000000000000082e-05
1.000000000000000082e-05
1.000000000000000082e-05
1.000000000000000082e-05
1.000000000000000082e-05
1.000000000000000082e-05
1.000000000000000082e-05
1.000000000000000082e-05
1.000000000000000082e-05
1.000000000000000082e-05
1.000000000000000082e-05
1.000000000000000082e-05
1.000000000000000082e-05
1.000000000000000082e-05
1.000000000000000082e-05
1.000000000000000082e-05
1.000000000000000082e-05
1.000000000000000082e-05
1.000000000000000082e-05
1.000000000000000082e-05
1.000000000000000082e-05
1.000000000000000082e-05
1.000000000000000082e-05
1.000000000000000082e-05
1.000000000000000082e-05
1.000000000000000082e-05
1.000000000000000082e-05
1.000000000000000082e-05
1.000000000000000082e-05
1.000000000000000082e-05
1.000000000000000082e-05
1.000000000000000082e-05
1.000000000000000082e-05
1.000000000000000082e-05
1.000000000000000082e-05
1.000000000000000082e-05
