1.801081215027979529e-03
6.461436826730435068e-03
4.727353584737407043e-03
3.463311445525309954e-03
1.171690668940686018e-03
4.508501521107118114e-04
1.947321966593469069e-04
2.878799639785036826e-04
3.078641196364645047e-04
2.763040683069742831e-04
3.817245530761547052e-04
6.825401002646859115e-04
3.587920651125401728e-04
3.820000277912988457e-04
1.732136883207212720e-04
6.342862245883107767e-05
1.118270436081334601e-04
8.973850971581025010e-05
1.491817689788057285e-04
6.359726155517860587e-05
3.324375766736129169e-05
7.894578356250913124e-05
3.080491901281897537e-05
2.438610349671719820e-05
2.576414139634158147e-05
2.288838484659446083e-05
2.101409030187795005e-05
3.054593978366112198e-05
1.582670871017854275e-05
1.886392247015084928e-05
1.322657313039518520e-05
1.325422774704999956e-05
9.216884629705024320e-06
1.392798784194262033e-05
1.050988689811039006e-05
8.172369989481063226e-06
9.243921627084010758e-06
8.410969414787944598e-06
9.171040777919500802e-06
9.043525755727217850e-06
9.454638213721625159e-06
8.098795679581944208e-06
7.368033787033023559e-06
8.288028718137628755e-06
8.894531125100107717e-06
9.549071846409465383e-06
9.575311400000714360e-06
8.792998017898005943e-06
8.654678810725261284e-06
6.911501775415093581e-06
7.351941467176536531e-06
7.105868020377299444e-06
7.201283533593285876e-06
7.032316368278979270e-06
7.290865851036808500e-06
7.559049920916891773e-06
6.998546290553487737e-06
5.956532386667188385e-06
5.942411713297233693e-06
6.650397839929093701e-06
6.773042668461728223e-06
6.934293222099639045e-06
7.477892193899244020e-06
6.841099578700921013e-06
6.464442065615841989e-06
6.676368133060181331e-06
7.001763472310453755e-06
6.945255164161043630e-06
7.089899640070436768e-06
7.196697553852189657e-06
7.072785573772686683e-06
6.309055928706913880e-06
5.980081230163008552e-06
5.725839992084756343e-06
5.675130720053167134e-06
5.785396357884258282e-06
5.789113978370151564e-06
5.814730254071084961e-06
5.320367645608610294e-06
5.218631373532811341e-06
5.134031994846631568e-06
4.955585393732416992e-06
5.232949566002195434e-06
5.246383376116739897e-06
5.351819961588442298e-06
5.257833174013373100e-06
5.592087791914238734e-06
6.258366953326212672e-06
7.734638099412456612e-06
9.214658562057507905e-06
9.992992993607152549e-06
9.992853904086500001e-06
9.993234464565214038e-06
9.999999999999999124e-06
9.999999999999999124e-06
9.999999999999999124e-06
9.999999999999999124e-06
9.999999999999999124e-06
9.999999999999999124e-06
9.999999999999999124e-06
