7.826253483372945649e-04
1.191274556224894421e-02
2.774249714696709265e-03
3.321503718781817441e-03
5.337268645688554754e-03
1.617436697135305520e-03
4.397290400444329702e-04
5.012503463572245445e-04
1.618390918497533010e-04
1.016120251054871223e-04
1.745390736411814271e-04
2.035575298468624190e-04
7.694801292968178933e-05
4.841118507233725801e-05
6.311154452532814741e-05
4.224487573735692333e-05
5.404342940068233999e-05
4.265085664454802868e-05
2.585476261697509343e-05
1.672920381807245429e-05
1.319459100719438722e-05
1.245633883733377315e-05
1.146044092560415441e-05
1.240817035664731241e-05
1.677987936745639180e-05
1.440616821351714328e-05
1.168260352830187476e-05
9.173994114606126820e-06
7.048812977785539333e-06
9.485991671586757791e-06
6.012758720542929933e-06
6.336660147312291937e-06
9.951325676546311989e-06
9.979350287929974721e-06
9.965144229441988492e-06
9.965233455381472958e-06
9.943295478921552425e-06
9.954474961211910977e-06
9.965284063726781807e-06
9.981750215734751334e-06
9.951465309397952784e-06
9.966793588804604272e-06
9.961101668060780466e-06
9.968150772798390659e-06
1.000364462149663088e-05
9.983085584390075172e-06
9.990796458874249582e-06
9.991899134007062170e-06
1.000000000000000082e-05
1.000000000000000082e-05
1.000000000000000082e-05
1.000000000000000082e-05
1.000000000000000082e-05
1.000000000000000082e-05
1.000000000000000082e-05
1.000000000000000082e-05
1.000000000000000082e-05
1.000000000000000082e-05
1.000000000000000082e-05
1.000000000000000082e-05
1.000000000000000082e-05
1.000000000000000082e-05
1.000000000000000082e-05
1.000000000000000082e-05
1.000000000000000082e-05
1.000000000000000082e-05
1.000000000000000082e-05
1.000000000000000082e-05
1.000000000000000082e-05
1.000000000000000082e-05
1.000000000000000082e-05
1.000000000000000082e-05
1.000000000000000082e-05
1.000000000000000082e-05
1.000000000000000082e-05
1.000000000000000082e-05
1.000000000000000082e-05
1.000000000000000082e-05
1.000000000000000082e-05
1.000000000000000082e-05
1.000000000000000082e-05
1.000000000000000082e-05
1.000000000000000082e-05
1.000000000000000082e-05
1.000000000000000082e-05
1.000000000000000082e-05
1.000000000000000082e-05
1.000000000000000082e-05
1.000000000000000082e-05
1.000000000000000082e-05
1.000000000000000082e-05
1.000000000000000082e-05
1.000000000000000082e-05
1.000000000000000082e-05
1.000000000000000082e-05
1.000000000000000082e-05
1.000000000000000082e-05
1.000000000000000082e-05
1.000000000000000082e-05
1.000000000000000082e-05
