3.650473471213686559e-03
1.785290291464504756e-02
2.602037644449082827e-03
4.539624191384108130e-03
9.348396633730285399e-03
2.834732624777867860e-03
8.900317341806111664e-04
4.533234879133565777e-04
6.423114819756493973e-04
2.747153648341567290e-04
3.522803191456960986e-04
5.399609462307782210e-04
2.912238617280912953e-04
2.431897338569191267e-04
1.255944408499370989e-04
2.295097162137342626e-04
2.688556884422969038e-04
2.083697332360164153e-04
1.070396945653950561e-04
7.566439692622589544e-05
6.571092865811571746e-05
6.107026602408608393e-05
3.224545562732066966e-05
5.019633816437163226e-05
5.359303814504375751e-05
3.925504142504326226e-05
7.023878117468861624e-05
4.006022033019537875e-05
2.782796256788596306e-05
2.898766286239863959e-05
1.803922791103475560e-05
1.559117575914314408e-05
4.237768446335513219e-05
3.107545067356963319e-05
4.119015603873636547e-05
1.825501213706514023e-05
1.058763338425571082e-05
1.423138362328304391e-05
1.806688701186237375e-05
2.408192659482041525e-05
2.363169119251580798e-05
1.213066198368844933e-05
1.246843860195356224e-05
8.068079199694172643e-06
8.090746349090064790e-06
7.403838268276556747e-06
1.019599307670931064e-05
1.101380725823272757e-05
7.903690708851861024e-06
7.433592508640916585e-06
6.372477750616420122e-06
6.001411179723072897e-06
6.144355143351566537e-06
5.769121688398737651e-06
5.133165396899525783e-06
4.868388242055590947e-06
4.856502421262581271e-06
4.998029258767479914e-06
4.955883642590619148e-06
4.738530127818041708e-06
4.842877483423992923e-06
5.448201346395039439e-06
5.999996039197741401e-06
6.018741548010053452e-06
5.646345263966838156e-06
5.290412234946478328e-06
5.285551068926598783e-06
5.760381327485977178e-06
6.014348571607399985e-06
6.030575260902178131e-06
6.623043443421808102e-06
9.083423968843674302e-06
9.965774291328561926e-06
9.999256427022460496e-06
1.000036057799931045e-05
1.000000000000000082e-05
1.000000000000000082e-05
1.000000000000000082e-05
1.000000000000000082e-05
1.000000000000000082e-05
1.000000000000000082e-05
1.000000000000000082e-05
1.000000000000000082e-05
1.000000000000000082e-05
1.000000000000000082e-05
1.000000000000000082e-05
1.000000000000000082e-05
1.000000000000000082e-05
1.000000000000000082e-05
1.000000000000000082e-05
1.000000000000000082e-05
1.000000000000000082e-05
1.000000000000000082e-05
1.000000000000000082e-05
1.000000000000000082e-05
1.000000000000000082e-05
1.000000000000000082e-05
1.000000000000000082e-05
1.000000000000000082e-05
1.000000000000000082e-05
