1.455188077216760384e-02
3.795955541045701459e-03
2.681165251274920600e-02
1.151920449312558888e-02
7.297816195689602915e-03
3.117826488609717547e-03
7.272728018148870432e-03
2.906412182328216905e-03
2.066231454741172206e-03
9.689566199801753635e-04
1.300431148122566192e-03
1.135758753572263351e-03
4.263994512555729422e-04
3.092544237791641218e-04
3.015967733192630672e-04
6.479422254284282956e-04
7.291968504510529941e-04
4.586747067339742466e-04
3.352973940680392391e-04
3.121447864662149998e-04
2.521322195411402766e-04
1.664610189113598820e-04
1.420670366569740399e-04
1.829722902036264249e-04
1.263236988867959731e-04
1.226505090365274746e-04
8.500376599550465507e-05
5.412951046041754332e-05
4.924558337768646354e-05
6.385473593462144570e-05
6.218556278733218718e-05
4.455810268464409520e-05
5.670358052397654863e-05
9.659780651578030489e-05
5.502705641779309913e-05
6.557068777934077443e-05
2.759886669001719077e-05
5.009577848712750499e-05
4.194611052573893263e-05
3.510955166281075481e-05
2.242857696267827597e-05
1.439963544921231506e-05
2.000556742368608698e-05
2.069652608320124638e-05
2.512022849412866418e-05
1.304713382289483193e-05
2.178588098160639725e-05
1.972352049914817407e-05
1.466885052609853255e-05
1.388927376096472547e-05
1.058978621078962569e-05
1.798703395661474077e-05
1.248036106383050720e-05
8.023483331204772032e-06
1.123459620180923163e-05
1.056054168090732003e-05
8.808784591102916998e-06
6.547035955991240562e-06
5.133589410353292979e-06
5.124496810834007160e-06
5.003670138513572106e-06
4.839174048716003793e-06
5.512203228619675529e-06
6.063531009617059043e-06
5.832849807388154777e-06
5.250380011398078560e-06
5.197076847886617495e-06
5.078136742593669520e-06
5.280453940609151246e-06
5.744330212536109290e-06
5.900852376934598100e-06
6.571483004677104867e-06
1.003010870992026577e-05
1.004869089268576002e-05
1.004979640119748137e-05
1.004248289571373483e-05
1.004281478511534510e-05
1.004091416134533691e-05
1.004098864581629950e-05
1.002415133868173020e-05
1.002288528900905023e-05
1.002272422753325350e-05
1.002372907248257061e-05
1.000000000000000082e-05
1.000000000000000082e-05
1.000000000000000082e-05
1.000000000000000082e-05
1.000000000000000082e-05
1.000000000000000082e-05
1.000000000000000082e-05
1.000000000000000082e-05
1.000000000000000082e-05
1.000000000000000082e-05
1.000000000000000082e-05
1.000000000000000082e-05
1.000000000000000082e-05
1.000000000000000082e-05
1.000000000000000082e-05
1.000000000000000082e-05
1.000000000000000082e-05
