6.472542367010843990e-03
2.661467030191583434e-03
3.507721776370444598e-03
3.375816385104735660e-03
4.334800165099084884e-04
3.186382176973392077e-04
1.653477503248436398e-04
1.207838896251855966e-04
1.011150675949869639e-04
6.338846233673298190e-05
4.366184714867962330e-05
1.636367949561325140e-05
1.277256121904279840e-05
2.740704607411448453e-05
1.158772327693799346e-05
2.000838158993600250e-05
1.226890997792714919e-05
9.363315778471657645e-06
9.722531454489831155e-06
9.003975962005505231e-06
8.059573009836477767e-06
8.130169625124479888e-06
9.149624134695387914e-06
7.210470405794521926e-06
6.845833292704571132e-06
6.874398039010553999e-06
5.569523538105372846e-06
6.300970567561991074e-06
5.903452750674523056e-06
5.556525341127738915e-06
6.450530710837032161e-06
6.677966182138712434e-06
5.778867053058025649e-06
5.115939819281494600e-06
5.024382662142721363e-06
5.190944957143135077e-06
4.811194197024220704e-06
5.014188715725000943e-06
4.986184537410791423e-06
4.995862879724567670e-06
5.093313133782345148e-06
5.087431329972587183e-06
5.273587960428546314e-06
5.265594603840597235e-06
5.109495733699326958e-06
5.074702269769963495e-06
5.094220511584427156e-06
5.343484389951262655e-06
5.265943958493138619e-06
5.523122618994240704e-06
5.653763582652582354e-06
5.926558905421675491e-06
5.951628549169129631e-06
6.239003907438396077e-06
6.386519465765475064e-06
6.357846513165853274e-06
5.005143355548948909e-06
4.932693412881033316e-06
6.393239385935891023e-06
6.853969219874112785e-06
6.736176617314927877e-06
6.360978788614964857e-06
6.317940016296347604e-06
6.489492091484250939e-06
6.807027961252076478e-06
6.849805211828438453e-06
6.899246854958479479e-06
8.767362715776831354e-06
9.991159901948488294e-06
1.000000000000000251e-05
1.000000000000000251e-05
1.000000000000000251e-05
1.000000000000000251e-05
1.000000000000000251e-05
1.000000000000000251e-05
1.000000000000000251e-05
1.000000000000000251e-05
1.000000000000000251e-05
1.000000000000000251e-05
1.000000000000000251e-05
1.000000000000000251e-05
1.000000000000000251e-05
1.000000000000000251e-05
1.000000000000000251e-05
1.000000000000000251e-05
1.000000000000000251e-05
1.000000000000000251e-05
1.000000000000000251e-05
1.000000000000000251e-05
1.000000000000000251e-05
1.000000000000000251e-05
1.000000000000000251e-05
1.000000000000000251e-05
1.000000000000000251e-05
1.000000000000000251e-05
1.000000000000000251e-05
1.000000000000000251e-05
1.000000000000000251e-05
1.000000000000000251e-05
1.000000000000000251e-05
