1.093589752960158999e-02
5.009166495428791534e-03
6.618840421810276778e-03
6.978005923784450643e-03
1.754102601456459512e-03
1.023565261843118303e-03
1.130949930155181464e-04
2.194359040547935399e-04
1.982562338587172564e-04
9.711495368485730103e-05
5.191826577418680414e-05
3.191070587225181465e-05
5.449664302454109940e-05
4.978394383245008970e-05
4.759794444993184064e-05
3.151326534721031751e-05
2.129576062688623574e-05
1.497245144819277312e-05
2.378352766119405491e-05
2.256305813935906055e-05
1.942494222747632147e-05
1.493119688337369071e-05
1.731250443705097079e-05
1.619131160253792928e-05
1.459034385205674795e-05
1.328436490080192036e-05
9.974912650200040310e-06
1.398680738291791558e-05
1.225044552961400311e-05
1.108416467434630018e-05
1.644033913963659921e-05
1.336176309093367453e-05
9.261777744968980854e-06
8.491797836422144218e-06
6.373996828942709780e-06
6.600132644703202481e-06
6.285061827360857095e-06
7.273072930963443793e-06
7.441714157048380664e-06
6.355658918632600027e-06
6.326546923183394039e-06
6.233327597662429896e-06
6.751460060764286331e-06
6.919386981633456425e-06
6.104031301915066912e-06
6.088148970373376961e-06
6.175594595551171735e-06
6.019469822495318329e-06
5.970530138139225646e-06
5.271601629092082158e-06
5.155797718607648967e-06
4.994299874862916456e-06
5.133549493780284978e-06
5.208910942986210940e-06
5.481556612182075565e-06
5.539837356229758823e-06
4.890064160669275034e-06
4.842875606557874177e-06
6.074832940350742268e-06
6.383823048690099279e-06
6.243310501969808557e-06
5.696668460272623869e-06
5.667336012987617246e-06
6.098513913401800349e-06
6.610765654429670605e-06
6.599430988050078327e-06
6.756981114910652484e-06
8.642021611860309504e-06
9.970554617151520537e-06
1.000000000000000082e-05
1.000000000000000082e-05
1.000000000000000082e-05
1.000000000000000082e-05
1.000000000000000082e-05
1.000000000000000082e-05
1.000000000000000082e-05
1.000000000000000082e-05
1.000000000000000082e-05
1.000000000000000082e-05
1.000000000000000082e-05
1.000000000000000082e-05
1.000000000000000082e-05
1.000000000000000082e-05
1.000000000000000082e-05
1.000000000000000082e-05
1.000000000000000082e-05
1.000000000000000082e-05
1.000000000000000082e-05
1.000000000000000082e-05
1.000000000000000082e-05
1.000000000000000082e-05
1.000000000000000082e-05
1.000000000000000082e-05
1.000000000000000082e-05
1.000000000000000082e-05
1.000000000000000082e-05
1.000000000000000082e-05
1.000000000000000082e-05
1.000000000000000082e-05
1.000000000000000082e-05
