1.985460023295669910e-02
1.061157647208636062e-02
1.026738017005231728e-02
1.289546750760053526e-02
5.301180574016079415e-03
2.842438131077681777e-03
4.134058894098130411e-04
6.834588297174622315e-04
3.797309475421528657e-04
3.007953103090479029e-04
1.333311971770884466e-04
1.640626029360984302e-04
1.207174444437674366e-04
1.321075020887697176e-04
7.278712595559243856e-05
8.747660277082037257e-05
7.946319224421737948e-05
4.852607226230080072e-05
3.762230895730857576e-05
4.911796588583948112e-05
3.131898100168260471e-05
3.326670807154240143e-05
3.561148021992084406e-05
2.873111203384417676e-05
3.271537198355670384e-05
3.050213217523963587e-05
2.591006319303949980e-05
3.301647249028224801e-05
2.716400103095490938e-05
1.754211271030955315e-05
2.191058591301629432e-05
2.786581462817010137e-05
1.942736893509686773e-05
2.185357103552477284e-05
1.496114840602410427e-05
1.362991680073044871e-05
1.710656869376460783e-05
1.941188085093534482e-05
1.424708277689408279e-05
1.119590041583361949e-05
9.395495011791333634e-06
8.698149700555903561e-06
8.904015901140760551e-06
9.406075965491266812e-06
9.498692547358063238e-06
9.596779312515381097e-06
1.078748488913324864e-05
9.134231819138722029e-06
8.348680907620477560e-06
7.564943562310762445e-06
7.388978418721413050e-06
6.201217480827778944e-06
5.442497678477103409e-06
5.515494362244001021e-06
5.243087824231609005e-06
5.068473852005040970e-06
4.743240557401653088e-06
4.608032984125874153e-06
5.746335253133252916e-06
6.152127659312961308e-06
6.029089635277152777e-06
5.619623692971670798e-06
5.433606066236624303e-06
5.545554034493393111e-06
6.042607831795326346e-06
6.137381512683850093e-06
6.386815252495967695e-06
9.794189751959204627e-06
1.000000000000000082e-05
1.000000000000000082e-05
1.000000000000000082e-05
1.000000000000000082e-05
1.000000000000000082e-05
1.000000000000000082e-05
1.000000000000000082e-05
1.000000000000000082e-05
1.000000000000000082e-05
1.000000000000000082e-05
1.000000000000000082e-05
1.000000000000000082e-05
1.000000000000000082e-05
1.000000000000000082e-05
1.000000000000000082e-05
1.000000000000000082e-05
1.000000000000000082e-05
1.000000000000000082e-05
1.000000000000000082e-05
1.000000000000000082e-05
1.000000000000000082e-05
1.000000000000000082e-05
1.000000000000000082e-05
1.000000000000000082e-05
1.000000000000000082e-05
1.000000000000000082e-05
1.000000000000000082e-05
1.000000000000000082e-05
1.000000000000000082e-05
1.000000000000000082e-05
1.000000000000000082e-05
1.000000000000000082e-05
