2.650386754223954880e-02
1.802483836634315509e-02
2.494564631047628545e-02
1.810737933638935024e-02
4.523870604812810226e-03
3.390127878265374647e-03
6.556580998094680259e-04
1.554142772343913544e-03
9.024351008118940316e-04
1.404665672269446311e-03
7.202565950288159977e-04
4.547165905015506803e-04
7.465189789508284383e-04
3.790624079366131972e-04
3.421396747665953397e-04
3.409373013963839030e-04
2.831571524610443586e-04
3.364406478157019311e-04
1.568427967284709312e-04
1.826091718602099276e-04
9.993951161229760441e-05
1.063798380839088369e-04
1.336756122796338778e-04
1.215609054533555442e-04
1.122194040356273468e-04
6.998284067421820854e-05
6.565370189138049629e-05
5.574759776713742490e-05
4.603180660888323570e-05
4.228881341126730956e-05
4.528992973022576975e-05
4.800980997676278580e-05
4.051853068697892679e-05
5.432451557843484140e-05
3.052569921538392619e-05
1.744647596077245148e-05
3.565655680814659950e-05
4.321468351595596246e-05
2.574436632474029639e-05
2.550820244594507560e-05
1.586190816518178893e-05
1.237532443743021178e-05
1.940739174853295485e-05
1.655960838402893099e-05
1.780905861419930123e-05
1.598614586897581592e-05
1.273239946196776723e-05
1.285997748894224811e-05
1.499064837606184212e-05
1.148777173969374499e-05
9.237700009613213751e-06
7.811717788277276913e-06
7.914769610508067826e-06
6.335639121301956963e-06
5.541217393793179734e-06
5.664248392547831381e-06
5.192024499306311302e-06
4.778789352060013353e-06
5.423505582400127312e-06
5.715079995465982565e-06
5.691561814154034246e-06
5.236351191816172189e-06
5.254420588470202996e-06
5.204092683553155396e-06
5.224249026957019817e-06
5.563524604669945533e-06
5.939169657350179696e-06
9.909240579629186932e-06
9.993798642350151435e-06
1.000000000000000082e-05
1.000000000000000082e-05
1.000000000000000082e-05
1.000000000000000082e-05
1.000000000000000082e-05
1.000000000000000082e-05
1.000000000000000082e-05
1.000000000000000082e-05
1.000000000000000082e-05
1.000000000000000082e-05
1.000000000000000082e-05
1.000000000000000082e-05
1.000000000000000082e-05
1.000000000000000082e-05
1.000000000000000082e-05
1.000000000000000082e-05
1.000000000000000082e-05
1.000000000000000082e-05
1.000000000000000082e-05
1.000000000000000082e-05
1.000000000000000082e-05
1.000000000000000082e-05
1.000000000000000082e-05
1.000000000000000082e-05
1.000000000000000082e-05
1.000000000000000082e-05
1.000000000000000082e-05
1.000000000000000082e-05
1.000000000000000082e-05
1.000000000000000082e-05
1.000000000000000082e-05
