5.505192483280957685e-03
5.727691632609540088e-04
2.755829354498654394e-03
2.377456423248491390e-03
3.906768501569072866e-04
1.677445056720599690e-04
7.582058221327329537e-05
9.792915575918684288e-05
3.649525118478800508e-05
3.496304695236179545e-05
2.232112390700540243e-05
1.275272752155832948e-05
1.571961536222107205e-05
1.760660725800794769e-05
1.035954142876803232e-05
9.366935626111454614e-06
9.346914172436855109e-06
6.728143871684823187e-06
7.473435395314761740e-06
8.309413341375293638e-06
9.255606492503524023e-06
7.103829911598566254e-06
6.380346190931040594e-06
5.768086635754401211e-06
5.256815555584362949e-06
5.612402338591826633e-06
5.876725892857899006e-06
5.476161391386688751e-06
5.299768897901381756e-06
7.772233796624612346e-06
5.446703409585319103e-06
5.179885889995141006e-06
5.063834505556896031e-06
5.031023306670287065e-06
5.004006235172818154e-06
4.933657391326394829e-06
4.999475312942541384e-06
5.164862969553431969e-06
5.227704398705883389e-06
5.241121642311470152e-06
5.093145713359826911e-06
5.186288202934771145e-06
5.115508690149508467e-06
5.069142781651321284e-06
5.047770115129214336e-06
4.997676789348125460e-06
5.135932720300053301e-06
5.233191572332738744e-06
5.201993254824511831e-06
5.401404136921135030e-06
6.054000142520006932e-06
6.381318139167564341e-06
6.560903598471655760e-06
5.316759715417403592e-06
5.163041800755948490e-06
6.621077084983568203e-06
6.523252415873645606e-06
6.174286941590547422e-06
5.897188333555044573e-06
6.326675562290971910e-06
6.568937666882605745e-06
6.751999469510893411e-06
6.622146602765893912e-06
7.495832946243628017e-06
1.000000000000000082e-05
1.000000000000000082e-05
1.000000000000000082e-05
1.000000000000000082e-05
1.000000000000000082e-05
1.000000000000000082e-05
1.000000000000000082e-05
1.000000000000000082e-05
1.000000000000000082e-05
1.000000000000000082e-05
1.000000000000000082e-05
1.000000000000000082e-05
1.000000000000000082e-05
1.000000000000000082e-05
1.000000000000000082e-05
1.000000000000000082e-05
1.000000000000000082e-05
1.000000000000000082e-05
1.000000000000000082e-05
1.000000000000000082e-05
1.000000000000000082e-05
1.000000000000000082e-05
1.000000000000000082e-05
1.000000000000000082e-05
1.000000000000000082e-05
1.000000000000000082e-05
1.000000000000000082e-05
1.000000000000000082e-05
1.000000000000000082e-05
1.000000000000000082e-05
1.000000000000000082e-05
1.000000000000000082e-05
1.000000000000000082e-05
1.000000000000000082e-05
1.000000000000000082e-05
1.000000000000000082e-05
