6.115662648801569769e-03
5.505947714698172357e-04
3.250134254034250676e-03
2.554422581495930170e-03
8.382741869952646139e-04
5.928574684377791457e-04
1.484994397334449853e-04
1.919981176546154886e-04
9.251570145629379788e-05
4.653040094854968089e-05
3.931992509604467740e-05
2.554491566328550829e-05
2.206059294229564433e-05
2.714292449995219444e-05
1.717707771153589782e-05
9.003515063942759921e-06
1.553027470233145767e-05
1.092176136693315419e-05
1.062437515972081961e-05
1.271503052890893413e-05
1.399234679858844860e-05
1.160347023209593788e-05
8.878275529392582661e-06
8.354608594192382425e-06
6.531735753024157447e-06
7.732075833590864721e-06
7.050129821662468835e-06
7.065689975336249757e-06
6.900281166197425063e-06
1.003339934969663591e-05
6.798609574484663582e-06
6.017140439448342378e-06
5.646099525803857036e-06
5.899578176436779156e-06
5.813821668849958988e-06
5.412920954915429031e-06
5.527895173227157515e-06
5.384487582320896658e-06
5.240445567108725636e-06
5.179099224472993189e-06
5.214690726996087715e-06
4.921815506045711152e-06
4.824529643344571513e-06
4.766014032653710231e-06
4.839411055831050882e-06
5.004973736732830839e-06
4.853105792607835085e-06
4.804602914265922505e-06
5.031189298600754872e-06
5.167627902700209180e-06
5.740084743741814229e-06
6.231263530424388502e-06
6.187199059426414917e-06
5.215119270899639696e-06
5.237767546912969243e-06
6.547391673598083989e-06
6.611413428291273383e-06
6.265780971818671647e-06
5.807785480616271059e-06
5.929742793357948360e-06
6.360118651940785407e-06
6.675672858523467948e-06
6.846762831282769865e-06
8.039032223181033095e-06
1.000503421974024291e-05
1.000000000000000251e-05
1.000000000000000251e-05
1.000000000000000251e-05
1.000000000000000251e-05
1.000000000000000251e-05
1.000000000000000251e-05
1.000000000000000251e-05
1.000000000000000251e-05
1.000000000000000251e-05
1.000000000000000251e-05
1.000000000000000251e-05
1.000000000000000251e-05
1.000000000000000251e-05
1.000000000000000251e-05
1.000000000000000251e-05
1.000000000000000251e-05
1.000000000000000251e-05
1.000000000000000251e-05
1.000000000000000251e-05
1.000000000000000251e-05
1.000000000000000251e-05
1.000000000000000251e-05
1.000000000000000251e-05
1.000000000000000251e-05
1.000000000000000251e-05
1.000000000000000251e-05
1.000000000000000251e-05
1.000000000000000251e-05
1.000000000000000251e-05
1.000000000000000251e-05
1.000000000000000251e-05
1.000000000000000251e-05
1.000000000000000251e-05
1.000000000000000251e-05
1.000000000000000251e-05
