1.483226938075814585e-02
2.258107204456661320e-03
7.629166589264968143e-03
5.872488722986202517e-03
3.417354539284345096e-03
2.919934518062596192e-03
1.017571795419289563e-03
3.858819956393006877e-04
1.744281521405264862e-04
1.731253643471420767e-04
1.063167053883323971e-04
1.006805604345659610e-04
1.397171819519306315e-04
1.610844742745392699e-04
1.749405624622688471e-04
9.291182095494294752e-05
8.455532824116820663e-05
4.525415364685418879e-05
5.559333498036103720e-05
2.763251157724973844e-05
5.756449769161463189e-05
4.815022486277191466e-05
2.925854428047456547e-05
3.710638128900281253e-05
1.536170724351626482e-05
1.674583898749497292e-05
1.724473492773105084e-05
1.644006768336937511e-05
2.027844276295125316e-05
3.029957377825671445e-05
1.162669298255257735e-05
1.170925805085197871e-05
9.243696389203534856e-06
1.094981236739457361e-05
1.146620810182478231e-05
7.326758098802000579e-06
8.443544127434883878e-06
6.905102984240524313e-06
6.794788466002397129e-06
5.920826907181528911e-06
7.566611738718229433e-06
7.454741716865915098e-06
6.683763637181569540e-06
6.455123574728774868e-06
6.457937246685637005e-06
6.635387242928898809e-06
5.777860342183765188e-06
5.091309389097812752e-06
5.176975486395574507e-06
5.027686901423385156e-06
5.016239238846310182e-06
5.097668316744607359e-06
5.119628235032965790e-06
5.067702863080724462e-06
5.641562795011652786e-06
6.542226237074411004e-06
6.791175199790040139e-06
5.825790726867208223e-06
5.579242419158740449e-06
5.794589467505230994e-06
6.134930121290711673e-06
6.166908480476271845e-06
6.385372341241564721e-06
8.527966765355031274e-06
1.000000000000000251e-05
1.000000000000000251e-05
1.000000000000000251e-05
1.000000000000000251e-05
1.000000000000000251e-05
1.000000000000000251e-05
1.000000000000000251e-05
1.000000000000000251e-05
1.000000000000000251e-05
1.000000000000000251e-05
1.000000000000000251e-05
1.000000000000000251e-05
1.000000000000000251e-05
1.000000000000000251e-05
1.000000000000000251e-05
1.000000000000000251e-05
1.000000000000000251e-05
1.000000000000000251e-05
1.000000000000000251e-05
1.000000000000000251e-05
1.000000000000000251e-05
1.000000000000000251e-05
1.000000000000000251e-05
1.000000000000000251e-05
1.000000000000000251e-05
1.000000000000000251e-05
1.000000000000000251e-05
1.000000000000000251e-05
1.000000000000000251e-05
1.000000000000000251e-05
1.000000000000000251e-05
1.000000000000000251e-05
1.000000000000000251e-05
1.000000000000000251e-05
1.000000000000000251e-05
1.000000000000000251e-05
