3.311945644508080752e-03
9.708569361750626209e-03
7.765369104360248138e-03
5.619716289973479550e-03
6.561485020575946910e-03
3.326428920050826955e-03
7.016172016728376920e-04
1.498081958530286459e-03
7.818102088644837298e-04
9.892567348044815738e-04
1.799624724221597291e-03
3.515626765303446911e-03
1.599071468766319467e-03
9.986633982791157452e-04
2.727614424013853817e-04
2.200204793782877411e-04
7.129944502098079081e-04
5.366604927996318324e-04
4.176112771855880370e-04
1.768915942591248300e-04
1.076899447345825751e-04
2.185534166722358782e-04
1.095337166989518912e-04
1.390612640155448345e-04
9.346141748105531925e-05
1.038771623867400901e-04
4.902714151627145592e-05
1.148575808881003045e-04
5.093452166823338829e-05
6.643414615898483898e-05
3.344640796250166918e-05
3.256949244782082899e-05
4.047724720317363368e-05
2.784503485057803922e-05
2.099524720510791728e-05
1.884681338065041919e-05
2.130256965469520082e-05
2.127911110660141833e-05
1.739971888085541468e-05
1.627906423024580109e-05
1.462719957982243825e-05
1.275371874794432643e-05
1.316219360600798397e-05
1.446178268541862396e-05
1.437097205020537772e-05
1.434121790670837403e-05
1.702478122703501953e-05
1.697316356429631154e-05
1.586246277575199619e-05
1.204990766987342163e-05
1.251370301533253981e-05
1.139884090372314238e-05
1.036592704423961841e-05
1.116509976359436909e-05
1.257084002637302073e-05
1.165501585159346624e-05
9.245656566610778985e-06
8.271641445651703786e-06
9.872633961820903659e-06
1.014885954942193258e-05
9.833520825793753311e-06
1.002695924567653470e-05
9.931388768616610576e-06
1.073925555487153862e-05
1.095192725894409414e-05
1.144410223740438688e-05
1.265565424400048223e-05
1.069563551815434213e-05
1.095107936247471406e-05
1.076032353955012510e-05
8.885556368535247967e-06
8.091773312988938851e-06
7.420064023240667419e-06
8.087968554189607019e-06
8.330546365432180413e-06
9.086300825234366039e-06
9.531747353595818940e-06
8.001453201996521904e-06
7.505946058511063677e-06
7.018273763876460576e-06
7.437134026482226754e-06
6.971312987767303704e-06
7.066426271249054705e-06
7.109104451648770901e-06
6.242275034090271055e-06
5.762616198078502372e-06
5.355717298061072865e-06
5.604919125062301107e-06
6.036336245446616118e-06
7.444001172739751800e-06
9.939707973577080911e-06
9.992582854542133807e-06
9.992744140268749664e-06
9.993378952501003675e-06
1.000000000000000082e-05
1.000000000000000082e-05
1.000000000000000082e-05
1.000000000000000082e-05
1.000000000000000082e-05
1.000000000000000082e-05
