2.752515793561352911e-02
3.366227454027460875e-03
1.336189597654829572e-02
1.891929880711456027e-02
8.390160399275321812e-03
3.323573872302382909e-03
1.063885978796992333e-03
2.701373851104222658e-03
7.663034959308667651e-04
3.529246366720992212e-04
2.639361850482671167e-04
4.063029178212917742e-04
2.173928018489917544e-04
1.900115513698830941e-04
3.450525226304832589e-04
1.734635813360680724e-04
1.796809889892514022e-04
1.608745025032642917e-04
8.358448478819689557e-05
8.446341309181437077e-05
8.041469204322076330e-05
7.804331912654400910e-05
7.552668659795014751e-05
7.130913455260578322e-05
4.905180415319116126e-05
6.391401231919993902e-05
5.116996550480044264e-05
4.543450914440203936e-05
4.434201470796728291e-05
6.189025621383494372e-05
4.924731308044174406e-05
3.718443445699331189e-05
3.443920756283259000e-05
3.131224820736424268e-05
4.379279870916649671e-05
2.840664462699117926e-05
2.390755156034755547e-05
1.883014305416322244e-05
1.915623276486836158e-05
1.494425222014862729e-05
1.719906168081483311e-05
1.786049521961753281e-05
1.699351295815844070e-05
1.787825936664494929e-05
1.602984078914190415e-05
1.645677232279670215e-05
1.387905617653254918e-05
1.230559682989216351e-05
9.345933182181101619e-06
7.288505282276771476e-06
6.592746629489283557e-06
5.593175879503436931e-06
5.339160519979109196e-06
5.017592905885873672e-06
4.667696251065741893e-06
5.074473910848117876e-06
6.002535935398140358e-06
5.323465553470103098e-06
4.848525531787336402e-06
4.721526175081476313e-06
4.763329655015099517e-06
4.911365143349947826e-06
5.314066299805418549e-06
6.036783087856840434e-06
1.002867728492768359e-05
1.000000000000000082e-05
1.000000000000000082e-05
1.000000000000000082e-05
1.000000000000000082e-05
1.000000000000000082e-05
1.000000000000000082e-05
1.000000000000000082e-05
1.000000000000000082e-05
1.000000000000000082e-05
1.000000000000000082e-05
1.000000000000000082e-05
1.000000000000000082e-05
1.000000000000000082e-05
1.000000000000000082e-05
1.000000000000000082e-05
1.000000000000000082e-05
1.000000000000000082e-05
1.000000000000000082e-05
1.000000000000000082e-05
1.000000000000000082e-05
1.000000000000000082e-05
1.000000000000000082e-05
1.000000000000000082e-05
1.000000000000000082e-05
1.000000000000000082e-05
1.000000000000000082e-05
1.000000000000000082e-05
1.000000000000000082e-05
1.000000000000000082e-05
1.000000000000000082e-05
1.000000000000000082e-05
1.000000000000000082e-05
1.000000000000000082e-05
1.000000000000000082e-05
1.000000000000000082e-05
