3.168449041157031174e-03
1.403027483697481858e-03
6.746466183844016190e-04
9.168119000606547112e-04
2.917418032605541387e-04
1.309808730265517903e-04
9.300736586757938230e-05
6.864099608047624591e-05
7.035912118372929258e-05
3.313769468822592122e-05
1.682582267446854199e-05
1.330478624855832532e-05
1.189077718330810788e-05
1.442843977079344695e-05
7.453444133987623027e-06
7.791106543627290950e-06
6.838409986923496355e-06
6.591706030096367773e-06
6.305203531688452706e-06
6.706703651595173098e-06
7.120154383038499599e-06
5.843335216173431983e-06
5.001928170250621626e-06
4.865468060595160939e-06
5.122978442590038339e-06
5.108382602853454591e-06
4.983064589233287238e-06
5.361833524322276676e-06
5.626516323456548498e-06
5.007351291585975837e-06
5.081111610117589262e-06
5.201208951895328468e-06
5.087475668627384844e-06
5.087386880852528961e-06
5.082096285314419460e-06
5.164360795535422478e-06
5.301268852874429011e-06
5.530196347786072402e-06
5.432916129714148367e-06
5.390266905971435400e-06
5.348386465267483514e-06
5.343735676851794546e-06
5.106677492097589041e-06
5.173485118286514094e-06
5.556059300530212348e-06
5.736101109011352483e-06
5.988307052596107562e-06
6.240546353466466674e-06
6.584332223917217570e-06
6.343776953589395042e-06
5.128394198623875573e-06
5.095103478443889999e-06
6.718487952628094888e-06
6.648608752364616080e-06
6.307881058338486960e-06
5.888310860213152479e-06
6.164487518819229781e-06
6.534677319787194175e-06
6.423132373319217048e-06
6.796843449870826359e-06
9.349568338732594080e-06
9.950745090536259265e-06
9.992286495815263131e-06
1.000000000000000251e-05
1.000000000000000251e-05
1.000000000000000251e-05
1.000000000000000251e-05
1.000000000000000251e-05
1.000000000000000251e-05
1.000000000000000251e-05
1.000000000000000251e-05
1.000000000000000251e-05
1.000000000000000251e-05
1.000000000000000251e-05
1.000000000000000251e-05
1.000000000000000251e-05
1.000000000000000251e-05
1.000000000000000251e-05
1.000000000000000251e-05
1.000000000000000251e-05
1.000000000000000251e-05
1.000000000000000251e-05
1.000000000000000251e-05
1.000000000000000251e-05
1.000000000000000251e-05
1.000000000000000251e-05
1.000000000000000251e-05
1.000000000000000251e-05
1.000000000000000251e-05
1.000000000000000251e-05
1.000000000000000251e-05
1.000000000000000251e-05
1.000000000000000251e-05
1.000000000000000251e-05
1.000000000000000251e-05
1.000000000000000251e-05
1.000000000000000251e-05
1.000000000000000251e-05
1.000000000000000251e-05
1.000000000000000251e-05
