5.792503820145624219e-03
4.176061474372582891e-03
2.778014563799814651e-03
3.666523163725870626e-03
1.095571640014722254e-03
2.694981577905687111e-04
8.413789665995622931e-05
1.327426060527816740e-04
7.316822112086715567e-05
1.081477327850119706e-04
7.293116269203467285e-05
2.935027736447765338e-05
4.393227870542159419e-05
8.137029180880231633e-05
2.765437023233889989e-05
2.546943864098183318e-05
2.137215070978681138e-05
2.486720395324675843e-05
2.244411909176535004e-05
2.736087475951844142e-05
1.169744524813579530e-05
9.733046644678596245e-06
1.173293547210257809e-05
1.089557581449473676e-05
9.118496747505716975e-06
8.620133170518019623e-06
8.260438093889938284e-06
9.440407800570150358e-06
7.187213308046103980e-06
6.999112037815701174e-06
5.590816203061314513e-06
4.980321092939836684e-06
6.421028615843877912e-06
6.505328145948684657e-06
5.621509526576164858e-06
5.275075238052399015e-06
4.928844741646844884e-06
4.773958297580401558e-06
4.883799879634522361e-06
4.996996308785168545e-06
5.124638214710620781e-06
5.072148325916423546e-06
5.011693535765244046e-06
4.835907122877662445e-06
4.811977167502557902e-06
4.944576669747569279e-06
4.950952354934922220e-06
5.295689942336245090e-06
5.752908826200720602e-06
5.734550638696803177e-06
5.050075426190394953e-06
5.288912228068946131e-06
6.505873979000473058e-06
6.651347645565270924e-06
5.809436430928976641e-06
5.635045991070613656e-06
6.037868043833984030e-06
6.618083304214763299e-06
6.803048193398329668e-06
7.255024710275745703e-06
9.909702498944821761e-06
1.000000000000000082e-05
1.000000000000000082e-05
1.000000000000000082e-05
1.000000000000000082e-05
1.000000000000000082e-05
1.000000000000000082e-05
1.000000000000000082e-05
1.000000000000000082e-05
1.000000000000000082e-05
1.000000000000000082e-05
1.000000000000000082e-05
1.000000000000000082e-05
1.000000000000000082e-05
1.000000000000000082e-05
1.000000000000000082e-05
1.000000000000000082e-05
1.000000000000000082e-05
1.000000000000000082e-05
1.000000000000000082e-05
1.000000000000000082e-05
1.000000000000000082e-05
1.000000000000000082e-05
1.000000000000000082e-05
1.000000000000000082e-05
1.000000000000000082e-05
1.000000000000000082e-05
1.000000000000000082e-05
1.000000000000000082e-05
1.000000000000000082e-05
1.000000000000000082e-05
1.000000000000000082e-05
1.000000000000000082e-05
1.000000000000000082e-05
1.000000000000000082e-05
1.000000000000000082e-05
1.000000000000000082e-05
1.000000000000000082e-05
1.000000000000000082e-05
1.000000000000000082e-05
