1.452181504228474904e-02
5.856658832976447196e-03
1.633185587551278569e-03
2.732599809739716303e-03
2.555336575434632735e-03
5.894670423183743764e-04
1.587790339636562745e-03
5.020317258235485131e-04
4.320584904848283466e-04
1.078079914649936346e-04
1.708230210245119255e-04
1.152946758616423114e-04
1.151870461611526525e-04
1.041744394482366118e-04
7.353779578839118143e-05
4.585032980208253141e-05
4.050641058469820681e-05
5.258908678220536472e-05
3.583879684319938680e-05
3.889440218044052543e-05
2.654021682222943481e-05
3.499641931338633524e-05
4.455127629701698442e-05
2.312171273811149187e-05
3.433376078134866308e-05
2.129552839850057483e-05
1.683042527285196779e-05
2.260837864392608988e-05
1.863848331386849704e-05
1.934649988919514971e-05
1.208323304195372997e-05
9.702131537840577902e-06
1.601726629660613728e-05
1.562827557790723472e-05
9.530701709358498465e-06
9.479685773380266983e-06
8.928468573998571769e-06
9.050841574492292220e-06
9.268755104268431381e-06
8.715044591494629193e-06
9.739207732897977275e-06
8.540755576653782626e-06
7.348286993236126689e-06
6.923043571120756632e-06
6.430589445580252758e-06
5.451655719275309243e-06
5.067388769426261909e-06
4.769939048008078196e-06
4.755704287550426614e-06
4.806204426301822825e-06
4.830290452092618641e-06
5.000479467642123792e-06
6.004836126334202413e-06
6.078347432675358009e-06
5.701321464448237856e-06
5.407980923365659123e-06
5.655708475130862619e-06
5.691685601430148567e-06
5.876202620384209418e-06
6.311016808707853784e-06
9.946973352410194884e-06
1.000000000000000421e-05
1.000000000000000421e-05
1.000000000000000421e-05
1.000000000000000421e-05
1.000000000000000421e-05
1.000000000000000421e-05
1.000000000000000421e-05
1.000000000000000421e-05
1.000000000000000421e-05
1.000000000000000421e-05
1.000000000000000421e-05
1.000000000000000421e-05
1.000000000000000421e-05
1.000000000000000421e-05
1.000000000000000421e-05
1.000000000000000421e-05
1.000000000000000421e-05
1.000000000000000421e-05
1.000000000000000421e-05
1.000000000000000421e-05
1.000000000000000421e-05
1.000000000000000421e-05
1.000000000000000421e-05
1.000000000000000421e-05
1.000000000000000421e-05
1.000000000000000421e-05
1.000000000000000421e-05
1.000000000000000421e-05
1.000000000000000421e-05
1.000000000000000421e-05
1.000000000000000421e-05
1.000000000000000421e-05
1.000000000000000421e-05
1.000000000000000421e-05
1.000000000000000421e-05
1.000000000000000421e-05
1.000000000000000421e-05
1.000000000000000421e-05
1.000000000000000421e-05
