1.877305028730274009e-02
8.831158972247095743e-03
8.561919617783355155e-03
1.009001441330535827e-02
7.993554790857568607e-03
2.594664428357982330e-03
2.266435654910835869e-03
9.546003130640811707e-04
1.023555475970638548e-03
3.594091820919540783e-04
4.169066810814037139e-04
1.146718076714097742e-04
1.624102703559228552e-04
2.865096856945604348e-04
1.343096279756094650e-04
2.370923390312747333e-04
8.649611563574276848e-05
9.371753942214530871e-05
6.153252504892475435e-05
9.929934364865781484e-05
6.095442201919431602e-05
4.858727437148590650e-05
7.255397842503987600e-05
4.432947174422618373e-05
4.482279429172635727e-05
5.442585963993165486e-05
4.286366161929958867e-05
4.264098283598350200e-05
7.250141272987621155e-05
3.825934676112779470e-05
4.941015995688244572e-05
2.582505510512050692e-05
2.944537905261865592e-05
2.295793988696795800e-05
2.142573007465367157e-05
1.748166721348039921e-05
1.733697925588421432e-05
1.316948160267530532e-05
1.503448170305332413e-05
1.432073470232696811e-05
1.712673398278806642e-05
1.416671151784673266e-05
1.394848210162599602e-05
1.240098035765561551e-05
9.550512028158599599e-06
8.565628248939359296e-06
6.494266600759054798e-06
5.969066954816496068e-06
5.328473114881541474e-06
4.998776259427779445e-06
4.876616301017590099e-06
4.593760717397120891e-06
5.429008257722000525e-06
6.058784075162656855e-06
4.898972255192312757e-06
4.804535373928047207e-06
4.689506443623806232e-06
4.833797765252327341e-06
5.334671214930978055e-06
5.772026106423870117e-06
9.929454215606959254e-06
9.999999999999999124e-06
9.999999999999999124e-06
9.999999999999999124e-06
9.999999999999999124e-06
9.999999999999999124e-06
9.999999999999999124e-06
9.999999999999999124e-06
9.999999999999999124e-06
9.999999999999999124e-06
9.999999999999999124e-06
9.999999999999999124e-06
9.999999999999999124e-06
9.999999999999999124e-06
9.999999999999999124e-06
9.999999999999999124e-06
9.999999999999999124e-06
9.999999999999999124e-06
9.999999999999999124e-06
9.999999999999999124e-06
9.999999999999999124e-06
9.999999999999999124e-06
9.999999999999999124e-06
9.999999999999999124e-06
9.999999999999999124e-06
9.999999999999999124e-06
9.999999999999999124e-06
9.999999999999999124e-06
9.999999999999999124e-06
9.999999999999999124e-06
9.999999999999999124e-06
9.999999999999999124e-06
9.999999999999999124e-06
9.999999999999999124e-06
9.999999999999999124e-06
9.999999999999999124e-06
9.999999999999999124e-06
9.999999999999999124e-06
9.999999999999999124e-06
9.999999999999999124e-06
