8.310772435866160129e-03
3.524115235342197092e-03
1.830241673086125060e-03
5.886533151703190591e-04
1.347200229306188407e-03
1.625458908935015776e-03
8.957473772116495174e-04
9.805734170705163524e-04
3.265088935704888004e-04
2.553331203045937099e-04
1.929504649628631884e-04
1.191690289853839142e-04
2.081275254655633763e-04
6.203593169444091547e-05
5.574809817111350005e-05
2.109580862744641846e-04
3.201796564185308171e-05
5.264754361072804592e-05
2.379624227277245184e-05
3.608004731094074870e-05
2.639940226338132945e-05
2.354102315105816175e-05
1.747797920613430083e-05
1.427317780562814676e-05
1.317570933567639858e-05
1.314893758013106476e-05
1.025064109887750703e-05
1.164124910045041342e-05
1.387796256101904466e-05
1.053241504747312233e-05
1.525603684513631286e-05
9.182793749584869971e-06
9.265178453179745804e-06
9.581288195079520849e-06
1.400310895753094313e-05
9.145886149643150861e-06
8.067688233715227683e-06
9.920246162539648782e-06
1.368805427111930131e-05
1.103363211104938523e-05
8.457578078907581850e-06
6.822047245037438258e-06
6.558550930489046185e-06
5.683340703781551607e-06
7.515131639457363432e-06
5.771046949047073268e-06
5.514502416338785832e-06
6.065873432588624366e-06
5.852284227730059734e-06
7.431308159638394288e-06
5.775282749141162695e-06
5.763669867821907873e-06
5.664596678453844449e-06
5.444238379195495940e-06
5.398629344681622664e-06
5.389997487379757852e-06
5.297679566126973523e-06
5.356660349328387844e-06
5.360523304656078271e-06
5.192720007946557312e-06
5.363857049428942518e-06
5.198611203203595127e-06
5.183413879306054445e-06
5.140613003064195158e-06
5.135191529504572082e-06
5.171527366783324119e-06
5.534673867797328094e-06
5.220230547671970261e-06
5.095440609114044288e-06
5.252217519273534894e-06
5.369605718757705702e-06
5.172580475755345696e-06
5.031945805530760248e-06
5.123419031530429866e-06
5.280245235730260717e-06
5.289600227335705641e-06
5.327816043018128951e-06
5.449268247267642272e-06
5.374257525627002929e-06
5.342058519508888971e-06
5.488475780746932996e-06
5.850262781493473037e-06
5.820216588945517698e-06
6.139737279400865200e-06
6.231837816941967714e-06
6.418587465319386055e-06
6.475492664193184234e-06
6.492020276634637023e-06
6.649624310284522735e-06
6.705315877055138335e-06
5.240352705999678140e-06
5.292475610279520004e-06
6.001318935035872066e-06
6.867516682000982614e-06
7.129737007098393669e-06
7.093408414022562369e-06
7.083143361949640036e-06
6.652419134195780856e-06
6.342496633960358132e-06
6.191030678917419904e-06
