9.405718623417047564e-03
3.430446479145888520e-03
1.957447146354184594e-03
6.662062110038422446e-04
1.539685964577736967e-03
2.149187686092182952e-03
2.388132650978360902e-03
9.241496854838004505e-04
1.409056653590603624e-04
1.813358334658158927e-04
3.441057835201927770e-04
2.486279656359528887e-04
2.743556891529414172e-04
2.333406000722930017e-04
1.259318720960807053e-04
7.342685669137983466e-05
6.068962122938784516e-05
4.556958665324721129e-05
4.370726674851623358e-05
6.627605664588512649e-05
2.970473703319831619e-05
2.848286727069956084e-05
1.734748520005285319e-05
1.374827514703858224e-05
2.566407751231973398e-05
1.698358955070788736e-05
1.243239971607418992e-05
1.801995930724782673e-05
2.580376003663142965e-05
2.681803254775088469e-05
1.045804619074305258e-05
1.145208509825100800e-05
1.234672643733289831e-05
1.074249919588748534e-05
1.198950452439852989e-05
1.100400400866548175e-05
9.337195918034712212e-06
1.352916438686160126e-05
1.509696989535421330e-05
9.024169122901144315e-06
9.402849504398866969e-06
7.910229854501220066e-06
7.068907459511531926e-06
5.986192850979325590e-06
6.049276604864876634e-06
6.134371543640382197e-06
5.592070788590867862e-06
5.755266264202105659e-06
6.765759857452528252e-06
7.992532085337936872e-06
8.815362950239688281e-06
6.724691019563247154e-06
6.817023464112284069e-06
6.576136310967810764e-06
6.179291266333460505e-06
5.346368393804526481e-06
5.406262676499276733e-06
5.187271498055432405e-06
5.271290021188035330e-06
5.455925192135354642e-06
5.232310665694727009e-06
5.294777949592752022e-06
5.317306004647580480e-06
5.189473232838479951e-06
5.178463813613570733e-06
5.345733575665773663e-06
5.582770914464918057e-06
5.702280661086393615e-06
5.267604035803447701e-06
5.328718145493244624e-06
5.176568347234858701e-06
5.150407941239704146e-06
5.057971920246835880e-06
4.930972272048879828e-06
5.000416493293934854e-06
5.167809758119254536e-06
5.213037947143000771e-06
5.233583642858706669e-06
5.228667567542796708e-06
5.219124842497039615e-06
5.229035196431443452e-06
4.998600723695139679e-06
5.059105620962470022e-06
5.050764855426503198e-06
5.219960725884072574e-06
5.630510023952605614e-06
5.782916889231604115e-06
6.077559766632120365e-06
6.517855125634320578e-06
6.518245771716055214e-06
5.162027794449542943e-06
5.291070779574434905e-06
5.741389362485120277e-06
6.964112343575522827e-06
7.082602752190881829e-06
7.132511972556310614e-06
6.974638072479822286e-06
6.648338012138291445e-06
6.204655481050666804e-06
5.991756777323559150e-06
