1.553993284739590801e-02
7.004403238103062632e-03
4.096934207124948261e-03
1.106741123678391375e-03
2.797687172372939797e-03
3.272354986744858887e-03
3.936969477422793372e-03
2.738524313072907869e-03
8.781545498574841110e-04
5.625375209988830311e-04
5.539204186966919640e-04
4.491612744315213492e-04
3.219997756486843920e-04
2.256835295386303258e-04
1.747203774464499979e-04
3.778138123404964745e-04
1.984706462889772392e-04
1.025349165005469410e-04
8.964314083631134489e-05
1.382434044673081408e-04
1.433863569101317243e-04
6.155042250150711994e-05
5.217926807802935555e-05
6.725905839397192337e-05
3.946477949251925836e-05
5.325709975844023240e-05
4.265565940714109066e-05
5.643917598928647079e-05
3.682058348108855559e-05
5.745305404815074802e-05
6.249582001144095560e-05
2.647484547110601260e-05
4.101858571750481081e-05
2.138281832209253564e-05
3.911253914260888817e-05
2.805600988098782658e-05
2.085688888309973618e-05
2.162962371392818751e-05
3.843763023221650988e-05
2.299705723823951519e-05
2.849249346359461973e-05
1.893150062873305458e-05
1.778016725148430499e-05
1.830159839580423114e-05
1.443670315259235871e-05
1.302666204555217104e-05
1.440354997219560515e-05
1.575926962520581489e-05
1.483126176362553308e-05
1.625955553796449874e-05
2.277937917045782851e-05
1.852240496773586222e-05
1.767055928377796298e-05
1.281922186147227721e-05
1.370058099225952521e-05
1.115352320778509539e-05
1.037511742207980562e-05
1.034547115784798985e-05
8.693288431092731808e-06
1.067678655102955978e-05
1.109017547386490576e-05
1.042184422684883292e-05
1.087880145179995676e-05
9.582246379493611970e-06
9.591736047289991894e-06
9.240350141999234554e-06
8.071936352160713813e-06
9.139687107375482777e-06
8.937458140821640345e-06
8.416541830792939014e-06
8.892912261017539853e-06
8.041108453889352444e-06
7.987098395301284054e-06
7.609522451332296074e-06
7.253103863025449311e-06
6.581606617787506418e-06
6.648276975364560820e-06
6.674346608420143877e-06
6.295468213714910956e-06
6.339881304442125796e-06
6.382316170037285406e-06
6.567442255309766379e-06
6.125022740837456946e-06
5.673236956789541400e-06
5.491982744684430761e-06
5.121488391347217370e-06
5.151177366515556947e-06
5.277538733840830632e-06
5.488594280400012854e-06
5.630103921919130518e-06
4.919263981068268480e-06
5.192273655534590521e-06
5.166291705746403598e-06
5.934017419423156526e-06
6.351894739027211557e-06
6.585526115028331411e-06
6.607844067214425912e-06
6.109398369737279308e-06
5.564875572168223896e-06
5.425718964307099593e-06
