4.543785913076268945e-02
2.425871492599824403e-02
1.691221810234239120e-02
4.778640088720703324e-03
9.082569091577183742e-03
8.034803325374251931e-03
1.136828822087141387e-02
9.968222131523468005e-03
3.895235811366770141e-03
3.593685235377776840e-03
2.941460663195001862e-03
1.596346558053070991e-03
2.431985437776872701e-03
5.440520007169152980e-04
1.586797841862845745e-03
2.733695169481841283e-03
8.677410819861475786e-04
7.892522274632607360e-04
4.044823799594715000e-04
7.131144679375101816e-04
5.778959738863286054e-04
6.957130965030008333e-04
3.265216525838122107e-04
2.261667580557737275e-04
2.732635514169878517e-04
4.272903995770398959e-04
1.380002157691894284e-04
1.714278169339306427e-04
1.924757511472700107e-04
2.015928099351069148e-04
1.411774613590717758e-04
2.914253631070961442e-04
1.810028228685303805e-04
2.016826634210892074e-04
3.141860940867551412e-04
2.448677366638234328e-04
1.151211609404066428e-04
1.540330376218209220e-04
1.413393354180977391e-04
7.648722239720400699e-05
6.852553707150648853e-05
9.355743147726484552e-05
8.793220498240432556e-05
1.239051335999317906e-04
9.125589326035081180e-05
6.991953389794900971e-05
1.435810329867460045e-04
9.602735968830203176e-05
8.746525506712035560e-05
1.159729979702150184e-04
6.299571062752270351e-05
6.215850190034898277e-05
7.918951356165578395e-05
6.485832628705063619e-05
4.482824436293874996e-05
3.633233063599040566e-05
5.644047009412619817e-05
6.467334772202220554e-05
6.941941010718503534e-05
4.906114560282903887e-05
7.162355319406862582e-05
6.617970227925123637e-05
7.230099483961197103e-05
5.069826298466583142e-05
3.405917334833336192e-05
3.232147962006587610e-05
3.139351705530390942e-05
2.483018049614278293e-05
2.624295521597974013e-05
3.753070411649439341e-05
2.981538425595886435e-05
4.184440921592650627e-05
1.928565723722628787e-05
2.209925587219732768e-05
2.235944180216172271e-05
2.308162744826427920e-05
2.500056057257471576e-05
3.489031332160252911e-05
2.771114377345894106e-05
2.731967757809653985e-05
1.696675984828784970e-05
1.621856251405485999e-05
1.704221360393557539e-05
1.078494417228318556e-05
1.476192503942433211e-05
1.274130363611952518e-05
9.646684805803962322e-06
7.425996289029042340e-06
6.948648255165927908e-06
6.615426940365080633e-06
6.278683380796155043e-06
6.380721483153187454e-06
5.540015312426466650e-06
5.348214210390999279e-06
5.247336541756663877e-06
5.326359344452766487e-06
5.217139848078588684e-06
5.242678939714415276e-06
5.656741540833433731e-06
6.012151951410571788e-06
