3.365946909222818865e-03
2.203200465906554432e-03
1.587132300844688133e-03
2.928135337187837985e-04
1.191107582699871270e-03
5.353731843675763394e-04
6.643574620244891652e-04
3.180477693647981740e-04
2.554427068392579533e-04
1.408140518261163801e-04
1.412410724662758576e-04
1.362736859709739133e-04
1.995473999837859256e-05
9.278193657821426680e-05
9.452101893702661434e-05
3.762292837164367296e-05
1.582893525269156402e-05
1.164538938116573115e-05
1.567541194887416047e-05
1.093727819628201917e-05
1.691042366201035284e-05
1.037897320884391107e-05
8.005339187027476258e-06
1.510067008999236212e-05
9.225011746729049541e-06
1.079669126627841526e-05
8.552015089613866400e-06
7.459494621042233250e-06
7.886752547407773888e-06
1.036591429390027850e-05
6.841636485400581322e-06
8.289508259075348235e-06
9.028182848444307588e-06
5.753616210334672454e-06
6.011074942372386050e-06
6.075590655434904399e-06
6.129656796407572271e-06
6.409127834096234096e-06
5.681840531755909277e-06
6.035497694968994217e-06
5.346789816202816643e-06
5.164389220590533073e-06
5.152326229088039710e-06
5.260791295709425635e-06
5.268585662249944729e-06
5.245000642356695072e-06
5.296061745398702254e-06
5.114951876946517465e-06
5.334048847889848704e-06
5.048821045473605609e-06
5.189841470669951957e-06
5.443410276091416724e-06
5.400513130151285367e-06
5.402859270420249712e-06
5.422604214325843210e-06
5.141730635665205995e-06
4.936074813567359672e-06
5.046078538056449375e-06
5.419935303601723981e-06
5.246686690878358651e-06
5.239389285447946771e-06
5.569531566177990574e-06
5.505016742302857243e-06
5.572615022596940840e-06
5.551962768704477297e-06
5.309396028971344278e-06
5.213684648069293174e-06
5.094690233265958333e-06
5.199063939985139622e-06
5.345655375263089204e-06
5.389924079509943109e-06
5.411348396841495024e-06
5.666314574386037803e-06
6.033023912897485628e-06
6.039556060410084238e-06
6.087411279786656744e-06
6.079358400178945507e-06
6.255571614017811862e-06
6.225717263209784653e-06
6.570353374386574268e-06
6.744108316739978607e-06
6.767097160531762038e-06
6.763589051766219349e-06
6.506328018788738934e-06
5.784789292985042341e-06
5.364753509451377600e-06
5.286545519268519362e-06
6.498444464373249987e-06
6.855425023167274047e-06
6.778080503287966275e-06
6.880817091939966541e-06
6.604900808553041823e-06
6.511716340515968674e-06
6.317859494605340486e-06
6.318893216209309178e-06
6.447892877810559731e-06
6.798411109786051187e-06
6.972146177887041518e-06
6.917594138701750884e-06
7.133928678109215216e-06
