6.198154386088229953e-03
1.646204557847159855e-02
1.490805772199344827e-02
9.997519430336490251e-03
1.118534733920191482e-02
6.114882987519004373e-03
1.757745133231758319e-03
2.963924589232494987e-03
1.856686064124497999e-03
4.108124210830762027e-03
3.874510028184561302e-03
5.851993605991995077e-03
2.035252650853570239e-03
1.062594807566985761e-03
4.111152880618630830e-04
1.066572556806271452e-03
1.195268888782961272e-03
1.247452621834215436e-03
9.477517941346623670e-04
5.010162673290755042e-04
4.003724494009613445e-04
6.797341802989711546e-04
2.616474215230232977e-04
3.218166589660617269e-04
2.458773694017763974e-04
3.985167784601992605e-04
2.250022357295901972e-04
2.575603853458698447e-04
1.582373380310977517e-04
1.603060090424535057e-04
1.085106035594578814e-04
9.428353318665891900e-05
9.346093391525994872e-05
6.918975514942979485e-05
5.887945140008049865e-05
4.314701022339699748e-05
7.318533488061522028e-05
6.838818582572992215e-05
6.226725908625283694e-05
5.762315796560226909e-05
4.436345184830401404e-05
2.647115476745504458e-05
2.452929094622249937e-05
2.569936503150284688e-05
2.836999468196039638e-05
3.134089605450717235e-05
4.009803092491384902e-05
4.574526360899860598e-05
4.639965627255858221e-05
2.722680712261502315e-05
2.683351355143340257e-05
2.661926746301109662e-05
2.279205543484729953e-05
2.248009856053508765e-05
2.603465987446041395e-05
2.912755488916770973e-05
3.075574395108210716e-05
2.482726002136120111e-05
2.829898918994338557e-05
2.549971053697662146e-05
2.399157126387729873e-05
2.333948977573860317e-05
2.393941856503505804e-05
2.182020949697895286e-05
1.765791233384566468e-05
2.600042544062224404e-05
2.835303439751661513e-05
2.677632106520766309e-05
2.392953234024467412e-05
2.458120528319267036e-05
2.018769648170637901e-05
1.611025236446358213e-05
1.703629941912731705e-05
1.899960045939637270e-05
2.127842811882702602e-05
2.466409558405650807e-05
2.395358386219169011e-05
1.908866219251171542e-05
1.448428477582709115e-05
1.294404857145134000e-05
1.170806383488794429e-05
1.236735717970301887e-05
1.196789968378586279e-05
1.143970100027526809e-05
1.063130545979655801e-05
1.027809303841917316e-05
8.072470506797797203e-06
6.748535276359209217e-06
5.570907465794919850e-06
5.527473975992975192e-06
6.108073161817068693e-06
9.462441647743367350e-06
9.999596429222196658e-06
9.998595242447006997e-06
1.000136688765713782e-05
1.000229250726411246e-05
1.000176235126235661e-05
1.000165826904142290e-05
1.000000000000000082e-05
1.000000000000000082e-05
