9.076877608456067337e-03
7.251890659936698590e-03
4.564063744149275334e-03
4.953604373551073444e-04
3.632018282374239321e-03
3.700150820483098704e-03
4.152000585028139956e-03
5.901245733383060068e-04
2.873763323389318136e-04
2.496962646693350486e-04
1.972826220180245570e-04
4.300214371187768793e-04
2.035334715820130951e-04
2.120018747298887474e-04
2.000989244326191658e-04
8.596236177464320304e-05
6.836608217936704639e-05
7.224777699376835839e-05
5.203735563718165378e-05
3.813664426478192038e-05
4.009661070291857760e-05
7.068950970367813614e-05
3.157755027107178391e-05
3.032930667395358656e-05
3.932054431336819166e-05
2.898658613977303977e-05
3.499829738355001525e-05
2.584895331171926556e-05
1.831131843239579591e-05
2.924806627793607636e-05
2.993581324082980125e-05
2.666068732893424532e-05
2.491039878546144037e-05
1.641739515629535905e-05
1.769302025393652657e-05
1.520065874470319516e-05
1.562499669371974939e-05
1.216507597904486141e-05
1.163492148601463376e-05
1.512583993954212165e-05
9.656812030652174114e-06
1.534068312673065096e-05
8.565080960897625297e-06
9.027482979807928561e-06
1.351152584130003111e-05
1.318644481097448874e-05
9.616633246673171039e-06
9.782142252401192358e-06
1.431133463924893416e-05
1.161023596761640700e-05
1.363296555709023109e-05
1.140296256945415872e-05
1.039634023857275219e-05
9.582351967090557856e-06
8.275604930471859084e-06
5.970512131041114886e-06
6.439132508569102459e-06
7.352282660688374455e-06
7.647833588849243006e-06
7.857499408958116361e-06
7.959702328044442309e-06
7.646430582102520997e-06
7.195452130101138875e-06
7.196712243480116595e-06
7.600897446605260721e-06
6.870128036574655248e-06
6.096442381465114351e-06
6.277615291056631278e-06
6.041349505348437571e-06
5.891568432122600711e-06
5.496056346005471437e-06
5.427303733222838694e-06
5.241733060137198376e-06
5.329271278773947714e-06
5.501608314637763572e-06
5.510879116661720867e-06
5.637220395807326134e-06
5.288536764451289216e-06
5.202174819918084783e-06
5.312263954238309596e-06
5.187887394837647536e-06
5.536722512737497396e-06
5.774816827725117287e-06
5.960834872077438331e-06
5.236659604740054997e-06
5.277452584132031077e-06
5.127802578194745672e-06
6.455772812583603306e-06
6.640238282922873871e-06
6.763767412032586514e-06
6.511215577367417148e-06
6.239376938120510679e-06
5.796102978256853295e-06
5.693853783490990674e-06
5.918359558925236107e-06
6.253137823038919456e-06
6.608103461645167261e-06
6.678163891444517231e-06
6.729282531956187905e-06
6.706171249384179894e-06
