7.576945798414599052e-03
7.785929856428279450e-03
4.658597762572607055e-03
7.430651420952110332e-04
3.320829357375370151e-03
4.118636323781233767e-03
3.592337967454020242e-03
1.793514530678441687e-03
9.963461305391770745e-04
2.383980788429418765e-04
1.899392847521993305e-04
5.601493584036983412e-04
5.276770039160096298e-05
1.607357996364376434e-04
2.156656176033841543e-04
1.503505351828666873e-04
1.012196683416446763e-04
6.568958065345226855e-05
1.050315889850255238e-04
1.028974782845597447e-04
1.581657617996092761e-04
7.950499962361011388e-05
3.691454176439654084e-05
5.486756655331907875e-05
2.757732390563938452e-05
4.875320939986622004e-05
4.836730221808797751e-05
3.579773726549458876e-05
2.628843409133355041e-05
2.342802293552819859e-05
2.204422391665742011e-05
2.724550909259601539e-05
2.402307013726198560e-05
1.493566091408564973e-05
1.440071261540867281e-05
1.880643048683641020e-05
1.266642375588620087e-05
1.381505421322209618e-05
1.117141570074614802e-05
1.568694731486435477e-05
1.262387575011904696e-05
1.333202591987241948e-05
1.075504826021108197e-05
1.407334955837027367e-05
1.176752255094621484e-05
1.379732459342148929e-05
1.172637007954224642e-05
1.077549496281949055e-05
1.971986873498104897e-05
1.165704347919044288e-05
7.996659363479009095e-06
8.083005108684493940e-06
6.076896701678763920e-06
5.950796953391557193e-06
6.454892037668154454e-06
7.097800644444933963e-06
9.097697266015692324e-06
9.247853443268759952e-06
9.961030480987373211e-06
7.189175156473042287e-06
6.445162580959054675e-06
6.610470761691129533e-06
6.517942905389480983e-06
6.673742641855334017e-06
7.559090092063454020e-06
8.765259551161994289e-06
8.658963242593073711e-06
6.352505813298558332e-06
5.850412880053369911e-06
5.477904070504723471e-06
5.113834956331758478e-06
5.119599627599922620e-06
5.052377090029580734e-06
5.453525346936755550e-06
5.258473362471724787e-06
5.488760583762820640e-06
5.125982702540068909e-06
4.989696995506940812e-06
5.049718818028419210e-06
5.142791684099377323e-06
5.359119147020339978e-06
5.395527947890013197e-06
5.521531191792880175e-06
5.646860559747135428e-06
5.001420593914194760e-06
5.175139062701166505e-06
5.258152271959113283e-06
6.119373340191769611e-06
6.493462888580703567e-06
6.826491285801112148e-06
6.804851003061919898e-06
6.142939689078479679e-06
5.784428489342878461e-06
5.840708088072981576e-06
6.102302455341779608e-06
6.428812361166758362e-06
6.595871158835990615e-06
6.731045715412932306e-06
6.843338623644660055e-06
6.887577911751451999e-06
