4.147718419600449763e-02
3.127506574212218782e-02
1.909923824094355779e-02
6.255374668726501435e-03
7.597587848945787196e-03
3.424150796305050481e-02
1.491135087760975947e-02
1.615429001912385004e-02
2.414631174831296558e-03
3.030818863427359785e-03
1.386858248329935969e-03
2.997834639753080375e-03
1.332724182872298008e-03
1.177390565383105948e-03
1.148256918556234390e-03
5.835443214449054922e-04
7.057219126920447451e-04
2.121207703064478822e-04
3.962906590484772387e-04
1.933661188290079584e-04
2.695591835899418046e-04
4.132103492563369142e-04
5.447021496590322273e-04
2.140374446733907309e-04
2.553962611361561752e-04
3.117771889546273423e-04
2.136706507024788843e-04
2.425173581981527346e-04
1.222062785052765413e-04
2.532500832292160567e-04
1.464789661461072254e-04
1.733071358055003218e-04
1.269046116354240878e-04
2.051170227378300867e-04
1.315026152550481642e-04
2.184401376098924505e-04
1.194635052059977819e-04
1.289813267515280062e-04
5.916599545418544482e-05
1.766629948996911248e-04
1.242197974258143296e-04
1.131889654938836011e-04
6.672199380579106555e-05
6.421282680244877244e-05
1.407244327997967640e-04
8.927491600026744400e-05
7.453081229235447970e-05
5.374790991067548480e-05
5.304796556415628791e-05
6.033895241045989595e-05
5.990070306542595190e-05
5.066816335848497288e-05
7.239281958839855304e-05
5.754673754449384285e-05
5.607346389820572772e-05
4.490674912419446665e-05
3.937852684980331448e-05
7.531514327826310752e-05
1.019172006850388250e-04
7.556784088353930276e-05
3.786339070621777200e-05
3.328124846044553845e-05
4.044853242894961903e-05
4.197371384512676046e-05
3.296070879854321085e-05
3.299880430709362886e-05
4.245154705471079347e-05
3.394910647817952771e-05
2.659977529811080358e-05
2.835536185304049074e-05
3.164261119714758695e-05
3.249928636817129077e-05
4.033522548099090633e-05
4.719511092078601571e-05
3.987005682796305344e-05
3.214572520216862575e-05
2.812332779011386067e-05
1.596187296443394026e-05
1.261429056209585611e-05
1.511516760403789577e-05
1.488309010833136943e-05
1.594809135529397625e-05
1.172110519532657249e-05
8.232504006941513417e-06
7.540143244269921217e-06
6.533286690917809733e-06
5.489274146757311965e-06
5.583978578589428451e-06
5.553712496639028218e-06
5.454476124686144370e-06
5.429666293659793237e-06
7.460098477545773218e-06
8.810662928529908441e-06
7.951338880506659542e-06
6.768208488266285277e-06
5.895185894353952812e-06
5.415351015518819259e-06
5.407097531071145594e-06
5.345861400800708381e-06
5.597253483326231032e-06
