9.953057684354473661e-03
1.850153556406686998e-03
1.079930986116582918e-03
1.011182401792879793e-03
5.634145577736408969e-04
8.537207139351793992e-04
6.295054634191491220e-04
4.045063646901837112e-04
4.411957038662143570e-04
9.143199168886564151e-05
4.338313379897798820e-05
4.160001036529718409e-05
9.323581791308197355e-05
6.557247295939224666e-05
2.121681170253727827e-05
6.329290086525373566e-05
2.855897302839477544e-05
3.284684693628040891e-05
1.970304863642748387e-05
2.002061215083879262e-05
1.997769464574337741e-05
1.807729389902538612e-05
2.699826181258549489e-05
1.200787632143383653e-05
1.298603096775335285e-05
1.269175354941687672e-05
1.045781508230076311e-05
9.449858608737160627e-06
1.009784781843399484e-05
9.877604874512103188e-06
7.587405077665746800e-06
9.694474702274963012e-06
7.011298808503776253e-06
8.656547279383212235e-06
1.353043788377085289e-05
8.866947683100923167e-06
6.930291084391667832e-06
8.771653845232991220e-06
7.060264346278596788e-06
6.505154237201316760e-06
6.445213608250427785e-06
5.805335751091680214e-06
5.954243517438484272e-06
5.704406714328579720e-06
5.505154671413229082e-06
5.613427037187218043e-06
6.015949863875022734e-06
5.683459035752237717e-06
5.824955177966061891e-06
5.755136118648895963e-06
5.905572289888361808e-06
6.221429996372017105e-06
5.768441037883625835e-06
5.527800581369106601e-06
5.584681858688602337e-06
5.601725126977053314e-06
5.420827350809052994e-06
5.495932410121383858e-06
5.539310740667268044e-06
5.359093627546138821e-06
5.526111548248213986e-06
5.556489674465327393e-06
5.396709204584172650e-06
5.617042868732761252e-06
5.428511333811295059e-06
5.418503945884357558e-06
5.303626451564397378e-06
5.324877214454607002e-06
5.365417058607529464e-06
5.414609301115290047e-06
5.383603738358864367e-06
5.474583165929873494e-06
5.530850751089660584e-06
5.662231927508410413e-06
6.045340817087715873e-06
6.469083631151969620e-06
6.668781641496075222e-06
6.913269537331096159e-06
6.849080659342335597e-06
6.456517549489040359e-06
5.263878448957822605e-06
5.239335640995733469e-06
6.416871828610123980e-06
6.953859084624093715e-06
6.983126689298711082e-06
6.970325608752818032e-06
6.691746955749312446e-06
6.352013689019570188e-06
6.266635388266775888e-06
6.436106463304648455e-06
6.809125991501483000e-06
6.807042139909282116e-06
6.889853780710659304e-06
6.797453778516420288e-06
6.934964341654170976e-06
7.830456347214345046e-06
9.811909211613790231e-06
9.962263102172751186e-06
9.999999999999999124e-06
9.999999999999999124e-06
