1.336156792884636742e-02
2.922166891681931764e-03
1.470217744988121114e-03
1.224805532310811566e-03
1.709047879708932649e-03
1.775901432761159242e-03
5.557668684973903969e-04
6.542250032628273235e-04
2.648895870875400183e-04
8.598086141201890468e-05
2.094461236245597402e-04
7.052980528982065488e-05
1.454090290486775969e-04
1.287408405127707833e-04
3.414343351668133546e-05
1.086043622122893562e-04
6.031586658184903899e-05
6.101959012031344786e-05
2.926471909646034564e-05
2.713367604378151194e-05
2.335533908573224986e-05
4.002354791653517439e-05
5.113490358871145821e-05
1.499987308676181989e-05
2.081259099878305757e-05
1.929594568691950097e-05
1.334430855632709828e-05
1.306376793017663231e-05
1.054087614888495507e-05
9.560752031389713255e-06
9.694972266431057091e-06
8.985202521368132486e-06
9.463127504343284567e-06
9.656806344844732993e-06
8.809259709151058949e-06
9.365150179614772637e-06
1.102894354881970891e-05
8.303026512115734760e-06
7.276809701034299623e-06
9.701772206636334549e-06
6.887006609027268559e-06
7.120094960809317276e-06
8.288622343355918993e-06
7.741008940896934950e-06
6.954790169035593290e-06
6.207863123103465553e-06
5.946622063890796645e-06
6.323782423931714007e-06
5.881373582312694302e-06
5.964588033308626335e-06
5.957147628477472130e-06
6.094734151208281343e-06
6.699530453126235239e-06
6.832047443176469386e-06
6.773478616918600419e-06
7.719725660072962022e-06
6.283798129883438604e-06
5.279206880167989259e-06
5.209914008547134868e-06
5.511544050102968713e-06
5.957115262996433241e-06
5.981621416715980233e-06
5.425390347206363907e-06
5.282818882173725763e-06
5.001274073872011262e-06
5.273352742838782081e-06
5.192762013274989056e-06
5.085985679312898549e-06
5.171549484389363990e-06
5.245863801610467142e-06
5.295515535516513574e-06
5.495560043278156681e-06
5.669310719377165668e-06
6.044440838995576488e-06
6.005591137991808746e-06
6.221410243923754912e-06
6.467510691046606552e-06
6.533471547989498402e-06
6.649927777221667595e-06
6.246329457630299495e-06
5.194855184495537221e-06
5.131384633968525595e-06
6.431582323673528313e-06
6.695003341093506090e-06
6.811033473841997623e-06
6.839507718082659991e-06
6.690749860041221046e-06
6.347289311940903749e-06
6.317472417250476400e-06
6.478157164122234601e-06
6.646047261429324368e-06
6.777587624172964254e-06
6.888096033971503242e-06
6.768209661259271758e-06
7.178275607415722585e-06
7.854288382132155685e-06
9.965003369178981589e-06
1.000000000000000251e-05
1.000000000000000251e-05
1.000000000000000251e-05
