3.269414350194185803e-02
6.784204788943542716e-03
3.165893339405231703e-03
2.854827666035779799e-03
3.552171393629487313e-03
4.045672911147967996e-03
3.852170443708192397e-03
1.083887177804056809e-03
8.818081808619035629e-04
1.844065956737149395e-04
3.154962066548106848e-04
4.536264192431879597e-04
5.023459215750680643e-04
1.533260267422403009e-04
8.535803533737940357e-05
3.295276758420769415e-04
1.987525479761419580e-04
1.531484167908759328e-04
1.062164927669055549e-04
9.725162113162094419e-05
1.475184814285102498e-04
1.134448817857155783e-04
1.355198043176476287e-04
5.526446848482300224e-05
6.241239887267006653e-05
7.849223912917215897e-05
6.495206831480739463e-05
5.321586907331549415e-05
3.040381491223723875e-05
4.291686583664267864e-05
2.701148842408095433e-05
2.426788996608713302e-05
3.162873935781567624e-05
1.684405115922042146e-05
1.812652038750104069e-05
2.721132766490899703e-05
3.710921982055024433e-05
2.240631994452128739e-05
2.241024381741278307e-05
2.099602223407608833e-05
2.459243262121843187e-05
1.549713341768795658e-05
1.702402800306872065e-05
2.728471027555367235e-05
1.621825587878586832e-05
1.838027664181752008e-05
1.287724892893336992e-05
1.987244831292584048e-05
9.903687234153228051e-06
1.256202397116426424e-05
9.853133275051160209e-06
8.449731880806320511e-06
8.845682846836579392e-06
1.104544106338524725e-05
1.711107458757487850e-05
1.860195155754375225e-05
1.260334440816946021e-05
1.063205416527842554e-05
1.416801329403107157e-05
1.575627387867502144e-05
1.668977307449392885e-05
1.139993105766086210e-05
6.880633173703862972e-06
6.611095442643127859e-06
6.151699164436594497e-06
6.055867581476249294e-06
6.133022977762354430e-06
6.547560866697964385e-06
6.662368486186694719e-06
5.744877878886381281e-06
5.855286132061453684e-06
5.551528816941270916e-06
5.362591381293212404e-06
5.324799136089660632e-06
5.348208288503043009e-06
4.954753805168053467e-06
5.104132547291588955e-06
5.369134945391163204e-06
5.422231299014921837e-06
5.218735466585511751e-06
5.045858164896697570e-06
4.922329339888860377e-06
6.040078891195217132e-06
6.113520533023914117e-06
6.226852944930225163e-06
6.455488345775396654e-06
5.993182324785508182e-06
5.533914532182687492e-06
5.580482225147972822e-06
5.956100358953724640e-06
6.345354660939483750e-06
6.666496406152905036e-06
6.600640754278206475e-06
6.477801534516069119e-06
6.681415253872755910e-06
7.745935321174848289e-06
9.992469025781558378e-06
9.995132101675066312e-06
9.997905731528224313e-06
9.999999999999999124e-06
