1.145065618679615010e-01
3.067869386876443880e-02
8.322008247010121221e-03
6.372583660200425819e-03
1.236263981258563585e-02
4.431856267384389446e-03
1.169665196778528309e-02
3.619391014073285086e-03
4.359054614366983729e-03
2.646763340630734016e-03
2.007329511653065807e-03
1.356816571241942042e-03
7.389442956574265517e-04
2.129971165082236110e-03
8.254580168093205881e-04
1.239559181155377695e-03
6.748347005601394374e-04
7.738381639474734355e-04
3.798768981775595284e-04
6.029691484998635220e-04
3.978152702938932096e-04
5.641451900067841240e-04
3.331274166843310389e-04
2.234114091104596404e-04
2.969701522034799332e-04
2.582322249342784552e-04
2.186642996993700089e-04
3.455749559121036184e-04
5.874829633396398947e-04
2.499490376019271754e-04
2.417269983774434847e-04
3.258858083988023678e-04
2.106700595307755327e-04
1.459553235326046725e-04
1.277741654174244007e-04
1.476555686427131391e-04
1.211738247232344479e-04
2.071453559691143159e-04
1.419212353194770784e-04
1.480209042021818334e-04
1.252370300582773669e-04
1.373086981062028307e-04
1.848058366110287077e-04
2.163247315862112865e-04
8.328482557784275373e-05
9.051281393879195261e-05
7.547656981164863738e-05
9.781021212278789530e-05
7.029359997317563276e-05
9.050095135276263144e-05
8.766391722019171615e-05
9.774112452435228064e-05
6.443992383029843144e-05
7.644907067297940380e-05
5.935039198395568311e-05
8.465009198346241622e-05
7.029867265716543848e-05
3.869561479515754699e-05
4.725829611543210868e-05
4.835437925413590667e-05
4.085293690468865880e-05
4.380686445289059080e-05
3.464562006913670669e-05
3.810696724988838982e-05
3.992748850723286722e-05
4.985290962149754640e-05
4.661241886957489654e-05
3.590360543467254124e-05
4.191899603399510359e-05
4.130565015612826701e-05
5.178185776042912953e-05
4.129638811120274797e-05
2.917190371953430139e-05
2.076912453309366307e-05
2.028252460410583262e-05
1.898804619171224088e-05
1.450160050582009711e-05
1.288059796876593569e-05
1.122427424990491190e-05
8.576359001416509385e-06
8.417161233698525988e-06
7.062937020241891219e-06
6.676889803332777157e-06
6.524490247597678990e-06
5.808157830388999306e-06
6.232203265537811400e-06
7.156417870962163807e-06
9.250332367994469585e-06
8.528318300205132789e-06
8.130815790467530886e-06
7.705619599493221373e-06
7.328707507297493264e-06
6.726544816499883944e-06
6.218673248941148268e-06
6.062727154151223782e-06
5.852333232572706206e-06
1.005222111264481019e-05
1.000000000000000082e-05
1.000000000000000082e-05
1.000000000000000082e-05
