9.392367585872364935e-03
1.332781828086427667e-03
1.675737643201318655e-03
2.274116878992795126e-04
1.024050050490871340e-03
3.350855858925213962e-04
1.914231228078364642e-04
2.428909203640866740e-04
1.537299980294577339e-04
2.443357657815231924e-04
1.630428354086306075e-04
9.435680678083254586e-05
4.145344249656178975e-05
2.612411279306671869e-05
3.347347304423117629e-05
4.224016014924835029e-05
1.706345628927131262e-05
1.249567031681511247e-05
1.426240076185870477e-05
1.637674020504818208e-05
1.934535125252336650e-05
1.110710179350017886e-05
1.216505639493153868e-05
1.358083520794461112e-05
1.023280683358165859e-05
1.248000057864911875e-05
7.886115391722028044e-06
8.293098375827237775e-06
8.345287627181616219e-06
7.432012332230986313e-06
7.924035870652928315e-06
6.847824800629550533e-06
8.291189626962343543e-06
8.502931629584259404e-06
1.095820512323526384e-05
8.607147158106354625e-06
7.042219613483733730e-06
5.567226337821038317e-06
6.226885766261061353e-06
6.217295096205653417e-06
5.692844959911096673e-06
5.762398999236873986e-06
5.831412462972503383e-06
5.836046256226565837e-06
5.145054694593899121e-06
5.805105396663529401e-06
5.709238281542216031e-06
5.428630933262149367e-06
5.467761848759598044e-06
5.305948976103664220e-06
5.227058586045197480e-06
5.083956802312141538e-06
5.536544877879431435e-06
5.530669704469680243e-06
4.997210027524761730e-06
5.071425646194315624e-06
5.184679350174077493e-06
5.763749412553918536e-06
5.640197399177887297e-06
5.019394300032388670e-06
5.139799678063385384e-06
5.129709091404645676e-06
5.246980501743904365e-06
5.194811837479921523e-06
5.232548888805193519e-06
5.522221497298197727e-06
5.759524664081541510e-06
5.975330583218616525e-06
6.077122343659909036e-06
6.294426384193625196e-06
6.087898207629898315e-06
6.079425760077111374e-06
6.544980194321011891e-06
6.704355000259367368e-06
6.619037264582137089e-06
5.165830132897636586e-06
5.348122366246144931e-06
5.407224270340736612e-06
6.908785783303033259e-06
6.990507081989472535e-06
6.967860144055837337e-06
6.791634474153911629e-06
6.298803757757631709e-06
6.176714345257292535e-06
6.237749568982673239e-06
6.420934119955602670e-06
6.546049743588862609e-06
6.770129717127665547e-06
6.819780834982986871e-06
7.085609708135486769e-06
8.330882422819793336e-06
9.981218737298800118e-06
1.000000000000000251e-05
1.000000000000000251e-05
1.000000000000000251e-05
1.000000000000000251e-05
1.000000000000000251e-05
1.000000000000000251e-05
1.000000000000000251e-05
1.000000000000000251e-05
