2.016589790517606465e-02
3.481345238170131026e-03
3.774584387836452289e-03
1.151658916781491716e-03
2.138960021729881429e-03
1.938486677181078472e-03
5.743473177394652811e-04
9.243400199246522633e-04
3.980688689121197302e-04
2.653079217437309830e-04
6.466525589653753436e-04
2.771586403606867365e-04
2.008207429920710982e-04
9.686177677313667742e-05
8.196276059155151812e-05
8.450090928107423000e-05
2.142415083151415222e-04
1.013286430243974848e-04
5.298065611601960586e-05
1.254872084707526233e-04
5.846904433582380899e-05
3.606864352603057392e-05
3.383365920189811143e-05
9.042345777502646114e-05
3.350868671758170991e-05
4.257111257601992689e-05
4.692534280636802475e-05
2.751750516319209072e-05
3.044217316157081047e-05
3.701319008232591644e-05
2.473489952264157143e-05
2.056828052323712670e-05
2.024709347151084325e-05
1.509685448359752202e-05
1.182176355275965892e-05
1.972157061017043499e-05
3.262639161525274071e-05
1.623164153870283518e-05
1.514249759351464570e-05
1.844955235589730054e-05
1.590879419850727317e-05
2.129539097664214981e-05
2.349444151548377591e-05
1.450467037350590336e-05
1.177637998490231524e-05
9.283347973295622097e-06
9.457728831476154669e-06
8.361063265486565714e-06
7.464439838236141712e-06
6.292165319535846338e-06
7.288218307597828625e-06
1.370540821112963112e-05
8.837308894854497364e-06
7.671808402384741588e-06
7.910172590624894298e-06
7.806007120097598404e-06
6.947497411468399908e-06
8.220161012531332023e-06
1.011299678939506939e-05
6.932230012105729525e-06
5.783488773489842983e-06
6.737611562504443583e-06
6.009466262682684446e-06
5.432702597242004605e-06
5.406797219927687238e-06
5.334668126091371703e-06
5.203279119817095385e-06
5.630854775903026599e-06
5.679696295223386964e-06
5.405799016543444279e-06
5.156597137578528574e-06
5.257191401745452389e-06
5.111296856124592736e-06
5.144417502666297711e-06
5.658305284849416287e-06
5.040155289935329732e-06
5.334627040311318881e-06
5.835841235936964835e-06
6.473475457672031870e-06
6.577538162380357040e-06
6.585479092063407041e-06
6.406175217394594489e-06
6.122689793325588856e-06
5.707636743507980248e-06
5.835681383094681133e-06
6.274754494084938702e-06
6.609244380672249202e-06
6.806643202963051887e-06
6.625352500820687874e-06
7.003911973915333553e-06
9.187632331141607387e-06
1.000000000000000251e-05
1.000000000000000251e-05
1.000000000000000251e-05
1.000000000000000251e-05
1.000000000000000251e-05
1.000000000000000251e-05
1.000000000000000251e-05
1.000000000000000251e-05
1.000000000000000251e-05
