3.792394233578480489e-02
7.270423235496114613e-03
6.027237124225067258e-03
2.054576711895907907e-03
3.393954243196832272e-03
5.323813058680242245e-03
1.114868523541392075e-03
1.220744194166326416e-03
8.284874916069297907e-04
1.153988389975834283e-03
1.163114151072918529e-03
4.712152550275131393e-04
5.011069698519256266e-04
1.966369328478084994e-04
1.381866863118805038e-04
1.671787197090200596e-04
2.679228924611523708e-04
8.595576330303850523e-05
2.817119015928797000e-04
1.370958581036290345e-04
1.914874541064786077e-04
1.135026462625407138e-04
9.569844501115595402e-05
1.613903455167700054e-04
1.024106618225820387e-04
7.343737685354296836e-05
5.307682488095513153e-05
4.021471943197351995e-05
9.883712037686261456e-05
5.938456944149956836e-05
6.647662262453608091e-05
3.812056263235405099e-05
6.016294958783146023e-05
2.626462302243343262e-05
3.853478177910093583e-05
2.704420433832828503e-05
2.098861819568189046e-05
4.309625693552839731e-05
4.845320552041994223e-05
3.207343199517725642e-05
5.341883602005358908e-05
8.196178066192348892e-05
2.729774704253169586e-05
2.970201374637599037e-05
1.850077142569266539e-05
3.856885550613429824e-05
2.390920839222183166e-05
1.707725315697720229e-05
1.416025018420569719e-05
1.317055921501412821e-05
4.554834782850147997e-05
5.617085640936751414e-05
3.443238344717129104e-05
2.790647461909714357e-05
2.599545981697999118e-05
1.429006264470455375e-05
1.220521051593857833e-05
1.110239072653230539e-05
1.216666631866771175e-05
1.286887481303957735e-05
1.081301954549615349e-05
9.562748059106935259e-06
9.496456259426948107e-06
8.075377544072568354e-06
8.127440362675002230e-06
7.719808873257150389e-06
7.137414496795181523e-06
6.114335261808184587e-06
7.424280531415902501e-06
6.724451130215028758e-06
5.978477594970821999e-06
5.639082953642112205e-06
5.128043512817625810e-06
4.945445711489233971e-06
5.161790934785767696e-06
5.042676006776556006e-06
4.987274459281358383e-06
5.412391000061461996e-06
6.068310168797318494e-06
6.412242436087682713e-06
6.463743282559034687e-06
5.788777866112894589e-06
5.303667120801678448e-06
5.283203981198406902e-06
5.154232150555789643e-06
5.414176167630124139e-06
5.558689537587367674e-06
5.788044296617564164e-06
5.933064246304170485e-06
6.439706406503117338e-06
9.662161642768335101e-06
9.998041497880308533e-06
1.000000000000000082e-05
1.000000000000000082e-05
1.000000000000000082e-05
1.000000000000000082e-05
1.000000000000000082e-05
1.000000000000000082e-05
1.000000000000000082e-05
1.000000000000000082e-05
