8.676452352691889011e-03
2.720477671123795391e-02
2.127441147221971821e-02
1.748450409223931482e-02
2.271162452448904565e-02
8.952393977129163502e-03
2.700444558603023841e-03
3.028169290333277211e-03
5.704303848475068828e-03
5.349118864748639811e-03
6.540560024492657852e-03
2.005484926362913894e-02
6.994069700086372882e-03
5.772711141974497077e-03
1.889518672368906615e-03
1.513623740286467291e-03
2.450205133661849388e-03
2.251481819123054163e-03
2.567054493382325917e-03
1.034601559135307292e-03
7.886786126265973602e-04
1.616345482601498195e-03
5.684746685746200562e-04
3.455974299764581975e-04
4.752167370475362694e-04
4.434682194230311534e-04
3.618146810538163858e-04
5.930212407962754968e-04
4.673103967169657254e-04
3.648000020663209951e-04
3.796389397242833194e-04
3.301269267576502527e-04
1.667606325960690431e-04
1.960454305769563298e-04
2.084364869224805477e-04
1.440043279690741930e-04
1.651722689455568482e-04
1.413652687577165068e-04
1.504005453072125760e-04
1.332676668893293596e-04
1.388552843442104065e-04
8.592039653737272532e-05
8.900801518247624679e-05
9.304851154150440781e-05
8.796850797635848206e-05
9.235844263773950325e-05
1.329127797666137503e-04
1.283514996586907972e-04
7.558814828992750602e-05
4.754784814620841395e-05
5.545979831200657329e-05
5.492553999670600809e-05
4.975903171513092410e-05
4.656916894117302968e-05
6.085128012017683457e-05
6.569630289481951236e-05
4.433744433924461048e-05
4.096031867469912449e-05
4.505177656443565325e-05
6.327542390635597402e-05
4.433890532928440076e-05
4.775393000283049852e-05
5.020069566769684973e-05
5.025098129154283004e-05
6.608038792673602644e-05
7.946510470378736015e-05
6.939098298881332433e-05
5.170765787093041857e-05
6.467989374829253245e-05
6.086110663918276682e-05
4.210891015060900388e-05
3.392187614129945342e-05
2.949738843869591088e-05
3.203535858529252956e-05
3.180240410141138883e-05
3.493860589977263196e-05
3.315944942010850134e-05
3.106751563745333472e-05
2.962993878581162129e-05
2.514428570050072117e-05
2.426193110972719964e-05
2.381887294176269972e-05
2.505011006994569374e-05
2.223851970891594046e-05
2.036782535240436813e-05
1.700515842475856226e-05
1.379564485374749182e-05
1.090433039078183371e-05
6.417029990791699123e-06
4.593576473319163755e-06
4.794107491952102028e-06
9.532719422173731281e-06
9.711694989582660462e-06
1.000693754185898244e-05
1.000912445624249897e-05
1.000752084934103414e-05
1.000408114082667731e-05
1.000000000000000251e-05
1.000000000000000251e-05
1.000000000000000251e-05
