7.371391831870842404e-02
1.744439290991574645e-02
8.643141121132820806e-03
5.795876900839043271e-03
7.338164503744401546e-03
7.491087187994645465e-03
2.803385359969741333e-03
3.654513861966410000e-03
3.133012741674548723e-03
1.604405993538022624e-03
3.181707685193826355e-03
8.258712923097603215e-04
7.764946238496428120e-04
1.347074059271555083e-03
5.815379642716460643e-04
3.610682256308957823e-04
4.477507792322474268e-04
4.889355670225675916e-04
6.351892044798820077e-04
3.590211555381420485e-04
5.688309547494115699e-04
3.155370667003684387e-04
3.712492935232740822e-04
2.417565635746877389e-04
2.528169310214683075e-04
3.110560990553147705e-04
4.024587337665209204e-04
2.463510022847426669e-04
1.372157641300232470e-04
2.693829528108412160e-04
1.148307402737827268e-04
1.909441651996230717e-04
1.137370626767921270e-04
1.426076477780067705e-04
1.383885740672932446e-04
1.565639811655733743e-04
1.965979557947468306e-04
1.077297583284061847e-04
1.134259223302173881e-04
7.515485194536633735e-05
6.782525192674050457e-05
1.765799720368197735e-04
1.477551399489572190e-04
7.882310452749943612e-05
7.452731724354167125e-05
1.085175722393723336e-04
5.966363778024890254e-05
9.100764461897139254e-05
1.609432701724445637e-04
9.871919272212111354e-05
1.583629094727674949e-04
1.452897409755535903e-04
9.226980197975968108e-05
6.360683173120426854e-05
4.366945511084972744e-05
7.872473064850303136e-05
6.430385750608829645e-05
4.167039013393256434e-05
5.962010337671365813e-05
2.993206985199701718e-05
4.062157520240511176e-05
2.398535876065599425e-05
2.378720475507255119e-05
2.398412514790503554e-05
2.543949722152305735e-05
3.576745600756900406e-05
3.250611627232169644e-05
3.336102584587751602e-05
3.641938173440413534e-05
3.138739040685971609e-05
1.444275789491604407e-05
1.895392867297907580e-05
9.032620347756874696e-06
1.397126802032787290e-05
8.390501626017036519e-06
6.131368654566703448e-06
8.070346592117359034e-06
5.629494209953519085e-06
5.400808402875553194e-06
5.606530622331205060e-06
5.364767383559637022e-06
5.266831237921019409e-06
6.617603776913681844e-06
7.590511656034017198e-06
5.572745278554083372e-06
7.082036352767551466e-06
5.303467114212795060e-06
5.835451368138921084e-06
5.412473683303904190e-06
5.343921809071644172e-06
9.380141989860741269e-06
1.000067457569223049e-05
1.004266622451702116e-05
1.000000000000000082e-05
1.000000000000000082e-05
1.000000000000000082e-05
1.000000000000000082e-05
1.000000000000000082e-05
1.000000000000000082e-05
1.000000000000000082e-05
