4.019733381442328404e-03
2.029416219502406301e-03
4.737816960506134644e-04
1.621374425107725576e-03
8.730057787034991917e-04
5.861487377552961845e-04
4.351794749764530275e-04
3.275567169968880829e-04
3.194133903183163229e-05
6.991173701920699185e-05
3.008949449064811466e-05
4.083329875635668320e-05
5.639470653577897502e-05
2.940168188197559210e-05
1.477361770083044437e-05
2.787870538387325639e-05
1.489735332408675773e-05
1.116256383106279590e-05
1.488391020905471833e-05
9.818822558808221686e-06
8.101860538523224204e-06
8.298539329595358370e-06
9.667142688361984615e-06
9.430937352743470211e-06
7.574732213457902987e-06
6.518386791580615857e-06
6.396489771292425348e-06
6.118305842756521710e-06
7.079453960752393538e-06
6.410814491588027890e-06
6.916649615386801902e-06
9.694356033750013745e-06
6.956057551630582204e-06
5.779970192663664723e-06
5.383203828630831485e-06
5.799154684947101250e-06
5.719048193515837577e-06
5.225756597046499575e-06
5.440091602459962229e-06
5.254642068652765284e-06
5.416463220372616283e-06
5.234812734026222525e-06
5.440590410914394718e-06
5.417731068064083407e-06
5.224043978688541598e-06
5.355236581033377777e-06
5.383509731079365333e-06
5.207718141770530389e-06
5.168807775933923600e-06
5.260548981853600399e-06
5.104901843650390060e-06
5.153704738051531288e-06
5.321075613850147613e-06
5.339489862236477350e-06
5.300058618710752020e-06
5.292604464474886526e-06
5.370219900504612714e-06
5.425919975011728169e-06
5.415299384404117666e-06
5.287801775772025415e-06
5.254878302402049836e-06
5.382771889504653271e-06
5.660916905155246845e-06
6.049124750201468081e-06
6.204165973498156968e-06
6.196093266931924058e-06
6.285136592181813865e-06
6.218613923249235057e-06
6.534007666524174586e-06
6.511738832296885994e-06
6.134288899962082405e-06
5.233387660408924076e-06
5.157518180899363117e-06
6.340494362768015984e-06
6.749563101236641116e-06
6.853578059159515829e-06
6.594614259043323710e-06
6.120985254406232352e-06
5.782844915386664943e-06
6.047884824675008336e-06
6.344967596792752541e-06
6.703228202768831544e-06
6.690578187806912082e-06
6.719753144621168104e-06
7.354602763416940775e-06
9.238703568861220301e-06
9.894833688634068457e-06
9.973627155484655348e-06
9.973248099221684363e-06
9.962804866484128674e-06
9.962105231633788067e-06
9.974000193577152039e-06
9.985230726958972154e-06
9.992703610117010214e-06
1.000000000000000251e-05
1.000000000000000251e-05
1.000000000000000251e-05
1.000000000000000251e-05
1.000000000000000251e-05
1.000000000000000251e-05
