7.430381419038713242e-03
4.115587190302958699e-03
7.911594887647162462e-04
3.647829234391217808e-03
3.601361021710543057e-03
2.892753473621000136e-03
1.442422237243291914e-03
1.095491487151893997e-03
1.216983673833487448e-04
3.067248035286979243e-04
8.171272310375330024e-05
1.561967267190546912e-04
2.470647150228930176e-04
7.811631334213175071e-05
2.544360724942812703e-05
5.441506015585966362e-05
9.270983587292600621e-05
3.678565019639723916e-05
3.609370087864512117e-05
5.941664618527157970e-05
2.288739756927906220e-05
2.872485025330630056e-05
2.769918677168765463e-05
4.654011727723471542e-05
2.193028075796521806e-05
1.833708982937119991e-05
1.345249901484692831e-05
1.120561709486098812e-05
1.373486751649932158e-05
1.318745227400506424e-05
1.307503983429417924e-05
1.172078577822484103e-05
1.381300179243682111e-05
7.633257221956246807e-06
7.893906579176260960e-06
9.546828826628629710e-06
8.562801073637474846e-06
7.798572051183333200e-06
8.303109508167717966e-06
8.719333975378286395e-06
1.248252020921440126e-05
9.577208749739194479e-06
9.223160676568068709e-06
1.059767744397240801e-05
9.014039318709352099e-06
7.667563748069056341e-06
5.658374746656511079e-06
6.566022409556102308e-06
7.063276755826687484e-06
6.926997324790311336e-06
6.854818827966433041e-06
5.475979502641132933e-06
5.280296500087076347e-06
5.820077882405293831e-06
5.529635712022550894e-06
6.248335059727248276e-06
5.502631519639458350e-06
5.425173445037036810e-06
5.291825372903586815e-06
5.837906349565660136e-06
5.747376946253352886e-06
4.993545583214293825e-06
4.920103475386515239e-06
5.269402374326932097e-06
5.139567206164259739e-06
5.403131114536929090e-06
5.659202851300313233e-06
5.800145025148709253e-06
6.256118857103623704e-06
6.363974828367941087e-06
6.033490087120401560e-06
5.001879023442560477e-06
5.087995141791594094e-06
6.343955626936007326e-06
6.280812763487597793e-06
6.643763880529252524e-06
6.573500875409107316e-06
6.261609408530147480e-06
5.927897426787919586e-06
5.941045374736697601e-06
6.375185018304743859e-06
6.895634805575596620e-06
6.889829500914405472e-06
6.957834776253506428e-06
7.443213187901371623e-06
9.522641584814848414e-06
9.998612461804657229e-06
1.000000000000000251e-05
1.000000000000000251e-05
1.000000000000000251e-05
1.000000000000000251e-05
1.000000000000000251e-05
1.000000000000000251e-05
1.000000000000000251e-05
1.000000000000000251e-05
1.000000000000000251e-05
1.000000000000000251e-05
1.000000000000000251e-05
1.000000000000000251e-05
1.000000000000000251e-05
