1.380504457042648105e-02
7.423772644928390563e-03
1.791133764096908667e-03
7.432175412856243182e-03
4.874241708657888958e-03
5.073153155740788706e-03
4.514206733597475076e-03
2.084898943279252844e-03
4.012930070832867514e-04
5.579678998004923953e-04
1.008477242118392800e-04
3.186876341054886101e-04
4.626330573936847487e-04
1.777237400585098275e-04
1.111172197791369335e-04
2.842662506480604992e-04
2.194480434686039505e-04
1.033962448273218382e-04
1.583815125513823321e-04
1.654274694038714586e-04
6.515603160854540915e-05
5.774279840710423451e-05
6.130397440870397150e-05
7.601208304745346611e-05
6.474076328308503209e-05
3.840093562851426535e-05
4.873861457507801639e-05
5.966367942480995247e-05
6.946575958432251016e-05
2.108481777309382342e-05
3.571106176434350147e-05
3.702692812912638430e-05
5.637126627997301928e-05
3.002204784925466058e-05
1.433144505568807216e-05
3.061378707752443229e-05
2.640143681558333508e-05
1.311583477251069585e-05
2.817510019508971328e-05
2.993322172232565600e-05
2.235212479151890390e-05
1.808718911461101349e-05
1.226225406819596968e-05
1.465511694932002605e-05
1.532573557406674466e-05
1.187682424221230373e-05
9.482017570208402306e-06
1.545084001132473626e-05
2.359815964162593119e-05
3.617011130909067549e-05
2.930749114404514796e-05
2.316860129958612407e-05
1.521786886805735658e-05
1.695499147847067851e-05
1.734157260835401812e-05
1.158356302881963955e-05
1.109919929999113407e-05
8.854654401763738459e-06
8.150447772182181541e-06
8.222495268023390639e-06
8.128296800899227116e-06
8.080488066931829080e-06
7.349120583187960307e-06
7.577309749648941550e-06
7.324803678576100723e-06
6.417809401959875839e-06
6.424060019234887275e-06
5.302619741541137366e-06
4.870778429259393268e-06
4.993842856205012439e-06
5.094516488586193154e-06
4.896297329733507638e-06
4.783629370746993967e-06
5.259175284058043038e-06
5.862307838159340054e-06
6.049784911003445816e-06
5.793926858405808759e-06
5.144339638184078077e-06
5.124406691238549293e-06
5.117746335578977708e-06
5.384468188345193115e-06
5.844305988077349578e-06
5.983309491273092502e-06
5.931484018998607087e-06
6.622631715290453399e-06
9.962570027964362182e-06
1.000000000000000251e-05
1.000000000000000251e-05
1.000000000000000251e-05
1.000000000000000251e-05
1.000000000000000251e-05
1.000000000000000251e-05
1.000000000000000251e-05
1.000000000000000251e-05
1.000000000000000251e-05
1.000000000000000251e-05
1.000000000000000251e-05
1.000000000000000251e-05
1.000000000000000251e-05
1.000000000000000251e-05
