3.354807914012834097e-02
1.771062253913670975e-02
3.644027653914683022e-03
2.063980441106710514e-02
1.228444673859519810e-02
1.168549926154844633e-02
1.438243746799438942e-02
3.358533748513704061e-03
1.312186096109088261e-03
3.234369583282284411e-03
4.046210643379298142e-04
8.042289185857339926e-04
1.962248127249551378e-03
7.384333660192025049e-04
3.781290088043073243e-04
9.117695308279520064e-04
4.885145439377533514e-04
2.309870936389013638e-04
4.043576740183918721e-04
3.830119516311508840e-04
3.382317281607186057e-04
2.324499700786233566e-04
2.223118549624861901e-04
3.796416251382858154e-04
2.225784227304804718e-04
1.730607396863780120e-04
1.664035185499105024e-04
2.968570177214118291e-04
2.006705140565054400e-04
1.305328811491706807e-04
1.540694410282704408e-04
1.217308207106741730e-04
8.953868828324163518e-05
8.976438060531097003e-05
1.384241727447022517e-04
7.378593621465006107e-05
6.692425877176577307e-05
7.951983269919304118e-05
8.467889964669140395e-05
1.037530326719939970e-04
1.117554096772636332e-04
8.866863487295353755e-05
1.008628112477327114e-04
6.504761653671179593e-05
4.120973528602032098e-05
5.675675394249653845e-05
4.999142924181367270e-05
6.911139003409975381e-05
5.193968808108096911e-05
8.936583562735726295e-05
4.659762992640911815e-05
4.732178622671127520e-05
3.839511521995775503e-05
4.305962396932942065e-05
6.092888650749077832e-05
3.938633479859501477e-05
2.619430306313631711e-05
3.445535302078506392e-05
3.647060147064941750e-05
2.303701302002200427e-05
3.064212880928881270e-05
2.964602072965681192e-05
2.968264322287246138e-05
2.155660858913428619e-05
2.375100911659010555e-05
2.144930513391214995e-05
1.345456731173193431e-05
1.589168462475656554e-05
1.296274646570396219e-05
9.540098252623041385e-06
7.854142436702467393e-06
7.037938355822280418e-06
6.296478871953365962e-06
5.886744846084579786e-06
5.589025903063667047e-06
4.773260819348565030e-06
4.733552180109476095e-06
5.912321711810943207e-06
7.027817613965388985e-06
5.664390657041272337e-06
5.460779745078026969e-06
5.232848185283184174e-06
5.188927257885824171e-06
5.391630934824890612e-06
6.094042579301373467e-06
9.965673480990072756e-06
9.977141362463623120e-06
9.971053645308032432e-06
9.989193770304928538e-06
9.994919983091187304e-06
1.000000000000000082e-05
1.000000000000000082e-05
1.000000000000000082e-05
1.000000000000000082e-05
1.000000000000000082e-05
1.000000000000000082e-05
1.000000000000000082e-05
1.000000000000000082e-05
1.000000000000000082e-05
1.000000000000000082e-05
