3.986283507981107019e-03
4.813602823701864687e-03
6.412704100874789398e-04
1.095728779363705756e-03
7.625057382691110110e-04
4.353830248530936656e-04
1.021318187838680328e-04
1.757377026677850430e-04
1.352191438834180999e-04
1.109768901938704703e-04
3.888843333588164073e-05
9.087485811141177302e-05
2.818968794056186104e-05
3.761987108698253444e-05
2.273590958696821977e-05
3.214664239359535635e-05
1.690715417275414210e-05
1.373941897277408044e-05
2.020971124952004717e-05
1.205633077383792545e-05
9.428949055920276114e-06
1.108916842602492234e-05
1.069820476174999699e-05
9.116660409149618369e-06
8.105980501587385452e-06
8.605485513568710085e-06
7.127177830530134597e-06
6.231172879240483803e-06
6.560303222112914298e-06
6.639251632449985400e-06
6.654100258867415356e-06
6.741913983705613378e-06
6.288181624262087702e-06
5.453857053376616635e-06
6.499713537412952363e-06
7.748848539564867036e-06
7.777981632391170165e-06
5.518707823171705748e-06
6.542648028962148105e-06
5.311463683921668795e-06
5.891106561462388292e-06
5.480157522541124804e-06
5.231774317011747862e-06
5.260955278976943116e-06
5.572388600830910040e-06
5.706442826305979890e-06
5.594154984710707993e-06
5.406976791642297726e-06
5.456491897464051994e-06
5.491775420515156831e-06
5.401623387687272695e-06
5.166274189394181453e-06
5.298019712071289116e-06
5.295517391830722096e-06
5.493090201370547589e-06
5.509335528352896845e-06
5.474074116725446817e-06
5.591115568354961297e-06
5.646341105022725020e-06
5.704927590695439174e-06
5.677971600871275025e-06
5.770466569604868157e-06
5.765381492370796388e-06
6.189203757059398969e-06
6.582666915517660839e-06
6.579223134385236409e-06
6.062528552213486395e-06
5.236139907864874599e-06
5.134272234381215635e-06
6.401732738219422201e-06
6.773449146689176922e-06
6.655833004317085674e-06
6.555180332462600009e-06
6.481035367017390798e-06
6.327706761392258268e-06
6.496322241775674295e-06
6.722315396725910141e-06
6.709633503362503185e-06
6.982880806997615635e-06
7.389046176767258225e-06
9.378021110787960405e-06
9.926712148153181452e-06
9.996232166387828547e-06
1.000000000000000421e-05
1.000000000000000421e-05
1.000000000000000421e-05
1.000000000000000421e-05
1.000000000000000421e-05
1.000000000000000421e-05
1.000000000000000421e-05
1.000000000000000421e-05
1.000000000000000421e-05
1.000000000000000421e-05
1.000000000000000421e-05
1.000000000000000421e-05
1.000000000000000421e-05
1.000000000000000421e-05
1.000000000000000421e-05
1.000000000000000421e-05
1.000000000000000421e-05
