6.908817413537017386e-03
9.702904076876489592e-03
1.408776408458418603e-03
2.185059753822438978e-03
2.005730610537523155e-03
2.925030505004540694e-03
2.019123011150451440e-04
4.351172766538642070e-04
2.566016526943806580e-04
1.365179095338743033e-04
7.131444675599851691e-05
3.224284394181052386e-04
1.277596470118122854e-04
6.878022941470644520e-05
7.087654482065356147e-05
3.734685941083441954e-05
1.021308696370786976e-04
6.894935315417374442e-05
4.766550504748293902e-05
3.280829793159174569e-05
2.584236988007513702e-05
3.617562852062244791e-05
3.091074205240534932e-05
2.616323130004806076e-05
2.747580246830565233e-05
2.360799043354232246e-05
1.477792648702881569e-05
1.660048762013317911e-05
2.660782572239134568e-05
1.591235128946992468e-05
1.342980961869577117e-05
1.739918765975684810e-05
1.295037949125127567e-05
1.179493173212888522e-05
1.191386223819720875e-05
1.417945737013333620e-05
1.334165811297791328e-05
7.961191669893087253e-06
1.429620980046783789e-05
8.300854471317972911e-06
1.212230628557987600e-05
8.009988991619392790e-06
6.740420538056903297e-06
6.562600538968725014e-06
5.864329282636754516e-06
5.426409311676465756e-06
5.978783588229609891e-06
6.404959045092965325e-06
6.661291336902328088e-06
5.835042355576614764e-06
6.758518546694141705e-06
6.291285571277959451e-06
5.807231574775828433e-06
5.601950538996138531e-06
5.672488824984138375e-06
5.455623303761310939e-06
5.921849023034053531e-06
5.422298132947035512e-06
5.147955160715552748e-06
5.175817104078710389e-06
5.291646766286071721e-06
5.175405558234939490e-06
5.166792665565878351e-06
5.340227673704016554e-06
5.331835939642096247e-06
5.709929960551074134e-06
5.788019840152130795e-06
5.175862810625455324e-06
5.122258148477310982e-06
6.358359162636186818e-06
6.509575633111364843e-06
6.528585860235800851e-06
5.945514858884056314e-06
5.776176845436561239e-06
5.845812965966500508e-06
6.072883372204269775e-06
6.311557687896325380e-06
6.411228356699033920e-06
6.568155453385578016e-06
7.059180453936992327e-06
9.616693542101140233e-06
9.967030064466464678e-06
9.983548939336272049e-06
9.990470605152014768e-06
9.997368520740940732e-06
9.999999999999999124e-06
9.999999999999999124e-06
9.999999999999999124e-06
9.999999999999999124e-06
9.999999999999999124e-06
9.999999999999999124e-06
9.999999999999999124e-06
9.999999999999999124e-06
9.999999999999999124e-06
9.999999999999999124e-06
9.999999999999999124e-06
9.999999999999999124e-06
9.999999999999999124e-06
9.999999999999999124e-06
9.999999999999999124e-06
