1.323293467047242933e-02
2.046750177842424426e-02
2.877866277992737528e-03
4.002937441208640618e-03
4.005585293546656475e-03
5.074944942910014460e-03
4.480918096086946635e-04
9.148998504226778586e-04
1.049097332254503995e-03
8.224762093745028061e-04
2.208871047780823298e-04
7.831210649137705518e-04
2.896593912676858934e-04
1.808101969236255166e-04
1.413921447062179326e-04
2.649480117273707411e-04
2.242194284640546301e-04
2.166247462129022383e-04
1.888008841684249255e-04
1.085037596404317357e-04
7.815611128490142115e-05
9.391589945210806101e-05
4.313101481758621533e-05
6.138952933453068026e-05
1.027397135987738420e-04
8.615397203730656213e-05
3.336414923621788050e-05
3.588420039438637132e-05
3.893663022446271926e-05
3.765710258070188314e-05
3.008429507128286296e-05
2.823082717782232393e-05
3.776688279069817842e-05
4.216849252949434861e-05
6.355479001161312941e-05
4.756870637690215043e-05
3.612419835301686097e-05
1.956876981474419693e-05
3.574882620935783027e-05
2.523008602069464046e-05
1.749013380595219904e-05
1.056837459507814955e-05
8.863751047267319082e-06
1.080202873179532351e-05
1.573656795964049641e-05
3.829602741896386919e-05
4.152128886861950624e-05
2.797918590853860522e-05
2.161121807537058739e-05
1.577349430468126556e-05
1.228483356097435754e-05
1.774156639990057165e-05
2.110118229468692426e-05
1.285101376055890984e-05
1.223655240603160726e-05
1.118456585017735264e-05
8.376788071134297524e-06
7.985596636734565936e-06
7.853410696561336253e-06
7.333655101073205936e-06
7.058907553017576841e-06
6.102045476181261223e-06
6.316933833644500428e-06
5.156968910933105058e-06
4.889761505402662290e-06
4.868016694696284392e-06
4.978921203590156476e-06
4.928566003915337836e-06
4.765473179154135174e-06
5.665832266280779537e-06
6.112697079058099719e-06
6.198106917758598047e-06
5.439498989577847368e-06
5.033584378582395554e-06
4.933495526711266631e-06
5.005583416429443974e-06
5.292036942569028975e-06
5.300313403334866338e-06
5.589394818541684192e-06
6.024301803931804793e-06
9.680121201089150228e-06
1.000000000000000082e-05
1.000000000000000082e-05
1.000000000000000082e-05
1.000000000000000082e-05
1.000000000000000082e-05
1.000000000000000082e-05
1.000000000000000082e-05
1.000000000000000082e-05
1.000000000000000082e-05
1.000000000000000082e-05
1.000000000000000082e-05
1.000000000000000082e-05
1.000000000000000082e-05
1.000000000000000082e-05
1.000000000000000082e-05
1.000000000000000082e-05
1.000000000000000082e-05
1.000000000000000082e-05
1.000000000000000082e-05
