2.984967142587598848e-02
2.687259120625938580e-02
7.598483397923548772e-03
1.184530443278366575e-02
1.121140640478204831e-02
1.617677447969494142e-02
1.444915796790731660e-03
2.294894316286891223e-03
3.622634957998941471e-03
1.785654525264049721e-03
8.081309044362750080e-04
3.528908053854270307e-03
6.156208297884795642e-04
6.389583582145289117e-04
9.738474302220303256e-04
4.353333416322349128e-04
8.427305981172857107e-04
6.048516057037823775e-04
6.610472993728583194e-04
2.736571377448195779e-04
2.010574870941963133e-04
2.784787237972078506e-04
1.465277116904742686e-04
2.283486147373920295e-04
3.674727821670835783e-04
2.555809276702796667e-04
1.663232015010547603e-04
2.046658609634783600e-04
1.475937197472155030e-04
1.586983221468589163e-04
8.728852847388457578e-05
6.292508541948538009e-05
1.673726974553783322e-04
1.442887826343308352e-04
1.471304124759315393e-04
1.809522770998239468e-04
1.100382796611028752e-04
1.268830586266666432e-04
2.034178008284935060e-04
8.169593522243112367e-05
9.978612052477707169e-05
4.903748428565495195e-05
8.248732817505636909e-05
5.057614075770751019e-05
1.021946056689560872e-04
6.546517142227211306e-05
8.405885013194255840e-05
5.480805488555597397e-05
5.708993787471382632e-05
2.957322285724744992e-05
5.689006544639116445e-05
5.517294451319289050e-05
3.824298908245078629e-05
2.885133990764723760e-05
2.902912818271276846e-05
2.585433973778008388e-05
2.892609105269038528e-05
2.471686921049412043e-05
2.950561749259846220e-05
2.290037459019057277e-05
1.286283094181487557e-05
2.226624016996570213e-05
1.191827616879906361e-05
1.259994896795740782e-05
1.154667082545978586e-05
8.475276944793669228e-06
7.446419645910666701e-06
8.909567050618836249e-06
5.826367096709323912e-06
5.378527692128921293e-06
5.603006626030188757e-06
5.205223580936441651e-06
4.923629165105918491e-06
6.825413596836431157e-06
6.348321362544892955e-06
5.167916371602283929e-06
5.121878329272233520e-06
5.363959287283645107e-06
4.997076195727607361e-06
5.086284377861094842e-06
6.793794159779660537e-06
9.999656269779219305e-06
1.000340603237824900e-05
1.000000000000000082e-05
1.000000000000000082e-05
1.000000000000000082e-05
1.000000000000000082e-05
1.000000000000000082e-05
1.000000000000000082e-05
1.000000000000000082e-05
1.000000000000000082e-05
1.000000000000000082e-05
1.000000000000000082e-05
1.000000000000000082e-05
1.000000000000000082e-05
1.000000000000000082e-05
1.000000000000000082e-05
1.000000000000000082e-05
1.000000000000000082e-05
1.000000000000000082e-05
