2.270371537577727319e-03
2.246986199031371974e-03
5.014448048358306634e-04
2.553397917738343438e-03
4.642415463186354068e-04
3.019512182908903647e-04
9.060313110536077972e-05
8.897400737707413627e-05
1.921287324691142121e-04
5.610354900087237938e-05
4.921566262964592559e-05
4.087104971357260265e-05
5.519128697627647643e-05
5.707378973583703577e-05
1.823252167135174385e-05
1.596667155674894029e-05
1.490210479910017621e-05
1.120903739341791523e-05
1.242554903110670282e-05
1.143582714649733694e-05
8.863739258198782798e-06
1.146569378888359014e-05
8.397672069838091121e-06
8.213130217437482358e-06
1.025816252974427876e-05
6.536420291233940149e-06
7.277830157288291086e-06
7.829760588930296871e-06
6.727051310744596299e-06
6.678683502976399208e-06
7.592378239280807390e-06
5.656716058653139482e-06
5.525427583903587927e-06
5.386998875547542100e-06
6.067984438115800259e-06
5.138140717355418608e-06
5.550962302087338126e-06
5.448829275860868204e-06
5.248711720690161161e-06
5.246025902518504849e-06
5.155987640716659658e-06
5.052180960288144576e-06
5.384256679720710196e-06
5.300656812905124540e-06
5.288671636757586156e-06
5.074192639046101178e-06
5.073552858532388897e-06
5.064014662653424255e-06
4.964843056516429002e-06
4.956593881041542988e-06
4.994602838904847103e-06
5.084720497517065249e-06
5.093464475138394606e-06
5.141568559929189230e-06
5.325473348440618462e-06
5.300991620085200751e-06
5.423342806283520434e-06
5.709499733052183917e-06
5.831052804858078534e-06
5.757371454603691529e-06
5.966278623552943969e-06
6.327153099517900058e-06
6.279315158125346788e-06
5.203538409655210603e-06
5.206576148928379162e-06
6.340641310843702459e-06
6.568817053394606846e-06
6.427046687333769199e-06
6.314096190276020274e-06
5.985746860971393768e-06
6.032582449217961722e-06
6.312640434918259370e-06
6.595664938467108059e-06
6.535683256018869553e-06
6.794163155024405099e-06
7.725079327229524779e-06
9.713558234916046182e-06
9.989712626442336804e-06
1.000000000000000082e-05
1.000000000000000082e-05
1.000000000000000082e-05
1.000000000000000082e-05
1.000000000000000082e-05
1.000000000000000082e-05
1.000000000000000082e-05
1.000000000000000082e-05
1.000000000000000082e-05
1.000000000000000082e-05
1.000000000000000082e-05
1.000000000000000082e-05
1.000000000000000082e-05
1.000000000000000082e-05
1.000000000000000082e-05
1.000000000000000082e-05
1.000000000000000082e-05
1.000000000000000082e-05
1.000000000000000082e-05
1.000000000000000082e-05
1.000000000000000082e-05
1.000000000000000082e-05
