2.864001734677689044e-03
1.527394407728164399e-02
3.594400759974586933e-03
2.942141337419839579e-03
1.194695403113444493e-03
4.517458843284016638e-04
4.175597278927235443e-04
1.178526601341054912e-03
6.585886023376874218e-04
2.362668388696515355e-04
1.113124474069488151e-03
3.878899370474824535e-04
2.488738203143983727e-04
1.796561381036183467e-04
7.086834574680514140e-05
1.111405728429636666e-04
8.295740694041579810e-05
1.332823669590246112e-04
4.892319884075487521e-05
3.074781802678249045e-05
4.671977737323813261e-05
3.301696621946772012e-05
2.501557155675492107e-05
2.314592758265673097e-05
2.064969811661661393e-05
1.548666800862954230e-05
1.446457355034447681e-05
1.203264715474691657e-05
1.624978065863202356e-05
1.206395011649552266e-05
8.821049664856756532e-06
1.273377006392121894e-05
9.121161458961111099e-06
7.171247730542292701e-06
8.756151351251319272e-06
7.770345417227071598e-06
7.524951268612286018e-06
7.817651607290822859e-06
8.448312659751720924e-06
6.631970499956666980e-06
6.769409312179847797e-06
6.697859450654835176e-06
7.747248567618245763e-06
8.855556256516606346e-06
8.305659307524588503e-06
7.986226241226939272e-06
6.425923584970785059e-06
6.173283563812155970e-06
6.365598130242787890e-06
6.125126804167980454e-06
6.508794793287182611e-06
6.712780403374705015e-06
6.521490993117744344e-06
6.139979219277707143e-06
5.715788012144210436e-06
6.071350625624953559e-06
6.216846549194208251e-06
6.349576496328892331e-06
6.492140801441616878e-06
6.175866943315100141e-06
5.498247138903322347e-06
5.758388643693300904e-06
6.177298573312835457e-06
6.219926681034619992e-06
6.379028918725668702e-06
6.662628298721074395e-06
6.539599852481192562e-06
5.760207300822187923e-06
5.198731598911105423e-06
5.180488217807975967e-06
5.217912056679519638e-06
5.572433689221466000e-06
5.449959112088383898e-06
5.357444762592078682e-06
5.074906048772669619e-06
5.062332647147206023e-06
5.289836826091663490e-06
5.313182505283408511e-06
5.269597739777785325e-06
5.438125162958579647e-06
5.524185903927441557e-06
5.956806870336251767e-06
6.781286676684630615e-06
8.359773488709980853e-06
9.926250304202436937e-06
9.994661924340505281e-06
9.994715684693774121e-06
9.988976514062413334e-06
9.996747509981341676e-06
1.000000000000000082e-05
1.000000000000000082e-05
1.000000000000000082e-05
1.000000000000000082e-05
1.000000000000000082e-05
1.000000000000000082e-05
1.000000000000000082e-05
1.000000000000000082e-05
1.000000000000000082e-05
1.000000000000000082e-05
1.000000000000000082e-05
