3.712768553643236696e-03
2.609547140085975627e-03
2.578046093602968003e-04
6.104707254852436045e-03
4.452192741315496075e-04
4.790073617567365354e-04
1.762125649885630952e-04
1.193320184046355378e-04
3.470982068400276389e-04
6.793016214631083171e-05
1.993321293976774503e-04
1.299693556412743123e-04
1.142628730779148401e-04
9.536159300856296038e-05
2.975653099855471133e-05
3.548979796505003295e-05
3.189446683864084091e-05
2.625530787461833191e-05
2.090128116767471264e-05
2.549245260715476055e-05
2.411890549010979815e-05
2.708530663500598697e-05
2.953342794380981034e-05
1.880769224959969900e-05
1.917255299503095725e-05
1.429529873948518040e-05
1.428701399278309520e-05
1.340331857225812746e-05
1.222378243217108920e-05
1.520079281071141214e-05
8.939240807770795121e-06
9.723418016786554869e-06
1.343180274273948759e-05
1.163733515793262891e-05
8.685079557000455208e-06
9.946282880193689868e-06
1.642458437831266794e-05
1.123123642993944852e-05
1.015167607761458008e-05
9.196088232691431737e-06
7.148255896465374216e-06
7.303639699114567088e-06
7.196100259644576618e-06
6.697076448418066576e-06
6.686892927719905744e-06
5.636996162046323212e-06
6.226972809760690424e-06
5.497603524945875941e-06
5.824064004028411325e-06
6.048039658788995966e-06
5.725555796593330514e-06
5.610549224381595702e-06
5.669585332721049974e-06
5.665197289262414406e-06
5.510034352998511096e-06
5.037699312536320197e-06
4.763723682265299142e-06
4.886206879264304751e-06
4.774498672051868100e-06
4.769133251606425851e-06
4.898948620901163846e-06
5.300893531874684205e-06
5.895378419091165397e-06
5.146798511912881925e-06
5.074643617721832811e-06
6.101259156953819235e-06
6.752756304477678147e-06
6.649458496804603198e-06
6.248127334053247664e-06
5.996478132761769736e-06
5.930119004060984776e-06
6.298766284531713744e-06
6.563196294928484069e-06
6.840878761234202434e-06
6.878573248058787509e-06
7.888148565742004044e-06
9.859845166341442969e-06
9.974485700224812042e-06
1.000000000000000082e-05
1.000000000000000082e-05
1.000000000000000082e-05
1.000000000000000082e-05
1.000000000000000082e-05
1.000000000000000082e-05
1.000000000000000082e-05
1.000000000000000082e-05
1.000000000000000082e-05
1.000000000000000082e-05
1.000000000000000082e-05
1.000000000000000082e-05
1.000000000000000082e-05
1.000000000000000082e-05
1.000000000000000082e-05
1.000000000000000082e-05
1.000000000000000082e-05
1.000000000000000082e-05
1.000000000000000082e-05
1.000000000000000082e-05
1.000000000000000082e-05
1.000000000000000082e-05
