8.423150433881365640e-03
6.409679932823150045e-03
4.478821589423803945e-04
1.349783113863823290e-02
8.460352506663864919e-04
2.404350480000361917e-03
7.184185018262143367e-04
1.737020044262364751e-04
8.505487530165874686e-04
9.432944646493477640e-05
4.132125372553156891e-04
1.109547037614324260e-04
1.188850770450085678e-04
3.692236346517712526e-04
1.567763317631490892e-04
1.104056590693815464e-04
1.511196503415136478e-04
8.682831717262895683e-05
4.912690640131538969e-05
1.027986783295433472e-04
5.643200298228855392e-05
4.822790099747457693e-05
5.409514235116336453e-05
5.945643909194144418e-05
6.138774353402956638e-05
4.982812197831937691e-05
2.520171261893794444e-05
2.518250395869108660e-05
2.391097286817110373e-05
2.256548070049946067e-05
1.669388160384835583e-05
3.591151958937241137e-05
4.274270106889850287e-05
2.847972984061164172e-05
2.941637833125106350e-05
2.038515464114845372e-05
3.049572080150471438e-05
2.311308331068126062e-05
1.726580489839759188e-05
1.216198314994208227e-05
1.189213812530619664e-05
1.495317371085813751e-05
2.892159388295943489e-05
2.506346686240222980e-05
1.958182839234681250e-05
1.392555958777519202e-05
1.102191526965561334e-05
8.434901504560180020e-06
9.013495170573859131e-06
1.194791670204448301e-05
8.326221414729664642e-06
9.547176373027135119e-06
8.347011320690873385e-06
8.339837958671636158e-06
7.345640857194050063e-06
7.306676130160202182e-06
7.006492188793890733e-06
6.912592509030361403e-06
6.334354423779986289e-06
5.988270448482585445e-06
4.740802138694026948e-06
4.858633482451682505e-06
4.803115108135495600e-06
4.731393976061464404e-06
4.724092929649474671e-06
5.310484442012294170e-06
5.668745070806751288e-06
5.831925622447496822e-06
5.175691315216357835e-06
4.884188585728203712e-06
5.055773522181617660e-06
5.348540822086687654e-06
5.482581599922609978e-06
5.525702113929196655e-06
5.597169263569690172e-06
6.718440330662759545e-06
9.998073499250541063e-06
9.997143019388859118e-06
1.000000000000000082e-05
1.000000000000000082e-05
1.000000000000000082e-05
1.000000000000000082e-05
1.000000000000000082e-05
1.000000000000000082e-05
1.000000000000000082e-05
1.000000000000000082e-05
1.000000000000000082e-05
1.000000000000000082e-05
1.000000000000000082e-05
1.000000000000000082e-05
1.000000000000000082e-05
1.000000000000000082e-05
1.000000000000000082e-05
1.000000000000000082e-05
1.000000000000000082e-05
1.000000000000000082e-05
1.000000000000000082e-05
1.000000000000000082e-05
1.000000000000000082e-05
1.000000000000000082e-05
