1.937381786242865778e-02
1.653848556498707309e-02
3.531515130825331732e-03
3.246655406511795433e-02
1.435006736151683317e-02
8.121125259954498771e-03
2.547290634758359387e-03
1.894145982974101061e-03
2.894556087618168749e-03
1.387537781463559763e-03
2.478198946331023993e-03
1.119030827712473673e-03
1.481660948075087282e-03
1.134316242445704585e-03
4.383407207174080705e-04
4.126566983132275699e-04
6.166062058194472176e-04
3.172568165238082833e-04
3.598759828207557751e-04
4.615579502179651566e-04
3.728390356038279092e-04
1.810071603098778231e-04
4.380770953358893976e-04
1.395140500771282956e-04
1.931731419347489901e-04
1.540825740871086004e-04
1.191999424529072279e-04
1.593414502773615846e-04
1.478345347848481948e-04
1.045401935423842255e-04
9.391171367871062737e-05
1.554318662219341979e-04
7.451589245632223653e-05
1.762034441139887690e-04
1.984186207398507256e-04
1.710394568955583340e-04
1.741710254677000889e-04
8.381909808600546867e-05
6.369185068180331687e-05
7.410794853564266367e-05
4.282984420480730301e-05
3.630779700919941819e-05
1.145046065518682209e-04
5.878639397337420409e-05
4.355049809273299466e-05
5.580653473232913611e-05
4.465469800685725933e-05
7.536523960726966131e-05
4.440086547076981389e-05
3.966596744628002915e-05
2.325355996708792261e-05
3.463939769179762309e-05
4.967624399890487876e-05
2.498206599216214619e-05
3.063308908255296242e-05
2.881908148408201067e-05
2.372663492361131270e-05
3.561732788487579336e-05
2.502513801831370878e-05
1.533982772669682866e-05
1.990047829399649637e-05
1.230568059283397221e-05
7.541353395820477559e-06
6.634710116212368141e-06
7.592230049538257221e-06
7.100186248004934280e-06
5.164424415663597162e-06
5.492805756764496653e-06
5.894646438732027435e-06
7.715594128520635747e-06
5.555741364313757662e-06
4.888860913692379859e-06
5.100495577077815291e-06
4.896745988829711562e-06
5.216331628500195290e-06
6.511793126025481195e-06
1.004297150323743000e-05
1.003100993255902840e-05
1.000000000000000082e-05
1.000000000000000082e-05
1.000000000000000082e-05
1.000000000000000082e-05
1.000000000000000082e-05
1.000000000000000082e-05
1.000000000000000082e-05
1.000000000000000082e-05
1.000000000000000082e-05
1.000000000000000082e-05
1.000000000000000082e-05
1.000000000000000082e-05
1.000000000000000082e-05
1.000000000000000082e-05
1.000000000000000082e-05
1.000000000000000082e-05
1.000000000000000082e-05
1.000000000000000082e-05
1.000000000000000082e-05
1.000000000000000082e-05
1.000000000000000082e-05
1.000000000000000082e-05
