8.139376435491818638e-04
1.761783504275616979e-03
5.457532604015426182e-04
4.844504875182206564e-04
4.639331528960875871e-04
1.972778046036800033e-04
1.362163544078193742e-04
1.011782175293101429e-04
2.990248905219655240e-05
8.319352906136963930e-05
2.296376490856070915e-05
3.320198475252864902e-05
2.280059465024437127e-05
1.225880799684909044e-05
1.108830897232304750e-05
1.015910569502338221e-05
1.243385828464788995e-05
7.091666651942106097e-06
7.612158943402969547e-06
8.130258796778310555e-06
6.783062033840674411e-06
6.552355855726634622e-06
6.579129105124898662e-06
6.200457748360037932e-06
5.509723348925025565e-06
7.554718575698032229e-06
6.511493153024039091e-06
5.477176406771366660e-06
5.146721793036755258e-06
5.576682517972515277e-06
5.018632526638208136e-06
4.923641788770045417e-06
4.875357063009863423e-06
4.915196251205031974e-06
5.073935141007154173e-06
5.012618937903121415e-06
5.002900511983820131e-06
5.089445416520001497e-06
5.290701505114609349e-06
5.313461182121765262e-06
5.133391386322649821e-06
4.954340009198841744e-06
5.114416266948910716e-06
5.582635047039280623e-06
5.262411717232734848e-06
5.202377889983621345e-06
5.362372560029536134e-06
5.312700481990569798e-06
5.249673936910947732e-06
5.450170143070838783e-06
5.665390452314388655e-06
5.609819321492959783e-06
5.717004089177365705e-06
5.664506452130647889e-06
5.767450036797799862e-06
5.817972846513270624e-06
5.938744240266487538e-06
6.085735854884861294e-06
6.234369926321600136e-06
5.459841879741597455e-06
5.104782165201118040e-06
5.400280368136089109e-06
6.386340054971031776e-06
6.727578071620820455e-06
6.236936877356463013e-06
6.106987787343382915e-06
5.990362391177162776e-06
6.049377472575863466e-06
6.354222940063408750e-06
6.359165176815214919e-06
6.555144368628872984e-06
7.986348593154028356e-06
9.586875390518973216e-06
9.976921652546855815e-06
1.000000000000000251e-05
1.000000000000000251e-05
1.000000000000000251e-05
1.000000000000000251e-05
1.000000000000000251e-05
1.000000000000000251e-05
1.000000000000000251e-05
1.000000000000000251e-05
1.000000000000000251e-05
1.000000000000000251e-05
1.000000000000000251e-05
1.000000000000000251e-05
1.000000000000000251e-05
1.000000000000000251e-05
1.000000000000000251e-05
1.000000000000000251e-05
1.000000000000000251e-05
1.000000000000000251e-05
1.000000000000000251e-05
1.000000000000000251e-05
1.000000000000000251e-05
1.000000000000000251e-05
1.000000000000000251e-05
1.000000000000000251e-05
1.000000000000000251e-05
1.000000000000000251e-05
