1.718689686080993257e-03
3.640829130784390636e-03
5.855232210579546133e-04
1.890321679969242299e-03
2.299960505097715154e-03
6.846367445095213845e-04
2.172954296056261103e-04
2.291467273043554720e-04
1.141899683017231598e-04
1.624975796545550133e-04
9.461031040266552959e-05
6.022215026735702281e-05
1.551350060376376321e-04
5.977980793880170865e-05
5.717278141063765332e-05
1.823632181420068745e-05
6.458789620425205559e-05
1.986771125738111149e-05
1.451256216525829131e-05
5.221586416745196008e-05
2.578181928165865130e-05
2.816259760894192536e-05
2.104471348177298486e-05
2.870495566839112439e-05
1.290526830434060733e-05
1.204325597314160847e-05
7.521659945935620087e-06
1.112993714376596311e-05
6.285101857127516189e-06
1.466042895200055931e-05
1.232418214256444953e-05
9.961816255146761431e-06
1.262017146890266622e-05
7.868211780089065795e-06
6.369472922751462634e-06
5.460810836918250004e-06
6.695162808310470240e-06
7.556580640501760154e-06
6.036839835496236933e-06
5.263045460149372140e-06
6.694533582621696008e-06
5.531019765408842984e-06
5.629859641563532406e-06
5.157005880887343321e-06
4.926703317155196605e-06
5.083992668047424556e-06
5.306413573310856570e-06
5.041785395823854965e-06
5.276970484489728740e-06
5.178482750692560345e-06
4.919124474564448881e-06
4.901441879164464333e-06
4.910084949274137281e-06
4.952749246031827422e-06
5.092976111862817025e-06
5.366883985772534761e-06
5.637952185124062099e-06
5.816705884384459251e-06
6.252903554211048280e-06
5.315295242325973915e-06
5.371667726095912704e-06
5.807633530420199882e-06
6.560750861286261860e-06
6.530564005028813067e-06
6.083497232283969897e-06
5.600159708739276943e-06
5.794858572137095941e-06
6.025013390209345456e-06
6.259111339203224885e-06
6.422553318523665832e-06
6.656974579518065011e-06
8.325424431958817738e-06
9.914259581835085456e-06
9.989736691602993065e-06
9.994835542390090831e-06
1.000000000000000082e-05
1.000000000000000082e-05
1.000000000000000082e-05
1.000000000000000082e-05
1.000000000000000082e-05
1.000000000000000082e-05
1.000000000000000082e-05
1.000000000000000082e-05
1.000000000000000082e-05
1.000000000000000082e-05
1.000000000000000082e-05
1.000000000000000082e-05
1.000000000000000082e-05
1.000000000000000082e-05
1.000000000000000082e-05
1.000000000000000082e-05
1.000000000000000082e-05
1.000000000000000082e-05
1.000000000000000082e-05
1.000000000000000082e-05
1.000000000000000082e-05
1.000000000000000082e-05
1.000000000000000082e-05
1.000000000000000082e-05
1.000000000000000082e-05
