3.111119474966228537e-03
7.466574484152846414e-03
3.114921778375332926e-04
4.370631632809482588e-03
3.411871627530396051e-03
7.728644365972633934e-04
4.579209362928987961e-04
8.038903779146371140e-04
2.354448319830804832e-04
2.332468294237648003e-04
1.412557911925699987e-04
9.766493020026977587e-05
2.554416016416540002e-04
1.810484913411023855e-04
9.261765573411372078e-05
1.082728197584641091e-04
9.345753399277108601e-05
5.774714822195567941e-05
3.292547244303213155e-05
5.757981926648564455e-05
2.759445362301173971e-05
2.815923817965053846e-05
4.670770385137562581e-05
1.990879829887266781e-05
2.110647596735486532e-05
4.156577322324828670e-05
1.227911385106715642e-05
1.035231183568805145e-05
1.501959406069274441e-05
2.826360157174220562e-05
2.445406045770091153e-05
5.640060886765640915e-06
9.992498757476896577e-06
1.000000000000000082e-05
1.000000000000000082e-05
1.000000000000000082e-05
1.000000000000000082e-05
1.000000000000000082e-05
1.000000000000000082e-05
1.000000000000000082e-05
1.000000000000000082e-05
1.000000000000000082e-05
1.000000000000000082e-05
1.000000000000000082e-05
1.000000000000000082e-05
1.000000000000000082e-05
1.000000000000000082e-05
1.000000000000000082e-05
1.000000000000000082e-05
1.000000000000000082e-05
1.000000000000000082e-05
1.000000000000000082e-05
1.000000000000000082e-05
1.000000000000000082e-05
1.000000000000000082e-05
1.000000000000000082e-05
1.000000000000000082e-05
1.000000000000000082e-05
1.000000000000000082e-05
1.000000000000000082e-05
1.000000000000000082e-05
1.000000000000000082e-05
1.000000000000000082e-05
1.000000000000000082e-05
1.000000000000000082e-05
1.000000000000000082e-05
1.000000000000000082e-05
1.000000000000000082e-05
1.000000000000000082e-05
1.000000000000000082e-05
1.000000000000000082e-05
1.000000000000000082e-05
1.000000000000000082e-05
1.000000000000000082e-05
1.000000000000000082e-05
1.000000000000000082e-05
1.000000000000000082e-05
1.000000000000000082e-05
1.000000000000000082e-05
1.000000000000000082e-05
1.000000000000000082e-05
1.000000000000000082e-05
1.000000000000000082e-05
1.000000000000000082e-05
1.000000000000000082e-05
1.000000000000000082e-05
1.000000000000000082e-05
1.000000000000000082e-05
1.000000000000000082e-05
1.000000000000000082e-05
1.000000000000000082e-05
1.000000000000000082e-05
1.000000000000000082e-05
1.000000000000000082e-05
1.000000000000000082e-05
1.000000000000000082e-05
1.000000000000000082e-05
1.000000000000000082e-05
1.000000000000000082e-05
1.000000000000000082e-05
