8.606880950852949241e-03
2.226962650573967653e-02
2.593402304014504403e-03
1.402232305656156940e-02
9.504306158024417028e-03
2.692279155918056791e-03
2.283963444541751899e-03
1.850937268010602408e-03
2.944520365986537467e-04
6.345618036257905450e-04
4.401797898522053572e-04
8.836823412490001951e-04
6.274863512217642532e-04
3.693863384451283446e-04
3.071231489928899321e-04
2.791066475453849284e-04
2.423687784983782239e-04
1.791245803626034490e-04
1.494193701404698425e-04
2.653799934387503115e-04
2.105539065270321938e-04
2.127809591051906186e-04
1.383243469527930462e-04
1.143803300062485641e-04
2.008528713269866440e-04
8.134176153010707364e-05
7.688401800305343895e-05
8.425106665868165696e-05
5.131221132708498099e-05
1.016137384707522720e-04
8.122763388099573441e-05
1.149415878950568374e-04
1.531526178728422592e-04
4.490972327746850252e-05
8.678931290640915603e-05
6.487431095971207048e-05
4.560810291809062937e-05
5.598940234050118185e-05
6.710904243008330213e-05
3.195523570167187253e-05
5.053473787733881410e-05
3.495565790265195335e-05
3.536632854146916962e-05
3.592086109723477134e-05
7.231419426629914554e-05
4.694716044692256280e-05
4.076332744789473614e-05
4.076221286255674400e-05
3.432229391193527732e-05
2.914526207728785975e-05
1.650265499087782173e-05
3.056571727786890519e-05
2.803396589666337966e-05
1.435209254332494295e-05
1.875755999604182049e-05
1.719151441790755827e-05
1.501140005881659055e-05
9.261667175227573850e-06
1.342604785435908270e-05
1.128847105196045121e-05
8.778752850873467554e-06
7.082855526277146864e-06
5.590895618080796887e-06
5.373656103622289281e-06
5.326133007607624707e-06
5.653821378838778845e-06
5.231881964655990647e-06
4.907856920416201980e-06
4.901486054285739807e-06
4.941196789667076894e-06
5.097145724389009336e-06
7.098976939021016176e-06
1.002251237071627218e-05
1.000000000000000082e-05
1.000000000000000082e-05
1.000000000000000082e-05
1.000000000000000082e-05
1.000000000000000082e-05
1.000000000000000082e-05
1.000000000000000082e-05
1.000000000000000082e-05
1.000000000000000082e-05
1.000000000000000082e-05
1.000000000000000082e-05
1.000000000000000082e-05
1.000000000000000082e-05
1.000000000000000082e-05
1.000000000000000082e-05
1.000000000000000082e-05
1.000000000000000082e-05
1.000000000000000082e-05
1.000000000000000082e-05
1.000000000000000082e-05
1.000000000000000082e-05
1.000000000000000082e-05
1.000000000000000082e-05
1.000000000000000082e-05
1.000000000000000082e-05
1.000000000000000082e-05
1.000000000000000082e-05
