3.875457946024227825e-03
1.888020018454964139e-03
3.707307035195598786e-04
2.224174236704615747e-03
2.874183828194841798e-04
1.443617859400949830e-04
1.155910024962603175e-04
1.826831010533383579e-04
1.044738645758948997e-04
7.009803983849788962e-05
2.175133143242005137e-05
4.664117869717369940e-05
2.397799394084649196e-05
3.368222724569453191e-05
1.101988551465649703e-05
2.006218637167774639e-05
1.057345133764223101e-05
8.390138911897344746e-06
9.047367591627697835e-06
9.161271106880933607e-06
7.686336988298599784e-06
7.229324857577970637e-06
6.921973893583810706e-06
7.274091015239346594e-06
7.410586256435578168e-06
6.206994963204006694e-06
5.078572866952033270e-06
6.053259494842322543e-06
5.978943337162859472e-06
5.087068124334073984e-06
5.225869094083403236e-06
5.680053692844875755e-06
5.341016019223485371e-06
4.989693186592013678e-06
5.518242322719267296e-06
5.445843331817130327e-06
5.064843749295924059e-06
4.906157610306651231e-06
5.295756976066409048e-06
4.969140553474435469e-06
4.941162709906428965e-06
4.931165461939126892e-06
4.965211062452725575e-06
4.919771525188084342e-06
4.948714898125092566e-06
4.909237757744192138e-06
5.206213173963166722e-06
4.851682150472099221e-06
5.097112627816040898e-06
5.594178575272813690e-06
5.651654446592999040e-06
5.565707834622025598e-06
6.041265168610621750e-06
6.173145655172310582e-06
6.452737838296787112e-06
6.535843515826593775e-06
5.083727845123772080e-06
5.260799631750867314e-06
6.161901196323977322e-06
6.753526480716981343e-06
6.954928628221812711e-06
6.453650202764605763e-06
5.960767287820238103e-06
6.055083544069490026e-06
6.427731350401137757e-06
6.582461728413879095e-06
6.726130043033618415e-06
7.369559395844419756e-06
9.970137264688396509e-06
1.000000000000000082e-05
1.000000000000000082e-05
1.000000000000000082e-05
1.000000000000000082e-05
1.000000000000000082e-05
1.000000000000000082e-05
1.000000000000000082e-05
1.000000000000000082e-05
1.000000000000000082e-05
1.000000000000000082e-05
1.000000000000000082e-05
1.000000000000000082e-05
1.000000000000000082e-05
1.000000000000000082e-05
1.000000000000000082e-05
1.000000000000000082e-05
1.000000000000000082e-05
1.000000000000000082e-05
1.000000000000000082e-05
1.000000000000000082e-05
1.000000000000000082e-05
1.000000000000000082e-05
1.000000000000000082e-05
1.000000000000000082e-05
1.000000000000000082e-05
1.000000000000000082e-05
1.000000000000000082e-05
1.000000000000000082e-05
1.000000000000000082e-05
1.000000000000000082e-05
1.000000000000000082e-05
