5.993080448055949569e-03
3.021057078160115268e-03
9.892697211536280021e-04
5.105032700187758267e-03
1.146587182826878113e-03
2.300605988171437960e-04
2.163254859247843646e-04
4.810129768686529261e-04
3.797005939704311758e-04
4.948385052538594158e-04
5.958384576899123470e-05
6.992760430867389881e-05
9.317394404613466539e-05
1.038421646057706232e-04
4.041662593518631253e-05
1.177778584646925556e-04
5.546812668200411836e-05
2.466627359000638723e-05
1.974122507305552956e-05
2.574730019312036435e-05
1.933905152480143967e-05
1.789790400909043328e-05
1.613987886178983421e-05
1.485361023588635173e-05
9.040113732223347667e-06
8.958179206065203969e-06
1.006322884769016900e-05
1.385220550275184335e-05
7.696252570246945690e-06
6.397845365379805438e-06
9.363526090124729619e-06
1.327464943441296191e-05
1.222102119908206976e-05
6.783788091739258443e-06
1.070588462547388855e-05
6.650179709155410494e-06
5.891525240753028721e-06
7.723779647731178352e-06
7.457423900626849951e-06
6.847778697567326591e-06
6.098011436817989329e-06
5.756921427055468592e-06
5.960438622762468836e-06
5.198544707213480192e-06
5.554602826856089446e-06
6.058018494444799681e-06
5.277464791043953120e-06
4.806733368043366384e-06
4.783470765310558450e-06
4.969051319083470554e-06
5.192170438240950955e-06
4.989165290899925603e-06
5.258542406828704440e-06
5.437477466799318975e-06
5.546058563573242962e-06
5.619990976233297293e-06
5.044963229200936861e-06
5.267273840473494305e-06
6.464155294871766856e-06
6.647318097727865339e-06
6.536332910535228843e-06
6.088168178347729024e-06
5.916930646130535022e-06
6.079160614955972210e-06
6.556985882846314978e-06
6.763086384344768076e-06
6.582910207749496653e-06
7.559050504733181763e-06
9.954886504532925532e-06
9.992216792223533424e-06
1.000000000000000082e-05
1.000000000000000082e-05
1.000000000000000082e-05
1.000000000000000082e-05
1.000000000000000082e-05
1.000000000000000082e-05
1.000000000000000082e-05
1.000000000000000082e-05
1.000000000000000082e-05
1.000000000000000082e-05
1.000000000000000082e-05
1.000000000000000082e-05
1.000000000000000082e-05
1.000000000000000082e-05
1.000000000000000082e-05
1.000000000000000082e-05
1.000000000000000082e-05
1.000000000000000082e-05
1.000000000000000082e-05
1.000000000000000082e-05
1.000000000000000082e-05
1.000000000000000082e-05
1.000000000000000082e-05
1.000000000000000082e-05
1.000000000000000082e-05
1.000000000000000082e-05
1.000000000000000082e-05
1.000000000000000082e-05
1.000000000000000082e-05
1.000000000000000082e-05
