1.256767605031340260e-02
6.540166736053205400e-03
2.200346394459156470e-03
1.134187779085826450e-02
2.552316502573126998e-03
8.305952520505035684e-04
9.942900050140149153e-04
1.163431221726600332e-03
9.809573843734360407e-04
8.760281928317495328e-04
1.222254327997176983e-04
9.029514048386576687e-05
2.775853783903417440e-04
3.253217846024873076e-04
7.584277474857814094e-05
2.412962343950288060e-04
1.624541519189419447e-04
1.199735155098952133e-04
7.740565179756425380e-05
8.640151792265860604e-05
5.695473123117711443e-05
4.572168046726434126e-05
4.689797775528858713e-05
5.672652360826793499e-05
2.814168993227872780e-05
4.207700273192704064e-05
2.462375388760367165e-05
4.475213701663886709e-05
2.941446540131849999e-05
2.094585682521960096e-05
2.848953109130246102e-05
2.124201343914166310e-05
3.993770827278762207e-05
2.035763157119666579e-05
1.161305806590136298e-05
1.183693356149223901e-05
9.138302160379229810e-06
2.681354975718009613e-05
3.292116276171970263e-05
2.811463192344059605e-05
1.758682131910128889e-05
1.618535382304575414e-05
2.320749958559192337e-05
1.947799637075133672e-05
1.307963395951610833e-05
8.847560580254237305e-06
8.519865180558137805e-06
8.197397911096875378e-06
7.372721276980916923e-06
7.587729808435866136e-06
7.790430430983795354e-06
5.760510064484703835e-06
5.478970883777430469e-06
4.786277764958434340e-06
4.937876000626549376e-06
5.260920722041060234e-06
4.901788288037907363e-06
4.824746443379844053e-06
5.701443460467722967e-06
6.120918195233952363e-06
6.177506049809328083e-06
5.342452019555533973e-06
4.958968430378941699e-06
5.308511461831290038e-06
5.694143834557535526e-06
6.020528614870171380e-06
6.059381867120268020e-06
7.015227116681407387e-06
9.999999999999999124e-06
9.999999999999999124e-06
9.999999999999999124e-06
9.999999999999999124e-06
9.999999999999999124e-06
9.999999999999999124e-06
9.999999999999999124e-06
9.999999999999999124e-06
9.999999999999999124e-06
9.999999999999999124e-06
9.999999999999999124e-06
9.999999999999999124e-06
9.999999999999999124e-06
9.999999999999999124e-06
9.999999999999999124e-06
9.999999999999999124e-06
9.999999999999999124e-06
9.999999999999999124e-06
9.999999999999999124e-06
9.999999999999999124e-06
9.999999999999999124e-06
9.999999999999999124e-06
9.999999999999999124e-06
9.999999999999999124e-06
9.999999999999999124e-06
9.999999999999999124e-06
9.999999999999999124e-06
9.999999999999999124e-06
9.999999999999999124e-06
9.999999999999999124e-06
9.999999999999999124e-06
9.999999999999999124e-06
