3.337216453604382842e-03
1.772475727186945474e-02
4.060178802226732317e-03
2.101801891742114108e-03
3.483087792534188178e-03
7.024787980425696143e-04
3.402139706737899527e-04
1.346298082220670055e-03
1.335450674052651981e-03
6.152717648294217176e-04
1.629351271972136889e-03
6.659277354231584291e-04
4.359650748887546122e-04
3.521896083996798503e-04
1.387791443926613278e-04
7.589382443088370938e-05
9.575549644990682594e-05
1.138628301263654087e-04
8.828343785322077060e-05
4.132700933346072740e-05
6.353899270731996592e-05
6.347504770759229622e-05
4.038683828847607922e-05
4.127939727205061289e-05
3.845743620194036662e-05
2.474915920777819974e-05
1.991117962162183624e-05
2.214390392100796466e-05
1.922669281754090483e-05
1.456665762926189258e-05
1.047704545889647020e-05
1.446088433867310876e-05
8.991511290392913483e-06
1.226819544710565700e-05
1.095322304112997175e-05
9.209337000461332716e-06
8.582209362804218443e-06
9.091066925261112583e-06
1.243129474493468168e-05
7.532086205062791500e-06
8.343476704222467294e-06
8.219496581225823240e-06
8.832981779450058292e-06
1.004640840043370040e-05
8.716985444107357047e-06
8.205105491093093287e-06
6.655828483182643133e-06
7.593326878915459748e-06
7.840582548806512326e-06
7.576407359017115267e-06
7.475804276719182125e-06
7.187765083257153801e-06
6.589829805378048177e-06
6.344319665866384313e-06
6.138067833617675310e-06
6.360907657102963298e-06
6.432301528264104718e-06
6.379640311675181066e-06
6.394826326713986255e-06
5.843028750048319103e-06
5.451312909803842670e-06
5.745258589876493064e-06
6.107492455593171055e-06
5.946583727757730160e-06
6.451582303229168212e-06
6.440877912981196988e-06
6.023871280369907804e-06
5.364842477771732248e-06
4.988780523246852677e-06
5.222985543106364023e-06
5.135898674067638425e-06
5.508361613070729839e-06
5.508626708869049005e-06
5.250591944870292226e-06
4.862256105839831821e-06
4.744551145207312567e-06
4.848307990042154497e-06
5.140332445572865747e-06
5.128612514522056671e-06
5.167380698430739901e-06
5.183150771869720750e-06
5.776813203759278683e-06
6.874923697648346029e-06
8.559584276139562542e-06
9.634904053226934581e-06
9.987384908663536994e-06
9.986832088329163114e-06
9.989088066751689555e-06
9.991562897855317521e-06
9.996889750110598188e-06
9.998756241933468283e-06
9.998693610516385153e-06
9.999424679384600161e-06
9.999392861626954911e-06
9.999402742859338138e-06
9.999999999999999124e-06
9.999999999999999124e-06
9.999999999999999124e-06
9.999999999999999124e-06
9.999999999999999124e-06
