2.432417408698987413e-02
1.308971145673646329e-02
4.964156154571718223e-03
2.259684253039791896e-02
5.397223135515665134e-03
1.567911996556937406e-03
1.434463728741996189e-03
1.244951576574956182e-03
2.350156108454920772e-03
2.513313798413094411e-03
6.504222117670394520e-04
1.025169920430098278e-03
9.224500303726348603e-04
6.822666932013285359e-04
2.220743292486229692e-04
6.236043754930070638e-04
2.383925969330971673e-04
2.299756276989847964e-04
2.263095125826955858e-04
2.259258590070110061e-04
1.471743890579579666e-04
1.516732131220884818e-04
1.662997455189530913e-04
1.481885277308745417e-04
1.246519226242687693e-04
1.214669773150709993e-04
9.026425055175261905e-05
1.181638811448564746e-04
8.749241186188684853e-05
6.818478598848884918e-05
9.122813225736863246e-05
1.807939232498894646e-04
1.004286972449776642e-04
4.585414877920653660e-05
3.846524220365796638e-05
3.724738386734336619e-05
4.372306283389983448e-05
6.392924105559195469e-05
7.566104832392809014e-05
3.545648582258107193e-05
4.511390641102932240e-05
3.253746300377289842e-05
3.093142356557172844e-05
2.512427385679654913e-05
2.589062474072817928e-05
2.793950145415853269e-05
2.303088900991818991e-05
2.103840234344250923e-05
1.705220356968415582e-05
2.516817512103647380e-05
1.776720279242572625e-05
1.610648496294818832e-05
9.401570802940048682e-06
8.709823137364947949e-06
8.935372540658017494e-06
7.630532207685317928e-06
6.152691797385977005e-06
6.320034786637660198e-06
5.489250930801508090e-06
5.164272151581396778e-06
5.133392913813676654e-06
4.895107111961788977e-06
6.052177170624041603e-06
4.974976508604839681e-06
4.683311711156646395e-06
4.848795496623266141e-06
5.071300974286967544e-06
5.445286969713322696e-06
1.000301952553672262e-05
1.000831175185366640e-05
1.000962388948266351e-05
1.000493417926746010e-05
1.000541387207544044e-05
1.000445436591417560e-05
1.000496246752087300e-05
1.000572241467696310e-05
1.000000000000000082e-05
1.000000000000000082e-05
1.000000000000000082e-05
1.000000000000000082e-05
1.000000000000000082e-05
1.000000000000000082e-05
1.000000000000000082e-05
1.000000000000000082e-05
1.000000000000000082e-05
1.000000000000000082e-05
1.000000000000000082e-05
1.000000000000000082e-05
1.000000000000000082e-05
1.000000000000000082e-05
1.000000000000000082e-05
1.000000000000000082e-05
1.000000000000000082e-05
1.000000000000000082e-05
1.000000000000000082e-05
1.000000000000000082e-05
1.000000000000000082e-05
1.000000000000000082e-05
1.000000000000000082e-05
1.000000000000000082e-05
