2.487444425357232189e-03
5.454200250511089931e-04
9.941681837990813415e-04
7.588536581151861336e-04
1.173465996519265680e-04
1.079719062226179295e-04
3.934771685920840194e-05
8.262871498708755690e-05
2.813987337537698325e-05
3.248438741807635504e-05
1.173511507816587737e-05
2.372656528417676035e-05
1.545572938294049981e-05
8.599886672465317087e-06
1.566509193870040004e-05
8.294582399136974079e-06
7.060303962051466308e-06
6.572836519057577916e-06
6.481744286856128441e-06
5.991683735717912653e-06
5.837512714403566912e-06
6.193001791285374796e-06
6.545679032659789567e-06
5.540649430580519850e-06
5.755823480427741114e-06
5.098125798325015153e-06
5.801693168456563957e-06
5.237154060050607914e-06
5.095791266934261947e-06
5.358085099938995996e-06
5.103951637609707414e-06
5.009750608552553749e-06
5.189236900604692410e-06
5.075286066330915857e-06
5.120904479281711523e-06
5.517597888349231978e-06
5.131220716626955439e-06
5.334696760867291472e-06
5.210889882734096230e-06
5.390777912530496355e-06
5.520863358003671263e-06
5.395070732720812700e-06
5.318099323542864409e-06
5.245118105208176883e-06
5.236035043739585645e-06
5.320763537562036139e-06
5.897254523693174229e-06
5.458157493071039348e-06
5.528655959566389877e-06
5.934942484935309109e-06
6.291462205075138428e-06
6.432210267051920670e-06
6.341315627459444859e-06
5.198386502994176566e-06
5.223468764090249485e-06
6.467651353451065333e-06
6.766426293382845876e-06
6.522938672393459870e-06
6.154941159884584510e-06
5.983960897077882709e-06
6.176094903034743467e-06
6.388169524540656976e-06
6.565706233482732270e-06
7.127998304957912072e-06
9.769909399216184987e-06
9.990829651845692312e-06
9.999999999999999124e-06
9.999999999999999124e-06
9.999999999999999124e-06
9.999999999999999124e-06
9.999999999999999124e-06
9.999999999999999124e-06
9.999999999999999124e-06
9.999999999999999124e-06
9.999999999999999124e-06
9.999999999999999124e-06
9.999999999999999124e-06
9.999999999999999124e-06
9.999999999999999124e-06
9.999999999999999124e-06
9.999999999999999124e-06
9.999999999999999124e-06
9.999999999999999124e-06
9.999999999999999124e-06
9.999999999999999124e-06
9.999999999999999124e-06
9.999999999999999124e-06
9.999999999999999124e-06
9.999999999999999124e-06
9.999999999999999124e-06
9.999999999999999124e-06
9.999999999999999124e-06
9.999999999999999124e-06
9.999999999999999124e-06
9.999999999999999124e-06
9.999999999999999124e-06
9.999999999999999124e-06
9.999999999999999124e-06
9.999999999999999124e-06
9.999999999999999124e-06
