5.697438552862552595e-03
1.074227004342573691e-03
1.798735477714473105e-03
2.299772265052053930e-03
1.273152802189375307e-03
6.376472141372347205e-04
8.625688820597045183e-05
2.288296440800017628e-04
2.847369425331393246e-04
1.385133202542924795e-04
4.262188558931428084e-05
1.357035012865128809e-04
1.009016806552924793e-04
3.397061742304688142e-05
5.580627231487245474e-05
3.207570343413950354e-05
2.467735346271409557e-05
3.138543934924438905e-05
7.031270915234955478e-05
2.653997078161900638e-05
1.598931166141221219e-05
1.617935254547431872e-05
1.802951787954702921e-05
1.707442779375733711e-05
1.990610202191826959e-05
1.923338476883438522e-05
1.045514056489847182e-05
6.056454459222488054e-06
9.762875979169068148e-06
1.160578819519492639e-05
8.761424998642506603e-06
7.612033056772986787e-06
7.510523408637906147e-06
6.459391254996095687e-06
6.349791512315173637e-06
5.515462747027351153e-06
6.156248713932595579e-06
6.845431770989115500e-06
5.372618358103564941e-06
6.151886330898266251e-06
6.085780577099818161e-06
6.634806413201261655e-06
7.957275806494513651e-06
7.903112117708872128e-06
6.507852940653442669e-06
5.129312946275753604e-06
5.361769017516532347e-06
5.202863925616504554e-06
5.063075299910403015e-06
4.884524618612926311e-06
5.204787643000713077e-06
5.362787475583597355e-06
5.442929628256297263e-06
5.027958042150197600e-06
5.063757032654931488e-06
6.367157936349172905e-06
6.413761784182407460e-06
6.180311677299852039e-06
5.916295672163914403e-06
5.668432913554397544e-06
6.218257232980276426e-06
6.536397486206559352e-06
6.560511153998246355e-06
7.236632831475315578e-06
9.992804811596749158e-06
1.000000000000000082e-05
1.000000000000000082e-05
1.000000000000000082e-05
1.000000000000000082e-05
1.000000000000000082e-05
1.000000000000000082e-05
1.000000000000000082e-05
1.000000000000000082e-05
1.000000000000000082e-05
1.000000000000000082e-05
1.000000000000000082e-05
1.000000000000000082e-05
1.000000000000000082e-05
1.000000000000000082e-05
1.000000000000000082e-05
1.000000000000000082e-05
1.000000000000000082e-05
1.000000000000000082e-05
1.000000000000000082e-05
1.000000000000000082e-05
1.000000000000000082e-05
1.000000000000000082e-05
1.000000000000000082e-05
1.000000000000000082e-05
1.000000000000000082e-05
1.000000000000000082e-05
1.000000000000000082e-05
1.000000000000000082e-05
1.000000000000000082e-05
1.000000000000000082e-05
1.000000000000000082e-05
1.000000000000000082e-05
1.000000000000000082e-05
1.000000000000000082e-05
1.000000000000000082e-05
