9.253291483121491023e-03
2.764501501205957317e-03
3.035019168030499582e-03
3.983859100667451990e-03
2.175588187343319244e-03
1.147885605654013668e-03
2.118406194722335782e-04
3.652139488828910177e-04
2.328922348702297973e-04
9.473221110612329177e-05
2.469658173364240982e-05
1.323110472891894651e-04
1.845832879383693464e-04
6.186612824682451693e-05
1.455492117194228080e-04
4.778082908511825378e-05
5.363967705208032679e-05
6.047398804383000230e-05
4.935172927012732106e-05
4.826304208016633904e-05
9.177503433122538427e-05
3.477726170936194799e-05
2.592927101961878730e-05
3.544954520686603516e-05
2.921933809749365540e-05
3.944233916036460097e-05
3.456864494205014209e-05
1.841484803285109873e-05
2.532703662217873243e-05
2.097653055867964561e-05
2.001392336967005843e-05
1.891040482493296863e-05
9.450514074648763287e-06
1.222591312885297435e-05
1.229830283613330453e-05
1.364742117056420559e-05
2.443267270575211471e-05
1.387710888236647591e-05
1.656783911003544896e-05
1.316059271210500209e-05
9.312140869990536508e-06
1.634853693697731211e-05
1.047553094243294366e-05
7.253643027490547071e-06
6.719982880026479709e-06
7.575877477352615686e-06
7.295306116597955295e-06
6.223772693800722658e-06
5.842914905151627963e-06
5.103219798221772430e-06
4.943748774234433197e-06
4.995228844925123527e-06
4.918311487084266061e-06
4.770260133291499613e-06
4.850813313801525796e-06
6.002658936078103475e-06
6.271178279627021083e-06
5.549246250362396283e-06
5.161844873360516604e-06
5.050616981875351858e-06
5.726609415000898173e-06
6.055174078952665844e-06
6.197524838704117371e-06
7.158780458428311545e-06
1.000000000000000251e-05
1.000000000000000251e-05
1.000000000000000251e-05
1.000000000000000251e-05
1.000000000000000251e-05
1.000000000000000251e-05
1.000000000000000251e-05
1.000000000000000251e-05
1.000000000000000251e-05
1.000000000000000251e-05
1.000000000000000251e-05
1.000000000000000251e-05
1.000000000000000251e-05
1.000000000000000251e-05
1.000000000000000251e-05
1.000000000000000251e-05
1.000000000000000251e-05
1.000000000000000251e-05
1.000000000000000251e-05
1.000000000000000251e-05
1.000000000000000251e-05
1.000000000000000251e-05
1.000000000000000251e-05
1.000000000000000251e-05
1.000000000000000251e-05
1.000000000000000251e-05
1.000000000000000251e-05
1.000000000000000251e-05
1.000000000000000251e-05
1.000000000000000251e-05
1.000000000000000251e-05
1.000000000000000251e-05
1.000000000000000251e-05
1.000000000000000251e-05
1.000000000000000251e-05
1.000000000000000251e-05
