2.414912300046075447e-02
1.524147563063178116e-03
5.744482008353795494e-03
5.706423423665511058e-03
4.368083019091530475e-03
4.092552008748013767e-03
3.292273152688522057e-03
1.798941715233342252e-03
4.362680785392956365e-04
1.055079232414223933e-03
5.147811747294555847e-04
1.000724693493941454e-03
5.184358172795111358e-04
4.276508309613666781e-04
4.671416396328021466e-04
1.793737519216812557e-04
2.205305669653329222e-04
1.542433539103310884e-04
1.785423965167719034e-04
2.412896598109065408e-04
1.957199529284392968e-04
2.192846342631822685e-04
2.663205933816349636e-04
3.158532733130318200e-04
2.328101859844809783e-04
8.345998683713884913e-05
9.387203602008639387e-05
6.394829077895425123e-05
1.291947411650592949e-04
1.924817309766112066e-04
1.237349271661490233e-04
9.525003382937729905e-05
8.465383542762558791e-05
6.881507687088053531e-05
4.949615694644998542e-05
5.144814617712003613e-05
5.811681303498253648e-05
4.010701976062958221e-05
4.328005498058459143e-05
3.159437337281517162e-05
4.161430034443951631e-05
2.754808507262324662e-05
1.887715065819661056e-05
2.350573768192760346e-05
1.718862549920185760e-05
2.112440121913572433e-05
3.859053188403912627e-05
1.897206966365675777e-05
1.169655563581605871e-05
1.207794272745435154e-05
8.393645509849446360e-06
8.404941760556826396e-06
6.636813632049250766e-06
5.915225956778439641e-06
5.555739952255933647e-06
5.138076194530943782e-06
5.331374173309781671e-06
5.154111715642876574e-06
6.700072808513495152e-06
7.041776919578038036e-06
5.702701324237545926e-06
5.586974393076422496e-06
6.203191402996977372e-06
5.465311815712968153e-06
1.000000000000000251e-05
1.000000000000000251e-05
1.000000000000000251e-05
1.000000000000000251e-05
1.000000000000000251e-05
1.000000000000000251e-05
1.000000000000000251e-05
1.000000000000000251e-05
1.000000000000000251e-05
1.000000000000000251e-05
1.000000000000000251e-05
1.000000000000000251e-05
1.000000000000000251e-05
1.000000000000000251e-05
1.000000000000000251e-05
1.000000000000000251e-05
1.000000000000000251e-05
1.000000000000000251e-05
1.000000000000000251e-05
1.000000000000000251e-05
1.000000000000000251e-05
1.000000000000000251e-05
1.000000000000000251e-05
1.000000000000000251e-05
1.000000000000000251e-05
1.000000000000000251e-05
1.000000000000000251e-05
1.000000000000000251e-05
1.000000000000000251e-05
1.000000000000000251e-05
1.000000000000000251e-05
1.000000000000000251e-05
1.000000000000000251e-05
1.000000000000000251e-05
1.000000000000000251e-05
1.000000000000000251e-05
