1.710676072999643390e-03
1.374426303851041973e-03
1.911325421785057578e-03
3.408941668669269120e-04
2.532151977989626412e-04
1.750527772236089893e-04
5.966905013439362628e-05
2.003721238215660158e-05
4.646948899172846181e-05
2.780894011948264720e-05
2.339902809303497577e-05
1.220516314454224400e-05
1.676094806636289897e-05
2.325838042466582558e-05
7.774889830757357191e-06
7.497507802920280050e-06
7.897508901258501094e-06
7.788865691121295366e-06
6.931137317074852474e-06
5.974022502278980034e-06
6.988245080565599803e-06
6.583382304366987731e-06
5.314403947139109405e-06
5.113087708375112880e-06
5.375623786664822958e-06
5.118762937766715309e-06
4.949805303821648950e-06
4.973532938025472561e-06
5.027827396706309667e-06
5.107397031413163545e-06
4.975975319187546885e-06
5.053548470252757855e-06
5.164486954904350145e-06
5.249545518617325699e-06
5.052453604607741222e-06
5.310669053367123673e-06
5.174502726878347869e-06
5.044412261890476255e-06
5.017063285140218164e-06
5.094787610660109361e-06
5.059290745652001690e-06
5.100997562938526270e-06
5.145410418944439403e-06
5.366338195731921526e-06
5.387054859592053475e-06
5.486129342152178581e-06
5.803812335944876881e-06
6.002841253632562488e-06
6.142452177122994806e-06
5.919769817979770362e-06
5.100944407981140696e-06
5.193589548014853056e-06
6.434802370086025212e-06
6.389983078471168473e-06
6.246230097974677242e-06
5.975497246964298062e-06
6.176610264485491587e-06
6.431261758400729728e-06
6.619570666294910835e-06
6.914682819563016537e-06
9.542052388047350157e-06
9.996598881221387093e-06
1.000000000000000082e-05
1.000000000000000082e-05
1.000000000000000082e-05
1.000000000000000082e-05
1.000000000000000082e-05
1.000000000000000082e-05
1.000000000000000082e-05
1.000000000000000082e-05
1.000000000000000082e-05
1.000000000000000082e-05
1.000000000000000082e-05
1.000000000000000082e-05
1.000000000000000082e-05
1.000000000000000082e-05
1.000000000000000082e-05
1.000000000000000082e-05
1.000000000000000082e-05
1.000000000000000082e-05
1.000000000000000082e-05
1.000000000000000082e-05
1.000000000000000082e-05
1.000000000000000082e-05
1.000000000000000082e-05
1.000000000000000082e-05
1.000000000000000082e-05
1.000000000000000082e-05
1.000000000000000082e-05
1.000000000000000082e-05
1.000000000000000082e-05
1.000000000000000082e-05
1.000000000000000082e-05
1.000000000000000082e-05
1.000000000000000082e-05
1.000000000000000082e-05
1.000000000000000082e-05
1.000000000000000082e-05
1.000000000000000082e-05
1.000000000000000082e-05
