4.665469619548226303e-03
3.175930459295841363e-03
3.345852331258815805e-03
1.591351588042003726e-03
1.407538199333219914e-03
3.576292037467034154e-04
1.020484032963115171e-04
2.258381756321477295e-04
4.963084602817831661e-04
1.406983937000240523e-04
7.306636039517054267e-05
3.622999894029671432e-05
4.445513351517176509e-05
5.611831535277172155e-05
2.070808205230571420e-05
4.219832811809076743e-05
2.759192705260830129e-05
3.958421960323646666e-05
1.884588278853042398e-05
2.244209905358235599e-05
1.759435975247574893e-05
1.331047123751908173e-05
1.137949247287077260e-05
1.662157446964835020e-05
1.674165477696672421e-05
8.703473958006618244e-06
7.749395251922823450e-06
1.273998325060374392e-05
1.108371135471193857e-05
7.480590868633107488e-06
6.977632756534833264e-06
7.380957587110584096e-06
8.557037331347956455e-06
6.665441503859431022e-06
6.254620843048238229e-06
8.038713971710290246e-06
7.934491296323592621e-06
8.166722481292410817e-06
7.991189933600489231e-06
5.925611930906925310e-06
6.059945018321127797e-06
6.131234061065935214e-06
5.424539612857779700e-06
5.329294984562425184e-06
5.427378369101578419e-06
5.085020438402019878e-06
4.751276779955876133e-06
5.095785167982383375e-06
5.569185528946262850e-06
5.644076380743268199e-06
5.074269415399331536e-06
5.099435069133432135e-06
6.598348970882189444e-06
6.617899393766048560e-06
5.881500357347080917e-06
5.704056555407989726e-06
5.926321379904616005e-06
6.301224887170971992e-06
6.419085770629829060e-06
6.930243888682479128e-06
9.897672506728985478e-06
1.000000000000000082e-05
1.000000000000000082e-05
1.000000000000000082e-05
1.000000000000000082e-05
1.000000000000000082e-05
1.000000000000000082e-05
1.000000000000000082e-05
1.000000000000000082e-05
1.000000000000000082e-05
1.000000000000000082e-05
1.000000000000000082e-05
1.000000000000000082e-05
1.000000000000000082e-05
1.000000000000000082e-05
1.000000000000000082e-05
1.000000000000000082e-05
1.000000000000000082e-05
1.000000000000000082e-05
1.000000000000000082e-05
1.000000000000000082e-05
1.000000000000000082e-05
1.000000000000000082e-05
1.000000000000000082e-05
1.000000000000000082e-05
1.000000000000000082e-05
1.000000000000000082e-05
1.000000000000000082e-05
1.000000000000000082e-05
1.000000000000000082e-05
1.000000000000000082e-05
1.000000000000000082e-05
1.000000000000000082e-05
1.000000000000000082e-05
1.000000000000000082e-05
1.000000000000000082e-05
1.000000000000000082e-05
1.000000000000000082e-05
1.000000000000000082e-05
1.000000000000000082e-05
