1.234929180438638398e-02
7.237702294648342555e-03
6.933886700006254566e-03
6.839232131621931013e-03
2.835173404947885847e-03
1.547926590296889310e-03
1.173137813022492740e-03
1.065741730212960885e-03
1.933808427075595559e-03
6.641490361060181863e-04
4.045366388678338430e-04
1.586303064813548525e-04
2.707573818757667361e-04
2.578034113679442368e-04
9.108480699787778088e-05
1.515815062414803741e-04
1.309798035526665795e-04
1.374410992289600106e-04
1.363618698337542776e-04
8.700677312348156214e-05
1.055479137097867573e-04
1.048716376289948439e-04
6.563884319958049503e-05
6.990362133310237109e-05
6.834852632314006315e-05
4.631320516857619497e-05
7.202131909068018253e-05
7.941127880661626496e-05
3.214192725406978077e-05
2.687170859473646316e-05
2.502989484591609630e-05
1.816578849051589406e-05
1.542671213784871210e-05
3.900005229467516773e-05
4.278340757728132596e-05
2.034040328536423862e-05
2.231089689973215156e-05
1.845828832328027478e-05
2.709308956691871428e-05
2.044728826033576986e-05
1.674815206508996430e-05
1.574086418952585324e-05
1.372469474079376479e-05
1.045412302026994904e-05
1.126075491125424314e-05
7.752689701493875398e-06
6.895262018714127488e-06
5.910731314688554662e-06
6.543071454058613070e-06
6.156243418342420883e-06
5.593323648375557156e-06
5.176291934882709616e-06
5.663231262722943839e-06
5.677769851864850379e-06
4.830218391648707220e-06
4.750061199431551448e-06
4.983429500118805135e-06
5.718966501573312699e-06
5.877357715973554124e-06
6.423528042709436117e-06
1.000000000000000082e-05
1.000000000000000082e-05
1.000000000000000082e-05
1.000000000000000082e-05
1.000000000000000082e-05
1.000000000000000082e-05
1.000000000000000082e-05
1.000000000000000082e-05
1.000000000000000082e-05
1.000000000000000082e-05
1.000000000000000082e-05
1.000000000000000082e-05
1.000000000000000082e-05
1.000000000000000082e-05
1.000000000000000082e-05
1.000000000000000082e-05
1.000000000000000082e-05
1.000000000000000082e-05
1.000000000000000082e-05
1.000000000000000082e-05
1.000000000000000082e-05
1.000000000000000082e-05
1.000000000000000082e-05
1.000000000000000082e-05
1.000000000000000082e-05
1.000000000000000082e-05
1.000000000000000082e-05
1.000000000000000082e-05
1.000000000000000082e-05
1.000000000000000082e-05
1.000000000000000082e-05
1.000000000000000082e-05
1.000000000000000082e-05
1.000000000000000082e-05
1.000000000000000082e-05
1.000000000000000082e-05
1.000000000000000082e-05
1.000000000000000082e-05
1.000000000000000082e-05
1.000000000000000082e-05
