2.002343314132816465e-02
1.203716781096977710e-02
2.058802946886114163e-02
1.087216545632560712e-02
2.790395210201279327e-03
5.590614178458476989e-03
2.498818691801618468e-03
9.980263477476403102e-04
2.521944362620444011e-03
1.768385406956140583e-03
9.812152827372447664e-04
4.484741656357321563e-04
5.247782239654538716e-04
5.842415599976642261e-04
2.981619633588483893e-04
2.037008915436272992e-04
3.189596679388151585e-04
1.493249746904894474e-04
2.140685230296634003e-04
1.862433016409767894e-04
1.984840080927762786e-04
1.474641216575469206e-04
1.900947004710262615e-04
1.069140651024100622e-04
1.716372930165849101e-04
1.132813363068069625e-04
1.673860449264406327e-04
1.098387114926804603e-04
9.595853937687834443e-05
1.137476125321886064e-04
5.884341507162663148e-05
4.898876953576562825e-05
6.117605195910116389e-05
7.610415645208157070e-05
8.133785688134759933e-05
6.429244615541031911e-05
6.869516705172056589e-05
5.239048243473330745e-05
6.523407440584450163e-05
3.860011156491797193e-05
3.508402859357410085e-05
2.362481527280233150e-05
3.814794746522784846e-05
3.478892780274758003e-05
2.195624951897349434e-05
1.566535326033055063e-05
1.535324428249516544e-05
1.159326861036207089e-05
7.175271529794082478e-06
9.240715069893408660e-06
6.608685002226591002e-06
5.426863294369206966e-06
5.418788930597973049e-06
5.130470592705893851e-06
4.978318012055498400e-06
5.551442657465039678e-06
5.269648160776379934e-06
5.027776304098005073e-06
4.932824464646269445e-06
5.361200702155947047e-06
1.000000000000000082e-05
1.000000000000000082e-05
1.000000000000000082e-05
1.000000000000000082e-05
1.000000000000000082e-05
1.000000000000000082e-05
1.000000000000000082e-05
1.000000000000000082e-05
1.000000000000000082e-05
1.000000000000000082e-05
1.000000000000000082e-05
1.000000000000000082e-05
1.000000000000000082e-05
1.000000000000000082e-05
1.000000000000000082e-05
1.000000000000000082e-05
1.000000000000000082e-05
1.000000000000000082e-05
1.000000000000000082e-05
1.000000000000000082e-05
1.000000000000000082e-05
1.000000000000000082e-05
1.000000000000000082e-05
1.000000000000000082e-05
1.000000000000000082e-05
1.000000000000000082e-05
1.000000000000000082e-05
1.000000000000000082e-05
1.000000000000000082e-05
1.000000000000000082e-05
1.000000000000000082e-05
1.000000000000000082e-05
1.000000000000000082e-05
1.000000000000000082e-05
1.000000000000000082e-05
1.000000000000000082e-05
1.000000000000000082e-05
1.000000000000000082e-05
1.000000000000000082e-05
1.000000000000000082e-05
