6.155886178867054151e-03
5.979059264644624684e-04
1.548126050109987703e-03
8.132583628095934290e-04
5.080378761037020787e-05
1.011742727899434295e-04
1.663136283431942259e-04
9.055012934093412732e-05
2.073513674845178599e-05
2.243554241839921943e-05
2.855156779282269896e-05
1.699087968275079478e-05
1.885101435915217594e-05
1.549955220889473876e-05
9.699700185947328211e-06
1.084747305239314016e-05
7.627175474969614049e-06
6.883010600924985723e-06
6.041936985623723224e-06
6.239723207636557712e-06
7.017042951538155988e-06
6.354574303150666584e-06
5.587368204242734582e-06
5.074647346621257258e-06
5.009215642394481063e-06
4.886231590176219636e-06
5.232866956582487089e-06
6.427793226817886852e-06
5.534083058433631995e-06
5.242486973550876625e-06
5.071149373267928260e-06
4.952247104304265644e-06
5.036894726683039465e-06
5.206328834068594223e-06
5.013741304489242703e-06
4.843783789523848863e-06
5.052774475578060157e-06
5.023627394480595181e-06
5.117150134357466176e-06
4.868154419008440017e-06
5.045686557222917973e-06
5.363432195929414709e-06
5.436290929151753964e-06
5.372439055707351620e-06
5.837808225475943487e-06
6.329555183331378014e-06
6.396436092893993645e-06
5.198066996773449045e-06
5.074499550304560576e-06
6.219027658428288913e-06
6.407873441549822420e-06
6.568488292557951794e-06
5.866843193366303394e-06
5.998920163609053795e-06
6.572151251368974146e-06
6.544305783026544825e-06
6.959856066455442558e-06
9.846825719458220384e-06
1.000000000000000082e-05
1.000000000000000082e-05
1.000000000000000082e-05
1.000000000000000082e-05
1.000000000000000082e-05
1.000000000000000082e-05
1.000000000000000082e-05
1.000000000000000082e-05
1.000000000000000082e-05
1.000000000000000082e-05
1.000000000000000082e-05
1.000000000000000082e-05
1.000000000000000082e-05
1.000000000000000082e-05
1.000000000000000082e-05
1.000000000000000082e-05
1.000000000000000082e-05
1.000000000000000082e-05
1.000000000000000082e-05
1.000000000000000082e-05
1.000000000000000082e-05
1.000000000000000082e-05
1.000000000000000082e-05
1.000000000000000082e-05
1.000000000000000082e-05
1.000000000000000082e-05
1.000000000000000082e-05
1.000000000000000082e-05
1.000000000000000082e-05
1.000000000000000082e-05
1.000000000000000082e-05
1.000000000000000082e-05
1.000000000000000082e-05
1.000000000000000082e-05
1.000000000000000082e-05
1.000000000000000082e-05
1.000000000000000082e-05
1.000000000000000082e-05
1.000000000000000082e-05
1.000000000000000082e-05
1.000000000000000082e-05
1.000000000000000082e-05
