7.291438601356767246e-03
4.188268172533243794e-02
1.007631682014256159e-02
5.881578921760697437e-03
9.666892974328305382e-03
1.974654586495915801e-03
1.812415412188909470e-03
7.377520190434137468e-03
3.904161706600116268e-03
2.946066851639770213e-03
4.685377612163867458e-03
3.258363501520835075e-03
1.949655950986892324e-03
1.019287220538936086e-03
4.701290859126782957e-04
4.723717515356497059e-04
7.015998412735112650e-04
1.270405969015059224e-03
3.756131013111399888e-04
2.295904610344674140e-04
5.229554948062546411e-04
3.395122903063197664e-04
1.706396404573779586e-04
1.792000366927639721e-04
2.181424659627187403e-04
1.384339534195746070e-04
1.051066483420270308e-04
1.225071097408804161e-04
1.339853123214270879e-04
9.900499551601219829e-05
6.266836355660053187e-05
7.427853732438932416e-05
4.681365405911298220e-05
3.994049447395377396e-05
4.007583327410429714e-05
3.317961340657979115e-05
3.395256572598589643e-05
3.832706373353892115e-05
5.124351763280701689e-05
2.917635237507664760e-05
2.604875618160074343e-05
2.375221147141293363e-05
2.386699718235919584e-05
2.757605025984143936e-05
2.831586203820986338e-05
2.365234120154977474e-05
1.829599711520921423e-05
2.250440387863518655e-05
1.959746571646198927e-05
2.111622456000701904e-05
2.125321631610245241e-05
2.285502622079253269e-05
2.138674008819847706e-05
1.721614085022763244e-05
1.585429663516534226e-05
1.668774964626653523e-05
1.614923093471852289e-05
1.712660480321882695e-05
2.031195552123018586e-05
1.555999570995850639e-05
1.266549796644331136e-05
1.922392285171870054e-05
1.944723687691195745e-05
2.069833396829365369e-05
1.608698788806589789e-05
1.788615650247314236e-05
1.983820331144586365e-05
1.726352452445437176e-05
1.519968023086060665e-05
1.712304751703377681e-05
1.612779746862087315e-05
1.620877528640160041e-05
1.535241807865956031e-05
1.170887110974385496e-05
1.048239704860370758e-05
9.778372605036765350e-06
1.090257832713887218e-05
9.520453966612975544e-06
8.819005964903575578e-06
8.795368468013871929e-06
8.204880616403426532e-06
6.582614101669790979e-06
5.077487070897216247e-06
4.979549374177572930e-06
5.474650444885487912e-06
8.982751767637427704e-06
9.998709370394967633e-06
1.000181270783616650e-05
1.000415520518098204e-05
1.000388470978924620e-05
1.000225546815913437e-05
1.000223226170798122e-05
1.000000000000000082e-05
1.000000000000000082e-05
1.000000000000000082e-05
1.000000000000000082e-05
1.000000000000000082e-05
1.000000000000000082e-05
1.000000000000000082e-05
1.000000000000000082e-05
