9.070214943067395064e-03
4.569608526894865805e-04
3.491219145763808408e-03
2.032498374293634918e-03
1.658318941471303791e-04
8.111828220464778450e-05
1.759147742725792620e-04
4.923499075295179641e-05
8.521800561325096270e-05
5.252535250392932858e-05
2.719716346269435955e-05
2.552227968219918084e-05
3.561957767233864014e-05
2.638101375027191074e-05
1.505783715905055926e-05
2.465409450569452452e-05
2.163883878733126402e-05
1.540709015459580119e-05
1.538020553793906033e-05
1.627679753582195126e-05
1.579467753303101017e-05
8.330593009412691250e-06
6.833159674392084040e-06
5.883862202157233463e-06
7.909627733130895558e-06
7.571447044390094271e-06
7.806779526990882863e-06
7.650866036973740525e-06
9.182802595921839273e-06
7.457863773452658617e-06
6.173554937757567604e-06
5.524146419950609099e-06
5.827235144777330064e-06
5.304190538404645590e-06
5.635830130148146198e-06
5.836605505186130524e-06
5.472775477864163572e-06
5.143363009861100182e-06
5.040459255930315307e-06
4.934408783671495451e-06
4.856903782852852476e-06
4.890424956060363073e-06
4.827745972692452678e-06
4.878936065204752273e-06
4.971921312506534182e-06
5.468976240033102748e-06
5.945482842371288731e-06
4.940286573521821686e-06
5.211421773397804664e-06
6.553816532604645236e-06
6.292825650396296857e-06
6.264964614689462703e-06
5.945543946173014144e-06
5.897305251267559017e-06
6.541307945150016177e-06
6.625417332629313188e-06
7.409010106845679967e-06
9.982537403315507889e-06
9.999999999999999124e-06
9.999999999999999124e-06
9.999999999999999124e-06
9.999999999999999124e-06
9.999999999999999124e-06
9.999999999999999124e-06
9.999999999999999124e-06
9.999999999999999124e-06
9.999999999999999124e-06
9.999999999999999124e-06
9.999999999999999124e-06
9.999999999999999124e-06
9.999999999999999124e-06
9.999999999999999124e-06
9.999999999999999124e-06
9.999999999999999124e-06
9.999999999999999124e-06
9.999999999999999124e-06
9.999999999999999124e-06
9.999999999999999124e-06
9.999999999999999124e-06
9.999999999999999124e-06
9.999999999999999124e-06
9.999999999999999124e-06
9.999999999999999124e-06
9.999999999999999124e-06
9.999999999999999124e-06
9.999999999999999124e-06
9.999999999999999124e-06
9.999999999999999124e-06
9.999999999999999124e-06
9.999999999999999124e-06
9.999999999999999124e-06
9.999999999999999124e-06
9.999999999999999124e-06
9.999999999999999124e-06
9.999999999999999124e-06
9.999999999999999124e-06
9.999999999999999124e-06
9.999999999999999124e-06
9.999999999999999124e-06
9.999999999999999124e-06
