2.358041972295745956e-02
2.035338651962954794e-03
1.335005067286405313e-02
6.396613771327159040e-03
1.287947511987664077e-03
3.207658497563713163e-04
4.213143423132324999e-04
1.807074422639617570e-04
5.070838818844116032e-04
1.587335434479951685e-04
1.470447376148065655e-04
6.760404609766885282e-05
2.035797502588953308e-04
1.312028640440933761e-04
1.639051249403422757e-04
1.191889135845217114e-04
2.059973141148621048e-04
8.309385371027078280e-05
7.138127701295210025e-05
4.141072685507334744e-05
6.122680702578724773e-05
8.403983271200499464e-05
5.903501148412452349e-05
4.652855090035306506e-05
3.284717416442180910e-05
6.262730216514760754e-05
2.479016959748198121e-05
2.559630148467135485e-05
3.204974608613372157e-05
2.912637148973737071e-05
1.497813621922838295e-05
2.353376600162841598e-05
1.888198376407166385e-05
1.728207667911197849e-05
1.120019158585772441e-05
9.076422666879976485e-06
1.462404571872055495e-05
1.205224274125057979e-05
1.006054397762912126e-05
1.386572693701830169e-05
1.075583466247528052e-05
8.789826230916212421e-06
8.513576488147530638e-06
1.016411086818466319e-05
7.681757262526500493e-06
5.388699816210135255e-06
4.864656734904303548e-06
4.552427106197489642e-06
4.692763364936788657e-06
5.461862801863074285e-06
5.632322330192343984e-06
5.094819509139775950e-06
4.943671159216736970e-06
5.055149702158327588e-06
5.488200923697741156e-06
5.481687226836797827e-06
6.134267612232296784e-06
1.000000000000000082e-05
1.000000000000000082e-05
1.000000000000000082e-05
1.000000000000000082e-05
1.000000000000000082e-05
1.000000000000000082e-05
1.000000000000000082e-05
1.000000000000000082e-05
1.000000000000000082e-05
1.000000000000000082e-05
1.000000000000000082e-05
1.000000000000000082e-05
1.000000000000000082e-05
1.000000000000000082e-05
1.000000000000000082e-05
1.000000000000000082e-05
1.000000000000000082e-05
1.000000000000000082e-05
1.000000000000000082e-05
1.000000000000000082e-05
1.000000000000000082e-05
1.000000000000000082e-05
1.000000000000000082e-05
1.000000000000000082e-05
1.000000000000000082e-05
1.000000000000000082e-05
1.000000000000000082e-05
1.000000000000000082e-05
1.000000000000000082e-05
1.000000000000000082e-05
1.000000000000000082e-05
1.000000000000000082e-05
1.000000000000000082e-05
1.000000000000000082e-05
1.000000000000000082e-05
1.000000000000000082e-05
1.000000000000000082e-05
1.000000000000000082e-05
1.000000000000000082e-05
1.000000000000000082e-05
1.000000000000000082e-05
1.000000000000000082e-05
1.000000000000000082e-05
