3.737168353503537988e-02
2.783219251660029158e-03
2.070367886434008528e-02
1.076193862971033463e-02
1.053178556926695833e-03
1.022351890081802652e-03
2.467227654787052492e-03
1.131410455391748844e-03
1.106799392372731635e-03
5.086766415140027333e-04
1.403725397542443390e-03
5.898690394099347610e-04
5.634687869818652203e-04
3.813866831055897776e-04
2.707883351166907415e-04
4.554399115512291129e-04
2.168886537576109410e-04
2.422663023762565079e-04
1.778175581993413589e-04
1.865329440511554685e-04
1.677536612788851434e-04
1.742173500264743602e-04
8.254174199570325028e-05
1.606471979996499148e-04
1.045930214962323857e-04
8.965816844159914375e-05
8.502180774145087197e-05
9.980246263941064497e-05
4.262515013282837590e-05
5.483454713924102228e-05
6.158964558591447573e-05
7.487622177988809385e-05
9.784577579806564987e-05
3.827627188512748032e-05
4.877474708640180685e-05
5.790492910289860717e-05
4.947687147628424903e-05
2.996536755196135528e-05
2.915866302717833416e-05
2.667120584820241859e-05
2.195377696394417254e-05
1.933412572317059108e-05
1.675478500226811694e-05
1.526898564300520878e-05
1.941161688742389907e-05
1.195034099266363613e-05
9.635434192840422327e-06
6.406172518599273493e-06
5.212701779196585202e-06
4.869079641456854681e-06
5.154616230132036726e-06
5.289132909101692815e-06
6.269438998857458937e-06
5.290476389001884020e-06
4.993101261786306526e-06
4.933532863061518053e-06
5.154119714502636617e-06
1.000000000000000082e-05
1.000000000000000082e-05
1.000000000000000082e-05
1.000000000000000082e-05
1.000000000000000082e-05
1.000000000000000082e-05
1.000000000000000082e-05
1.000000000000000082e-05
1.000000000000000082e-05
1.000000000000000082e-05
1.000000000000000082e-05
1.000000000000000082e-05
1.000000000000000082e-05
1.000000000000000082e-05
1.000000000000000082e-05
1.000000000000000082e-05
1.000000000000000082e-05
1.000000000000000082e-05
1.000000000000000082e-05
1.000000000000000082e-05
1.000000000000000082e-05
1.000000000000000082e-05
1.000000000000000082e-05
1.000000000000000082e-05
1.000000000000000082e-05
1.000000000000000082e-05
1.000000000000000082e-05
1.000000000000000082e-05
1.000000000000000082e-05
1.000000000000000082e-05
1.000000000000000082e-05
1.000000000000000082e-05
1.000000000000000082e-05
1.000000000000000082e-05
1.000000000000000082e-05
1.000000000000000082e-05
1.000000000000000082e-05
1.000000000000000082e-05
1.000000000000000082e-05
1.000000000000000082e-05
1.000000000000000082e-05
1.000000000000000082e-05
1.000000000000000082e-05
