5.128046107139616443e-03
7.380649307616561974e-04
1.397132173486784548e-03
1.106731168131169047e-03
2.253291462325165712e-04
9.059393966492573585e-05
3.389717389785403380e-05
1.086387402979943731e-04
2.374153271659813075e-05
3.873454207828416204e-05
1.625486507196681954e-05
2.354328254909897038e-05
1.765925928373516304e-05
7.913458634281171102e-06
1.138792521183601128e-05
1.019869289550209787e-05
7.841029574593250757e-06
6.545241130406199249e-06
5.555840359918610405e-06
5.910700121704931229e-06
6.248625790830842274e-06
5.042833201487096325e-06
5.033836166339660309e-06
5.221705375779502433e-06
7.296606391901970385e-06
5.150555507527266084e-06
4.930635212312207981e-06
4.832510146061956290e-06
5.020848699691608340e-06
4.847292334109577780e-06
5.288830005317277766e-06
5.018862752431441222e-06
4.958377861513688938e-06
5.043776140021323364e-06
5.005153789230413220e-06
4.968130431966758388e-06
5.053887361815466791e-06
5.201866233524344655e-06
5.178107564221010736e-06
5.354607173502323596e-06
5.443120756251745751e-06
5.673906417308682406e-06
5.985659917098884640e-06
6.153321985645608135e-06
5.389054349008551742e-06
5.316931694197101029e-06
6.339810558895131107e-06
6.293259722281119817e-06
5.989601344078527588e-06
5.907594020039944273e-06
6.277604094584187260e-06
6.227135878150826052e-06
6.459128244041092200e-06
7.647862194691315202e-06
9.993857578014561554e-06
1.000000000000000082e-05
1.000000000000000082e-05
1.000000000000000082e-05
1.000000000000000082e-05
1.000000000000000082e-05
1.000000000000000082e-05
1.000000000000000082e-05
1.000000000000000082e-05
1.000000000000000082e-05
1.000000000000000082e-05
1.000000000000000082e-05
1.000000000000000082e-05
1.000000000000000082e-05
1.000000000000000082e-05
1.000000000000000082e-05
1.000000000000000082e-05
1.000000000000000082e-05
1.000000000000000082e-05
1.000000000000000082e-05
1.000000000000000082e-05
1.000000000000000082e-05
1.000000000000000082e-05
1.000000000000000082e-05
1.000000000000000082e-05
1.000000000000000082e-05
1.000000000000000082e-05
1.000000000000000082e-05
1.000000000000000082e-05
1.000000000000000082e-05
1.000000000000000082e-05
1.000000000000000082e-05
1.000000000000000082e-05
1.000000000000000082e-05
1.000000000000000082e-05
1.000000000000000082e-05
1.000000000000000082e-05
1.000000000000000082e-05
1.000000000000000082e-05
1.000000000000000082e-05
1.000000000000000082e-05
1.000000000000000082e-05
1.000000000000000082e-05
1.000000000000000082e-05
1.000000000000000082e-05
1.000000000000000082e-05
