6.521695827783775649e-03
1.067554466524435908e-03
1.747922634145766341e-03
1.503595183806065135e-03
1.783095340217202395e-04
2.234717314242579546e-04
5.266205456501308284e-05
2.647706574845330729e-04
6.115312127348612856e-05
6.180049366163210551e-05
2.826752758770712619e-05
2.526980963675533198e-05
3.588879781751191727e-05
1.255455665711925106e-05
1.488778913821841103e-05
2.368134279592803564e-05
1.041635274202953668e-05
1.193283154988688956e-05
8.142985604945103781e-06
7.603091499687157882e-06
7.077593911978336020e-06
6.731485713403257140e-06
6.817727686239763496e-06
7.926741985446504948e-06
6.571326038114030846e-06
8.982871528366759395e-06
6.855609374686281733e-06
6.196509417336442810e-06
6.512659206400228955e-06
5.307099512869132360e-06
4.941903699991870538e-06
4.729974825546534538e-06
4.832953670359804356e-06
5.196207681671489312e-06
4.807072847481724123e-06
4.778420975486358932e-06
4.719458920775477658e-06
4.682283336682536344e-06
4.803517633044561297e-06
4.874666070182301024e-06
5.028461638683560859e-06
5.144095789182709543e-06
5.614983311859759350e-06
5.805646263992625788e-06
5.115596480683192772e-06
5.222187480207075901e-06
6.292612758764019076e-06
6.511501386705962984e-06
6.131431663704382908e-06
5.833707142521483047e-06
6.184624315015443366e-06
6.302213583147892189e-06
6.483826678359071744e-06
8.850950104064818239e-06
9.992157377714765883e-06
1.000000000000000082e-05
1.000000000000000082e-05
1.000000000000000082e-05
1.000000000000000082e-05
1.000000000000000082e-05
1.000000000000000082e-05
1.000000000000000082e-05
1.000000000000000082e-05
1.000000000000000082e-05
1.000000000000000082e-05
1.000000000000000082e-05
1.000000000000000082e-05
1.000000000000000082e-05
1.000000000000000082e-05
1.000000000000000082e-05
1.000000000000000082e-05
1.000000000000000082e-05
1.000000000000000082e-05
1.000000000000000082e-05
1.000000000000000082e-05
1.000000000000000082e-05
1.000000000000000082e-05
1.000000000000000082e-05
1.000000000000000082e-05
1.000000000000000082e-05
1.000000000000000082e-05
1.000000000000000082e-05
1.000000000000000082e-05
1.000000000000000082e-05
1.000000000000000082e-05
1.000000000000000082e-05
1.000000000000000082e-05
1.000000000000000082e-05
1.000000000000000082e-05
1.000000000000000082e-05
1.000000000000000082e-05
1.000000000000000082e-05
1.000000000000000082e-05
1.000000000000000082e-05
1.000000000000000082e-05
1.000000000000000082e-05
1.000000000000000082e-05
1.000000000000000082e-05
1.000000000000000082e-05
1.000000000000000082e-05
