2.429331630986593382e-02
5.039498141502785078e-03
6.018202106186803547e-03
5.966098294160772537e-03
2.014593985872700169e-03
1.438113075382002051e-03
2.631801438670644858e-04
1.376803274526610006e-03
3.757717369184261874e-04
2.672314552523520821e-04
6.184294029810826507e-05
1.802245166580849546e-04
1.685461963561699528e-04
1.232746620084333277e-04
1.424887754098435070e-04
1.630295601497647889e-04
2.056698335289348510e-04
8.780663304903168543e-05
6.965244751274432631e-05
3.893505028746546145e-05
1.341845002213839285e-04
1.007204762370745812e-04
7.540356627697871448e-05
5.837784353720182020e-05
4.581557697425057719e-05
5.136038584338444029e-05
2.394153265457037367e-05
2.199710122252305581e-05
2.151329198945027676e-05
2.588923570773576189e-05
4.506904875334660006e-05
3.635900586484450755e-05
3.118470344491397055e-05
1.604240114941892954e-05
1.139736222424036307e-05
1.092004572067734799e-05
1.350858907615007762e-05
1.471080738124511209e-05
1.181720885972388724e-05
1.032458088510378125e-05
7.743562267873574183e-06
8.169126687212426745e-06
5.615102835501432541e-06
4.972192873369899602e-06
5.091534982709879180e-06
4.747645377499449421e-06
5.683256221052742816e-06
5.859539412918589234e-06
5.080226923374328865e-06
5.058312968942652752e-06
5.185510829280113743e-06
5.440451555541912586e-06
5.651079428799238590e-06
8.751781454507707805e-06
1.000000000000000251e-05
1.000000000000000251e-05
1.000000000000000251e-05
1.000000000000000251e-05
1.000000000000000251e-05
1.000000000000000251e-05
1.000000000000000251e-05
1.000000000000000251e-05
1.000000000000000251e-05
1.000000000000000251e-05
1.000000000000000251e-05
1.000000000000000251e-05
1.000000000000000251e-05
1.000000000000000251e-05
1.000000000000000251e-05
1.000000000000000251e-05
1.000000000000000251e-05
1.000000000000000251e-05
1.000000000000000251e-05
1.000000000000000251e-05
1.000000000000000251e-05
1.000000000000000251e-05
1.000000000000000251e-05
1.000000000000000251e-05
1.000000000000000251e-05
1.000000000000000251e-05
1.000000000000000251e-05
1.000000000000000251e-05
1.000000000000000251e-05
1.000000000000000251e-05
1.000000000000000251e-05
1.000000000000000251e-05
1.000000000000000251e-05
1.000000000000000251e-05
1.000000000000000251e-05
1.000000000000000251e-05
1.000000000000000251e-05
1.000000000000000251e-05
1.000000000000000251e-05
1.000000000000000251e-05
1.000000000000000251e-05
1.000000000000000251e-05
1.000000000000000251e-05
1.000000000000000251e-05
1.000000000000000251e-05
1.000000000000000251e-05
