3.272778809024336211e-02
1.156964723964896101e-02
1.112802356906226336e-02
4.748248276736949380e-03
2.130895409725806072e-03
3.498353257624060159e-03
1.668161463996323604e-03
3.959551388774869458e-03
1.002522096014555296e-03
1.027175175475342553e-03
9.354143600630651645e-04
1.263576373817609875e-03
5.758734926641070678e-04
3.686686170447749230e-04
3.434475885085492728e-04
3.992899950298778745e-04
3.234273001741022548e-04
2.100011394152155619e-04
2.952663788065767385e-04
2.494718269263731039e-04
2.629355368716955943e-04
1.896374602555651195e-04
1.369227352294949765e-04
2.022737846847516845e-04
2.528919461822304272e-04
2.919815324320967518e-04
1.917263925417273950e-04
8.482727680989840058e-05
9.778151112712814839e-05
8.163314427567931709e-05
7.150597037931633005e-05
5.541602471328921467e-05
7.475946107744925852e-05
7.332070567670208685e-05
7.226253361500237107e-05
4.820718213461674972e-05
5.953032013580949815e-05
6.651327051515218099e-05
3.592489358574908000e-05
2.562764138738073407e-05
3.881043063399831211e-05
3.417317113267977690e-05
1.469697199123958898e-05
1.194421347821121773e-05
9.954561908908637490e-06
1.010074589851222281e-05
5.973204587766148561e-06
6.291707217190710810e-06
6.821397814611430244e-06
8.385546278291746908e-06
5.750956036942246917e-06
5.948787642224614049e-06
6.447604024752067097e-06
7.985838148429857096e-06
1.000000000000000082e-05
1.000000000000000082e-05
1.000000000000000082e-05
1.000000000000000082e-05
1.000000000000000082e-05
1.000000000000000082e-05
1.000000000000000082e-05
1.000000000000000082e-05
1.000000000000000082e-05
1.000000000000000082e-05
1.000000000000000082e-05
1.000000000000000082e-05
1.000000000000000082e-05
1.000000000000000082e-05
1.000000000000000082e-05
1.000000000000000082e-05
1.000000000000000082e-05
1.000000000000000082e-05
1.000000000000000082e-05
1.000000000000000082e-05
1.000000000000000082e-05
1.000000000000000082e-05
1.000000000000000082e-05
1.000000000000000082e-05
1.000000000000000082e-05
1.000000000000000082e-05
1.000000000000000082e-05
1.000000000000000082e-05
1.000000000000000082e-05
1.000000000000000082e-05
1.000000000000000082e-05
1.000000000000000082e-05
1.000000000000000082e-05
1.000000000000000082e-05
1.000000000000000082e-05
1.000000000000000082e-05
1.000000000000000082e-05
1.000000000000000082e-05
1.000000000000000082e-05
1.000000000000000082e-05
1.000000000000000082e-05
1.000000000000000082e-05
1.000000000000000082e-05
1.000000000000000082e-05
1.000000000000000082e-05
1.000000000000000082e-05
