4.591439285115922302e-03
9.369112226731973877e-04
2.479841112789632658e-03
2.199364039018687951e-04
1.232176908434604100e-04
8.622272286122327381e-05
8.872887495115442389e-05
4.127155738068071856e-05
2.868230101347905980e-05
1.558040145253711346e-05
1.727351996951562431e-05
1.684704244922726228e-05
1.070704130694152949e-05
1.051824151901551244e-05
1.120942057800083400e-05
6.205660392184333046e-06
6.386782121707395580e-06
6.007777565890684084e-06
5.545864555664449050e-06
5.488841700482650318e-06
5.382704779881246106e-06
4.853044219106263198e-06
5.260984895903539421e-06
5.378136960408630338e-06
5.326774716387519850e-06
5.163213226940156893e-06
4.846187822813079156e-06
4.859167432798058789e-06
5.042877436107665007e-06
5.080539894837205648e-06
4.903717426410547188e-06
4.877252725014146522e-06
4.943186497702446111e-06
4.838997033229134585e-06
4.803676780824108322e-06
5.160816689491265212e-06
5.269807909498276160e-06
5.278105172942405510e-06
5.222653989921038059e-06
5.529981822500604852e-06
5.892239070319005050e-06
6.092370787516449026e-06
5.152011334228039695e-06
5.732763934650353823e-06
6.470002844874016492e-06
6.255605935845603912e-06
5.707995231877590069e-06
6.059683173663894714e-06
6.328352596268944646e-06
6.394706469529472263e-06
7.889334234901586413e-06
1.000000000000000251e-05
1.000000000000000251e-05
1.000000000000000251e-05
1.000000000000000251e-05
1.000000000000000251e-05
1.000000000000000251e-05
1.000000000000000251e-05
1.000000000000000251e-05
1.000000000000000251e-05
1.000000000000000251e-05
1.000000000000000251e-05
1.000000000000000251e-05
1.000000000000000251e-05
1.000000000000000251e-05
1.000000000000000251e-05
1.000000000000000251e-05
1.000000000000000251e-05
1.000000000000000251e-05
1.000000000000000251e-05
1.000000000000000251e-05
1.000000000000000251e-05
1.000000000000000251e-05
1.000000000000000251e-05
1.000000000000000251e-05
1.000000000000000251e-05
1.000000000000000251e-05
1.000000000000000251e-05
1.000000000000000251e-05
1.000000000000000251e-05
1.000000000000000251e-05
1.000000000000000251e-05
1.000000000000000251e-05
1.000000000000000251e-05
1.000000000000000251e-05
1.000000000000000251e-05
1.000000000000000251e-05
1.000000000000000251e-05
1.000000000000000251e-05
1.000000000000000251e-05
1.000000000000000251e-05
1.000000000000000251e-05
1.000000000000000251e-05
1.000000000000000251e-05
1.000000000000000251e-05
1.000000000000000251e-05
1.000000000000000251e-05
1.000000000000000251e-05
1.000000000000000251e-05
1.000000000000000251e-05
