6.445295589629059310e-03
1.422169731841985271e-03
4.261644774849467771e-03
6.100589410553573571e-04
2.834154522170461679e-04
2.409090590557769315e-04
1.475693189066328546e-04
1.064747472983957558e-04
9.481418164043171708e-05
3.409807862956343614e-05
3.655552421202130990e-05
4.545444238184896251e-05
1.380681404722074136e-05
2.312640223247133808e-05
1.859721511594673835e-05
1.633820150514308204e-05
1.339301147875224134e-05
1.152721901999968692e-05
1.114857997815686741e-05
8.890897571357431442e-06
9.462100728176457820e-06
8.328099586805091180e-06
8.212281241922591836e-06
9.720588401292397794e-06
8.720088585495265401e-06
1.030056666279863569e-05
7.002233269353012775e-06
5.247519144487741198e-06
6.382549047792087639e-06
5.959822497305456034e-06
5.347104952016234426e-06
5.332697304090329454e-06
5.374137385660245575e-06
5.586585996817015403e-06
5.431368717995845751e-06
4.759528308328860231e-06
4.681722082794353274e-06
4.760080002773228054e-06
4.921612990157677224e-06
4.801844115591583442e-06
5.311922864221411714e-06
5.361771824374604054e-06
4.972929523887144946e-06
5.705729866498256103e-06
6.376887120105656941e-06
5.986359034872088421e-06
5.525552779871518128e-06
5.573060203910710136e-06
6.155648162326171203e-06
6.298228369634187117e-06
8.491073547096668244e-06
9.980462034957984644e-06
1.000000000000000082e-05
1.000000000000000082e-05
1.000000000000000082e-05
1.000000000000000082e-05
1.000000000000000082e-05
1.000000000000000082e-05
1.000000000000000082e-05
1.000000000000000082e-05
1.000000000000000082e-05
1.000000000000000082e-05
1.000000000000000082e-05
1.000000000000000082e-05
1.000000000000000082e-05
1.000000000000000082e-05
1.000000000000000082e-05
1.000000000000000082e-05
1.000000000000000082e-05
1.000000000000000082e-05
1.000000000000000082e-05
1.000000000000000082e-05
1.000000000000000082e-05
1.000000000000000082e-05
1.000000000000000082e-05
1.000000000000000082e-05
1.000000000000000082e-05
1.000000000000000082e-05
1.000000000000000082e-05
1.000000000000000082e-05
1.000000000000000082e-05
1.000000000000000082e-05
1.000000000000000082e-05
1.000000000000000082e-05
1.000000000000000082e-05
1.000000000000000082e-05
1.000000000000000082e-05
1.000000000000000082e-05
1.000000000000000082e-05
1.000000000000000082e-05
1.000000000000000082e-05
1.000000000000000082e-05
1.000000000000000082e-05
1.000000000000000082e-05
1.000000000000000082e-05
1.000000000000000082e-05
1.000000000000000082e-05
1.000000000000000082e-05
1.000000000000000082e-05
1.000000000000000082e-05
