1.982485741419505454e-02
8.969969651371615879e-03
1.966036682854758674e-02
8.848083462479984507e-03
6.124983635715350230e-04
3.360362209276162790e-03
1.125505717812022013e-03
2.858406246217663521e-04
4.507405871061884108e-04
2.339336292881398515e-04
3.144885760862717056e-04
1.975689795604903556e-04
3.055523407216139049e-04
1.077789091605057203e-04
1.888199794337838146e-04
1.014158381184699476e-04
5.918168438719189169e-05
5.084304544076556506e-05
1.151139516894355034e-04
4.521259817160570648e-05
4.999763379749285733e-05
4.032703223900541937e-05
7.567813204211456342e-05
7.141870562157397434e-05
6.003988625811612905e-05
2.216554211508832965e-05
4.066022129253175086e-05
3.432411748394214262e-05
9.329737596771903218e-05
3.548196836132107632e-05
2.491975664038443108e-05
2.633495791102966453e-05
2.812321778397893225e-05
1.075749421575463669e-05
1.548888310099578734e-05
1.091251385557385983e-05
1.536135428560739301e-05
1.513200855938603225e-05
9.423481275307375141e-06
8.612823287104368248e-06
5.239822551882110660e-06
5.204539615652358646e-06
5.276092724616776834e-06
5.031037590129385100e-06
5.277334593414552198e-06
4.886325072703564642e-06
5.204584250080344827e-06
4.996432796783791871e-06
5.276390024185671549e-06
5.520231458339209247e-06
9.961529221938500916e-06
1.000000000000000082e-05
1.000000000000000082e-05
1.000000000000000082e-05
1.000000000000000082e-05
1.000000000000000082e-05
1.000000000000000082e-05
1.000000000000000082e-05
1.000000000000000082e-05
1.000000000000000082e-05
1.000000000000000082e-05
1.000000000000000082e-05
1.000000000000000082e-05
1.000000000000000082e-05
1.000000000000000082e-05
1.000000000000000082e-05
1.000000000000000082e-05
1.000000000000000082e-05
1.000000000000000082e-05
1.000000000000000082e-05
1.000000000000000082e-05
1.000000000000000082e-05
1.000000000000000082e-05
1.000000000000000082e-05
1.000000000000000082e-05
1.000000000000000082e-05
1.000000000000000082e-05
1.000000000000000082e-05
1.000000000000000082e-05
1.000000000000000082e-05
1.000000000000000082e-05
1.000000000000000082e-05
1.000000000000000082e-05
1.000000000000000082e-05
1.000000000000000082e-05
1.000000000000000082e-05
1.000000000000000082e-05
1.000000000000000082e-05
1.000000000000000082e-05
1.000000000000000082e-05
1.000000000000000082e-05
1.000000000000000082e-05
1.000000000000000082e-05
1.000000000000000082e-05
1.000000000000000082e-05
1.000000000000000082e-05
1.000000000000000082e-05
1.000000000000000082e-05
1.000000000000000082e-05
1.000000000000000082e-05
