1.660963739843178757e-02
9.383389806885535089e-02
2.185579150928586289e-02
1.376953008033605062e-02
1.969004063778590288e-02
5.036505320525974834e-03
3.368657333695684528e-03
1.945527089562474818e-02
1.263079542626246998e-02
8.679953707452723807e-03
1.284719975142869716e-02
9.662545073088207176e-03
6.171882207640743204e-03
3.656300342628914304e-03
1.398239466617387863e-03
2.323624040645276469e-03
2.043213182181513252e-03
1.720647640459567820e-03
6.457690328703848300e-04
7.094066939888868557e-04
1.182429254023363140e-03
7.687221489981959461e-04
6.700527412384651126e-04
8.774070492076676414e-04
5.728091373075056133e-04
3.802004303867700312e-04
3.341293139921510313e-04
2.875026186396416024e-04
3.057916444724647340e-04
2.634987480575063236e-04
2.361373996493091492e-04
2.406560398121920439e-04
2.076748394546407595e-04
1.562143065997777442e-04
1.555368036278750030e-04
8.918218674956390692e-05
9.763636181573127752e-05
1.241034865767532552e-04
1.119137780432118319e-04
7.560083537235120317e-05
7.636949523823118860e-05
8.469902851841615440e-05
9.003714253723709153e-05
1.147371957302793652e-04
1.130564826096089429e-04
1.115287415551677964e-04
7.607579391132213316e-05
6.428619697329734700e-05
6.654731071724488700e-05
6.807047616839979854e-05
5.785724214173795381e-05
6.989759642721956831e-05
6.874088618862994745e-05
4.734964796452069966e-05
4.757683314848290226e-05
5.201006181182871835e-05
5.909489860986264815e-05
5.350675720367315463e-05
4.589881586915625801e-05
4.609716093912515463e-05
5.550491535068499498e-05
6.032739200480380089e-05
7.637791981408117482e-05
6.906279089277321244e-05
5.389846960408378697e-05
5.183556751254066495e-05
5.493937159289479102e-05
4.346157178495064800e-05
4.622867654636593889e-05
3.201817027588084246e-05
3.786105604242447396e-05
3.541347888021443516e-05
2.978727420702630160e-05
2.263067431583710754e-05
2.195930551523359619e-05
2.417777449570102766e-05
2.296280284747222387e-05
2.307914395464131217e-05
2.524250001366768397e-05
2.406252506702022544e-05
1.847432822089328409e-05
1.714470550279706922e-05
1.250837519269604866e-05
7.186304479103130460e-06
5.291835767312134745e-06
5.237516713403222621e-06
8.848318478184056827e-06
1.012629415147735685e-05
1.011425521421718967e-05
1.006283651757748318e-05
1.006288769646604185e-05
1.003277614409831995e-05
1.003262555198223838e-05
1.000000000000000082e-05
1.000000000000000082e-05
1.000000000000000082e-05
1.000000000000000082e-05
1.000000000000000082e-05
1.000000000000000082e-05
1.000000000000000082e-05
