2.792594085014263317e-02
1.519187007656412798e-02
2.704254294095748481e-02
2.026433956391516036e-02
3.597944640904695256e-03
8.609739320657542119e-03
3.279526237540619608e-03
1.663635517859110525e-03
1.793231386732289587e-03
9.432894156099865717e-04
5.909042997067693367e-04
6.946464994188970149e-04
4.028500525436400732e-04
3.012800747675356029e-04
4.321936089440983121e-04
1.871057953482959226e-04
2.004940470793688679e-04
2.154025976881602036e-04
1.978792739984010153e-04
1.891774571726631516e-04
1.350303071679882154e-04
1.015660125080531425e-04
1.295544200094430915e-04
2.571063125979625988e-04
1.436345388226761615e-04
1.046898829390106417e-04
5.968468940554628126e-05
7.310192644587595130e-05
1.246808187010618383e-04
1.162504373356904822e-04
5.094415612687322188e-05
5.493699778501620129e-05
5.081596225139699898e-05
2.932147237595559783e-05
8.249313836387538147e-05
4.551186904556666827e-05
3.810251555405189193e-05
3.464150565651861926e-05
4.386188835522035766e-05
1.788181965452032300e-05
1.853721500410803900e-05
1.030403826859410409e-05
6.071412421369102299e-06
4.918919899412318600e-06
5.380301429990785415e-06
5.023161606833990643e-06
9.300194771509188882e-06
5.916742749630066722e-06
5.003008425052392126e-06
5.058345479572411988e-06
1.000582144089335362e-05
1.004604015655321629e-05
1.002740113108064505e-05
1.000000000000000082e-05
1.000000000000000082e-05
1.000000000000000082e-05
1.000000000000000082e-05
1.000000000000000082e-05
1.000000000000000082e-05
1.000000000000000082e-05
1.000000000000000082e-05
1.000000000000000082e-05
1.000000000000000082e-05
1.000000000000000082e-05
1.000000000000000082e-05
1.000000000000000082e-05
1.000000000000000082e-05
1.000000000000000082e-05
1.000000000000000082e-05
1.000000000000000082e-05
1.000000000000000082e-05
1.000000000000000082e-05
1.000000000000000082e-05
1.000000000000000082e-05
1.000000000000000082e-05
1.000000000000000082e-05
1.000000000000000082e-05
1.000000000000000082e-05
1.000000000000000082e-05
1.000000000000000082e-05
1.000000000000000082e-05
1.000000000000000082e-05
1.000000000000000082e-05
1.000000000000000082e-05
1.000000000000000082e-05
1.000000000000000082e-05
1.000000000000000082e-05
1.000000000000000082e-05
1.000000000000000082e-05
1.000000000000000082e-05
1.000000000000000082e-05
1.000000000000000082e-05
1.000000000000000082e-05
1.000000000000000082e-05
1.000000000000000082e-05
1.000000000000000082e-05
1.000000000000000082e-05
1.000000000000000082e-05
1.000000000000000082e-05
1.000000000000000082e-05
