4.223226725432571715e-03
5.143558195046695055e-04
1.724880484271974768e-03
2.535165460313488421e-04
7.077521286099337067e-05
9.702692599779207865e-05
5.443479982654565285e-05
4.042450692258799685e-05
2.751182142702526410e-05
1.371302319511266237e-05
2.027310393086138464e-05
8.683121047219770044e-06
9.559400739924279536e-06
8.489577008771288325e-06
6.499827797164853726e-06
7.471340073943748795e-06
6.918704644977960357e-06
6.497989398320059189e-06
6.255720654853936106e-06
5.254041627277044494e-06
5.088425453492347390e-06
4.886145715914081986e-06
6.114661270937088210e-06
5.590600758711944629e-06
6.159751304574713810e-06
4.815081648124785943e-06
4.790999214377318728e-06
5.076024411595473387e-06
5.126345577934442510e-06
4.814371567589810961e-06
4.823156646119227836e-06
4.866189135356165674e-06
4.854112847927598855e-06
4.763351588313994409e-06
5.121261139677035291e-06
5.485288168891670826e-06
5.656244410279613305e-06
5.877977354921898907e-06
6.073258442273505842e-06
4.834348811036903276e-06
4.962609581839992894e-06
6.352382004164857910e-06
6.232385517875648806e-06
5.672384702711961565e-06
5.790236644428300094e-06
6.201681382699442400e-06
6.231350595714932016e-06
7.638712828043171333e-06
9.990287211507631259e-06
1.000000000000000251e-05
1.000000000000000251e-05
1.000000000000000251e-05
1.000000000000000251e-05
1.000000000000000251e-05
1.000000000000000251e-05
1.000000000000000251e-05
1.000000000000000251e-05
1.000000000000000251e-05
1.000000000000000251e-05
1.000000000000000251e-05
1.000000000000000251e-05
1.000000000000000251e-05
1.000000000000000251e-05
1.000000000000000251e-05
1.000000000000000251e-05
1.000000000000000251e-05
1.000000000000000251e-05
1.000000000000000251e-05
1.000000000000000251e-05
1.000000000000000251e-05
1.000000000000000251e-05
1.000000000000000251e-05
1.000000000000000251e-05
1.000000000000000251e-05
1.000000000000000251e-05
1.000000000000000251e-05
1.000000000000000251e-05
1.000000000000000251e-05
1.000000000000000251e-05
1.000000000000000251e-05
1.000000000000000251e-05
1.000000000000000251e-05
1.000000000000000251e-05
1.000000000000000251e-05
1.000000000000000251e-05
1.000000000000000251e-05
1.000000000000000251e-05
1.000000000000000251e-05
1.000000000000000251e-05
1.000000000000000251e-05
1.000000000000000251e-05
1.000000000000000251e-05
1.000000000000000251e-05
1.000000000000000251e-05
1.000000000000000251e-05
1.000000000000000251e-05
1.000000000000000251e-05
1.000000000000000251e-05
1.000000000000000251e-05
1.000000000000000251e-05
