7.093069298915240239e-03
1.158610392960572524e-03
3.964136901774696631e-03
1.147780283758789406e-03
1.858984228466266787e-04
3.020730573378905453e-04
2.301914362871699442e-04
1.399249415791859960e-04
1.317366993274966553e-04
5.023739442710377817e-05
6.311742043191860801e-05
5.084360652718260525e-05
6.083650824880441665e-05
3.892623027366564774e-05
2.570275558546687009e-05
3.366440914857215432e-05
1.822148786436172623e-05
2.098837917130360077e-05
1.538525895134295577e-05
1.387635227270078372e-05
1.257670365075237502e-05
1.631884980061767734e-05
1.290276952166389704e-05
1.177341446659402629e-05
1.203197462694243874e-05
7.627923115673610097e-06
8.594247014024343191e-06
9.334988498039958757e-06
8.162780069398618390e-06
5.422076863435176484e-06
8.248106791157661238e-06
6.308427588847166932e-06
5.858250560659646923e-06
6.179859463865893752e-06
4.711862961507188448e-06
4.504555492899859794e-06
4.533673153948332814e-06
4.696410595626284348e-06
4.886750213081228850e-06
4.587652607357372368e-06
4.821359721977852966e-06
5.995409771248411251e-06
6.103089307770878252e-06
5.392182098913468158e-06
5.450400308579332632e-06
5.858423205062189898e-06
6.133941009708262528e-06
7.610436431008226096e-06
9.979751669769351189e-06
1.000000000000000082e-05
1.000000000000000082e-05
1.000000000000000082e-05
1.000000000000000082e-05
1.000000000000000082e-05
1.000000000000000082e-05
1.000000000000000082e-05
1.000000000000000082e-05
1.000000000000000082e-05
1.000000000000000082e-05
1.000000000000000082e-05
1.000000000000000082e-05
1.000000000000000082e-05
1.000000000000000082e-05
1.000000000000000082e-05
1.000000000000000082e-05
1.000000000000000082e-05
1.000000000000000082e-05
1.000000000000000082e-05
1.000000000000000082e-05
1.000000000000000082e-05
1.000000000000000082e-05
1.000000000000000082e-05
1.000000000000000082e-05
1.000000000000000082e-05
1.000000000000000082e-05
1.000000000000000082e-05
1.000000000000000082e-05
1.000000000000000082e-05
1.000000000000000082e-05
1.000000000000000082e-05
1.000000000000000082e-05
1.000000000000000082e-05
1.000000000000000082e-05
1.000000000000000082e-05
1.000000000000000082e-05
1.000000000000000082e-05
1.000000000000000082e-05
1.000000000000000082e-05
1.000000000000000082e-05
1.000000000000000082e-05
1.000000000000000082e-05
1.000000000000000082e-05
1.000000000000000082e-05
1.000000000000000082e-05
1.000000000000000082e-05
1.000000000000000082e-05
1.000000000000000082e-05
1.000000000000000082e-05
1.000000000000000082e-05
1.000000000000000082e-05
