1.859630772516638816e-02
2.065053494967660462e-03
7.811617149478760833e-03
2.589564055628902021e-03
6.807787962023694904e-04
1.004065926770307147e-03
1.060803662397337638e-03
5.226598677091625223e-04
2.512224082252107436e-04
1.516542711593014557e-04
1.923612100516477574e-04
8.825103665571553757e-05
2.668980993921993912e-04
8.947380400969095278e-05
6.693079921676466592e-05
3.382104591624398568e-05
9.293778417111639596e-05
4.721345812555571711e-05
5.048251587079934761e-05
8.013574729337901033e-05
7.082743475414540865e-05
1.191773815542880572e-04
3.151493543017514312e-05
3.528077309964249160e-05
1.537231323758062311e-05
1.857772699213568928e-05
4.241043262506504684e-05
3.781127539459397114e-05
2.335483153191258453e-05
2.619494648177481160e-05
2.718610064926604858e-05
9.744985376216618698e-06
9.099955638968478333e-06
9.497202567672861787e-06
6.939457785194902150e-06
1.126949502494050134e-05
5.365190232115197364e-06
4.859409619602452041e-06
5.330174083924663012e-06
4.640077565440082410e-06
4.707086042308657304e-06
5.674995509613434385e-06
5.564372778210298556e-06
4.901252292138823757e-06
5.039579125560248319e-06
5.362246902542830569e-06
5.596752683477824756e-06
9.754412358848010725e-06
1.000000000000000251e-05
1.000000000000000251e-05
1.000000000000000251e-05
1.000000000000000251e-05
1.000000000000000251e-05
1.000000000000000251e-05
1.000000000000000251e-05
1.000000000000000251e-05
1.000000000000000251e-05
1.000000000000000251e-05
1.000000000000000251e-05
1.000000000000000251e-05
1.000000000000000251e-05
1.000000000000000251e-05
1.000000000000000251e-05
1.000000000000000251e-05
1.000000000000000251e-05
1.000000000000000251e-05
1.000000000000000251e-05
1.000000000000000251e-05
1.000000000000000251e-05
1.000000000000000251e-05
1.000000000000000251e-05
1.000000000000000251e-05
1.000000000000000251e-05
1.000000000000000251e-05
1.000000000000000251e-05
1.000000000000000251e-05
1.000000000000000251e-05
1.000000000000000251e-05
1.000000000000000251e-05
1.000000000000000251e-05
1.000000000000000251e-05
1.000000000000000251e-05
1.000000000000000251e-05
1.000000000000000251e-05
1.000000000000000251e-05
1.000000000000000251e-05
1.000000000000000251e-05
1.000000000000000251e-05
1.000000000000000251e-05
1.000000000000000251e-05
1.000000000000000251e-05
1.000000000000000251e-05
1.000000000000000251e-05
1.000000000000000251e-05
1.000000000000000251e-05
1.000000000000000251e-05
1.000000000000000251e-05
1.000000000000000251e-05
1.000000000000000251e-05
1.000000000000000251e-05
