4.108701739545298631e-02
5.057162387837545528e-03
1.515437565282975498e-02
4.936112477026285972e-03
3.013391409658330074e-03
2.127034461324336240e-03
2.047306508234020446e-03
1.188006538070308492e-03
1.069616688230352278e-03
4.740765769279061976e-04
3.725778656950765716e-04
2.034310615573193116e-04
3.797414669326820355e-04
2.392390856993247027e-04
2.215480789957958942e-04
1.124099150185296693e-04
1.610174574483982056e-04
2.593603110845247141e-04
9.591077275231060806e-05
2.008540941100410069e-04
1.377372770513206866e-04
2.345262294330965555e-04
2.886532492928170642e-04
1.052135947455681939e-04
1.046472625594145882e-04
5.291241302530988049e-05
1.188546904353767695e-04
4.658044795760822029e-05
3.836688455534945720e-05
5.085297654158649357e-05
3.931696748708988050e-05
3.944683558893453289e-05
2.082708989753087210e-05
2.086060638799846570e-05
2.446917230652212761e-05
3.182856701717084715e-05
1.214736924295115020e-05
1.304754364532823527e-05
9.556093705748889153e-06
5.690292760161582931e-06
5.328225847980259719e-06
5.232029824965911298e-06
4.901971285761237565e-06
1.179589826281640323e-05
7.511974660342444636e-06
5.294751673941114625e-06
5.087582385347950284e-06
8.804757935373569002e-06
1.000000000000000082e-05
1.000000000000000082e-05
1.000000000000000082e-05
1.000000000000000082e-05
1.000000000000000082e-05
1.000000000000000082e-05
1.000000000000000082e-05
1.000000000000000082e-05
1.000000000000000082e-05
1.000000000000000082e-05
1.000000000000000082e-05
1.000000000000000082e-05
1.000000000000000082e-05
1.000000000000000082e-05
1.000000000000000082e-05
1.000000000000000082e-05
1.000000000000000082e-05
1.000000000000000082e-05
1.000000000000000082e-05
1.000000000000000082e-05
1.000000000000000082e-05
1.000000000000000082e-05
1.000000000000000082e-05
1.000000000000000082e-05
1.000000000000000082e-05
1.000000000000000082e-05
1.000000000000000082e-05
1.000000000000000082e-05
1.000000000000000082e-05
1.000000000000000082e-05
1.000000000000000082e-05
1.000000000000000082e-05
1.000000000000000082e-05
1.000000000000000082e-05
1.000000000000000082e-05
1.000000000000000082e-05
1.000000000000000082e-05
1.000000000000000082e-05
1.000000000000000082e-05
1.000000000000000082e-05
1.000000000000000082e-05
1.000000000000000082e-05
1.000000000000000082e-05
1.000000000000000082e-05
1.000000000000000082e-05
1.000000000000000082e-05
1.000000000000000082e-05
1.000000000000000082e-05
1.000000000000000082e-05
1.000000000000000082e-05
1.000000000000000082e-05
1.000000000000000082e-05
