1.603558130278621161e-03
7.391459616910326606e-04
9.467735592782942867e-04
8.467532033913223954e-05
1.351057278127805851e-04
3.650640640545557269e-05
5.727171976062127637e-05
2.206716488866442951e-05
1.485948863292784078e-05
1.025790883883620845e-05
9.306691654900682938e-06
9.363557052279104209e-06
6.029524018054071327e-06
5.773482857654033778e-06
5.343021659375867726e-06
5.564456806871900200e-06
5.218253234092079313e-06
4.930226198059439044e-06
4.828729457130905187e-06
4.782172401529027001e-06
4.778185903217541408e-06
4.846813031799225837e-06
4.857596406817342503e-06
4.845369222651373174e-06
4.892975831545939510e-06
4.943094122559268549e-06
4.840807776919629315e-06
5.149412421444680696e-06
5.499657540940136874e-06
5.232629137987083721e-06
5.133236967537458699e-06
5.068733898759171276e-06
5.212818902604644777e-06
5.516659389140401655e-06
5.740646076531379763e-06
5.826275053521831215e-06
6.127447188907505650e-06
5.140397603925928811e-06
5.135309869182394885e-06
6.187501463492392492e-06
6.298068746632939247e-06
5.798999465685397830e-06
5.931705215051715876e-06
6.088730442177936988e-06
6.455107615835507821e-06
9.465732603628272776e-06
9.996145553148935776e-06
1.000000000000000082e-05
1.000000000000000082e-05
1.000000000000000082e-05
1.000000000000000082e-05
1.000000000000000082e-05
1.000000000000000082e-05
1.000000000000000082e-05
1.000000000000000082e-05
1.000000000000000082e-05
1.000000000000000082e-05
1.000000000000000082e-05
1.000000000000000082e-05
1.000000000000000082e-05
1.000000000000000082e-05
1.000000000000000082e-05
1.000000000000000082e-05
1.000000000000000082e-05
1.000000000000000082e-05
1.000000000000000082e-05
1.000000000000000082e-05
1.000000000000000082e-05
1.000000000000000082e-05
1.000000000000000082e-05
1.000000000000000082e-05
1.000000000000000082e-05
1.000000000000000082e-05
1.000000000000000082e-05
1.000000000000000082e-05
1.000000000000000082e-05
1.000000000000000082e-05
1.000000000000000082e-05
1.000000000000000082e-05
1.000000000000000082e-05
1.000000000000000082e-05
1.000000000000000082e-05
1.000000000000000082e-05
1.000000000000000082e-05
1.000000000000000082e-05
1.000000000000000082e-05
1.000000000000000082e-05
1.000000000000000082e-05
1.000000000000000082e-05
1.000000000000000082e-05
1.000000000000000082e-05
1.000000000000000082e-05
1.000000000000000082e-05
1.000000000000000082e-05
1.000000000000000082e-05
1.000000000000000082e-05
1.000000000000000082e-05
1.000000000000000082e-05
1.000000000000000082e-05
1.000000000000000082e-05
