5.251151099045578072e-03
4.255686263506991245e-03
3.072863555541140330e-03
5.407123949214741538e-04
9.572178889003956801e-04
3.437060013645349961e-04
2.215616515432496385e-04
4.443186007064602521e-05
6.416506940703752405e-05
1.134536950843794713e-04
4.614202283692921288e-05
6.730536063418867017e-05
4.045622608039248501e-05
2.388272881148209776e-05
1.727176112450691742e-05
1.359153652271881116e-05
1.652076302375424100e-05
1.895843875538051146e-05
1.059206386643435065e-05
8.602127846445894855e-06
1.403081798015504174e-05
2.863033684596795353e-05
7.514547560824219335e-06
8.333349981904110523e-06
6.335181323463715852e-06
1.928766846377431734e-05
9.809009700425201701e-06
5.518411489113610023e-06
6.041940904233389612e-06
7.072504255330349968e-06
5.306645757069249188e-06
4.679174645725813485e-06
5.325934948739011943e-06
4.853889944369996027e-06
4.678367788788733793e-06
5.312518833105168864e-06
5.508869776941579979e-06
4.842138154311990081e-06
4.716942249448794421e-06
6.089603176807156947e-06
5.637608503578172895e-06
5.389163535415885100e-06
5.664240804452537637e-06
6.384980738245490550e-06
6.790918270091393222e-06
9.929359016475737483e-06
1.000000000000000251e-05
1.000000000000000251e-05
1.000000000000000251e-05
1.000000000000000251e-05
1.000000000000000251e-05
1.000000000000000251e-05
1.000000000000000251e-05
1.000000000000000251e-05
1.000000000000000251e-05
1.000000000000000251e-05
1.000000000000000251e-05
1.000000000000000251e-05
1.000000000000000251e-05
1.000000000000000251e-05
1.000000000000000251e-05
1.000000000000000251e-05
1.000000000000000251e-05
1.000000000000000251e-05
1.000000000000000251e-05
1.000000000000000251e-05
1.000000000000000251e-05
1.000000000000000251e-05
1.000000000000000251e-05
1.000000000000000251e-05
1.000000000000000251e-05
1.000000000000000251e-05
1.000000000000000251e-05
1.000000000000000251e-05
1.000000000000000251e-05
1.000000000000000251e-05
1.000000000000000251e-05
1.000000000000000251e-05
1.000000000000000251e-05
1.000000000000000251e-05
1.000000000000000251e-05
1.000000000000000251e-05
1.000000000000000251e-05
1.000000000000000251e-05
1.000000000000000251e-05
1.000000000000000251e-05
1.000000000000000251e-05
1.000000000000000251e-05
1.000000000000000251e-05
1.000000000000000251e-05
1.000000000000000251e-05
1.000000000000000251e-05
1.000000000000000251e-05
1.000000000000000251e-05
1.000000000000000251e-05
1.000000000000000251e-05
1.000000000000000251e-05
1.000000000000000251e-05
1.000000000000000251e-05
1.000000000000000251e-05
