8.518244191277503721e-03
6.924283900636213004e-03
7.522860776278169487e-03
9.859573473658404981e-04
2.461310506519022445e-03
1.335183477307547856e-03
4.407185725725177097e-04
2.741283841074813920e-04
1.993608013301892043e-04
1.325798084555870546e-04
1.417428186760974398e-04
2.759340350326711859e-04
1.137142378821570768e-04
1.487138831007116409e-04
1.170344150629193825e-04
9.444294708672908438e-05
5.014367301750337190e-05
3.172919976886099313e-05
6.827024269896739077e-05
2.630559983099170341e-05
6.029411071201397435e-05
6.537369174033668187e-05
3.387861121891455520e-05
2.447022212900153403e-05
2.419575423647457401e-05
1.801081055282527664e-05
1.405745496760417875e-05
1.432564631948073069e-05
3.129361756924593199e-05
2.815908782504517193e-05
1.256406178063141602e-05
8.529964807534128380e-06
8.422367105166476311e-06
7.167372530536863315e-06
5.248145439525028256e-06
4.573280108379436199e-06
5.117482695622940360e-06
5.525297859285944162e-06
4.677680186243074773e-06
5.444793699952613127e-06
5.170036384077871448e-06
4.817862300989558207e-06
5.061770936555620575e-06
5.672437373275960836e-06
6.446863822793124706e-06
1.001759564363480037e-05
1.000000000000000251e-05
1.000000000000000251e-05
1.000000000000000251e-05
1.000000000000000251e-05
1.000000000000000251e-05
1.000000000000000251e-05
1.000000000000000251e-05
1.000000000000000251e-05
1.000000000000000251e-05
1.000000000000000251e-05
1.000000000000000251e-05
1.000000000000000251e-05
1.000000000000000251e-05
1.000000000000000251e-05
1.000000000000000251e-05
1.000000000000000251e-05
1.000000000000000251e-05
1.000000000000000251e-05
1.000000000000000251e-05
1.000000000000000251e-05
1.000000000000000251e-05
1.000000000000000251e-05
1.000000000000000251e-05
1.000000000000000251e-05
1.000000000000000251e-05
1.000000000000000251e-05
1.000000000000000251e-05
1.000000000000000251e-05
1.000000000000000251e-05
1.000000000000000251e-05
1.000000000000000251e-05
1.000000000000000251e-05
1.000000000000000251e-05
1.000000000000000251e-05
1.000000000000000251e-05
1.000000000000000251e-05
1.000000000000000251e-05
1.000000000000000251e-05
1.000000000000000251e-05
1.000000000000000251e-05
1.000000000000000251e-05
1.000000000000000251e-05
1.000000000000000251e-05
1.000000000000000251e-05
1.000000000000000251e-05
1.000000000000000251e-05
1.000000000000000251e-05
1.000000000000000251e-05
1.000000000000000251e-05
1.000000000000000251e-05
1.000000000000000251e-05
1.000000000000000251e-05
1.000000000000000251e-05
1.000000000000000251e-05
