2.470412204848314308e-02
2.145263059318104626e-02
1.339095813976003309e-02
2.586057976497971572e-03
5.098630221715704652e-03
1.429773980364737809e-03
1.007225494991266339e-03
5.827558381177414546e-04
1.818460885589923267e-03
5.810574689611747471e-04
4.742660105011046404e-04
3.145597935892359464e-04
4.756155882396687052e-04
5.164010965246052486e-04
1.644744831532164481e-04
2.918144736489626024e-04
2.908027496522108029e-04
2.833283711841462537e-04
2.569385895790560529e-04
1.334776278774210180e-04
1.538181011081099861e-04
2.115086189355503896e-04
1.826555266092139368e-04
1.674829736609865464e-04
8.856820356285264640e-05
1.209935276467058403e-04
9.346400409563116753e-05
7.763904498508749329e-05
7.443889781194346382e-05
8.055689355371285288e-05
6.160536501096549439e-05
2.608507561336578004e-05
2.777523239933450173e-05
2.331791158032668965e-05
2.359396613212956569e-05
2.545257953696834451e-05
1.112547312677364407e-05
8.930630735979874703e-06
6.124631893999690469e-06
5.059854806209484164e-06
6.059968833085063623e-06
5.750727806400376507e-06
5.150271601549761074e-06
4.908083648425976726e-06
5.069065975203233080e-06
9.989708813159092201e-06
1.000000000000000082e-05
1.000000000000000082e-05
1.000000000000000082e-05
1.000000000000000082e-05
1.000000000000000082e-05
1.000000000000000082e-05
1.000000000000000082e-05
1.000000000000000082e-05
1.000000000000000082e-05
1.000000000000000082e-05
1.000000000000000082e-05
1.000000000000000082e-05
1.000000000000000082e-05
1.000000000000000082e-05
1.000000000000000082e-05
1.000000000000000082e-05
1.000000000000000082e-05
1.000000000000000082e-05
1.000000000000000082e-05
1.000000000000000082e-05
1.000000000000000082e-05
1.000000000000000082e-05
1.000000000000000082e-05
1.000000000000000082e-05
1.000000000000000082e-05
1.000000000000000082e-05
1.000000000000000082e-05
1.000000000000000082e-05
1.000000000000000082e-05
1.000000000000000082e-05
1.000000000000000082e-05
1.000000000000000082e-05
1.000000000000000082e-05
1.000000000000000082e-05
1.000000000000000082e-05
1.000000000000000082e-05
1.000000000000000082e-05
1.000000000000000082e-05
1.000000000000000082e-05
1.000000000000000082e-05
1.000000000000000082e-05
1.000000000000000082e-05
1.000000000000000082e-05
1.000000000000000082e-05
1.000000000000000082e-05
1.000000000000000082e-05
1.000000000000000082e-05
1.000000000000000082e-05
1.000000000000000082e-05
1.000000000000000082e-05
1.000000000000000082e-05
1.000000000000000082e-05
1.000000000000000082e-05
1.000000000000000082e-05
