5.371852271476523430e-03
1.225691090805974826e-02
3.243485141125478002e-03
1.150529254983039635e-03
7.613481139074791681e-04
2.649814082761323738e-04
3.689993453372045337e-04
3.116309985763331364e-04
3.497989957151074396e-04
1.743036910341702356e-04
2.793718966597722483e-04
2.183210119877397929e-04
1.161103409112742516e-04
1.222156264630974156e-04
3.467134842110476266e-04
6.084658131938545082e-05
4.647726499710987677e-05
6.859072334581814477e-05
2.275812253882362950e-05
6.714975671329203363e-05
2.472401342638766257e-05
2.263742041707523107e-05
2.870364673443304924e-05
1.651396757404804974e-05
2.309412883636106695e-05
1.184624243106777920e-05
1.851295293347010400e-05
1.515159155032927894e-05
1.377696506891927416e-05
1.020568879628997494e-05
8.361935289157660720e-06
8.370232269658894205e-06
8.902630141586607659e-06
9.537627834305769495e-06
8.304812623603070765e-06
8.486712634233965194e-06
9.047790909865952234e-06
6.401184597168007863e-06
7.975357996571429183e-06
8.285000537532511848e-06
8.735512305601332941e-06
7.875657641974368906e-06
7.454168981526146116e-06
6.506466057347383768e-06
6.350376303538378715e-06
6.303951716438014173e-06
6.245618091026317792e-06
6.425382014246162711e-06
7.463582787700407652e-06
6.874408416152569928e-06
5.875001543840395449e-06
5.715584593204430849e-06
6.223169142790686685e-06
6.276920169770672707e-06
5.990479635360131725e-06
5.871660863677467172e-06
5.683458564682819435e-06
5.035575319218159745e-06
5.317255741349928122e-06
4.957183851190068817e-06
5.754105038962160348e-06
6.968557062903734142e-06
6.412565361749319486e-06
5.197790793619652435e-06
4.917580820793360310e-06
5.188172059870935489e-06
5.199106664740407958e-06
5.195349637640553848e-06
5.347425927735322393e-06
5.105106054298203651e-06
4.927776519067060991e-06
4.921752712455561875e-06
5.169830176693020567e-06
5.157020870777237039e-06
5.022429484311574495e-06
5.177483600462978673e-06
5.541537390962937241e-06
6.453650478538632350e-06
7.477764841150574979e-06
9.534793428323251540e-06
1.000000000000000082e-05
1.000000000000000082e-05
1.000000000000000082e-05
1.000000000000000082e-05
1.000000000000000082e-05
1.000000000000000082e-05
1.000000000000000082e-05
1.000000000000000082e-05
1.000000000000000082e-05
1.000000000000000082e-05
1.000000000000000082e-05
1.000000000000000082e-05
1.000000000000000082e-05
1.000000000000000082e-05
1.000000000000000082e-05
1.000000000000000082e-05
1.000000000000000082e-05
1.000000000000000082e-05
1.000000000000000082e-05
1.000000000000000082e-05
