1.042196388552068739e-02
7.042399772628406968e-03
8.409294278380365084e-03
8.817395084168636044e-04
1.708933998343952800e-03
1.041740435100198909e-03
2.332021845145628434e-04
1.528045928554918405e-04
2.256440695081715945e-04
1.884368555998681050e-04
9.895384308427951272e-05
1.312327749047522969e-04
8.139968430494983387e-05
3.526295079959656202e-05
9.343443032261989083e-05
4.875826487637079250e-05
1.356270871224697789e-05
4.585987450996175600e-05
4.608874393749449631e-05
4.714360890081078679e-05
5.159055621603725751e-05
2.182951866773190933e-05
2.170716902845543116e-05
1.694895189006276220e-05
1.650893312298488852e-05
1.227989815061606168e-05
1.473420455367459165e-05
1.509477240303045998e-05
1.003322629782816690e-05
5.717788208355558299e-06
5.469360396551591675e-06
8.022945014191924012e-06
5.000023413959165393e-06
5.734455840293417093e-06
4.909729788293008003e-06
4.866303602379788017e-06
5.047452116312825258e-06
6.103395769970501642e-06
5.119403588149223013e-06
5.010042690012502158e-06
5.939854004926275520e-06
5.996387716315588173e-06
7.957354023346215416e-06
9.998996747723088794e-06
9.999999999999999124e-06
9.999999999999999124e-06
9.999999999999999124e-06
9.999999999999999124e-06
9.999999999999999124e-06
9.999999999999999124e-06
9.999999999999999124e-06
9.999999999999999124e-06
9.999999999999999124e-06
9.999999999999999124e-06
9.999999999999999124e-06
9.999999999999999124e-06
9.999999999999999124e-06
9.999999999999999124e-06
9.999999999999999124e-06
9.999999999999999124e-06
9.999999999999999124e-06
9.999999999999999124e-06
9.999999999999999124e-06
9.999999999999999124e-06
9.999999999999999124e-06
9.999999999999999124e-06
9.999999999999999124e-06
9.999999999999999124e-06
9.999999999999999124e-06
9.999999999999999124e-06
9.999999999999999124e-06
9.999999999999999124e-06
9.999999999999999124e-06
9.999999999999999124e-06
9.999999999999999124e-06
9.999999999999999124e-06
9.999999999999999124e-06
9.999999999999999124e-06
9.999999999999999124e-06
9.999999999999999124e-06
9.999999999999999124e-06
9.999999999999999124e-06
9.999999999999999124e-06
9.999999999999999124e-06
9.999999999999999124e-06
9.999999999999999124e-06
9.999999999999999124e-06
9.999999999999999124e-06
9.999999999999999124e-06
9.999999999999999124e-06
9.999999999999999124e-06
9.999999999999999124e-06
9.999999999999999124e-06
9.999999999999999124e-06
9.999999999999999124e-06
9.999999999999999124e-06
9.999999999999999124e-06
9.999999999999999124e-06
9.999999999999999124e-06
9.999999999999999124e-06
