1.189381900805718331e-02
5.407120218376667946e-03
1.123977224508749748e-02
1.183602439192716878e-03
1.654484842201729916e-03
5.295317359983231281e-04
1.477246217577971683e-04
2.905929325481793556e-04
1.103741249211654638e-04
1.248522647104779873e-04
7.758786955642350347e-05
1.467207776513864868e-04
1.851268331627268008e-04
8.244402374403883831e-05
8.469312491030532206e-05
8.868507827489869732e-05
3.922984958864992661e-05
6.246710969107471508e-05
4.116659748734577808e-05
9.252896711848885485e-05
4.737840668380049276e-05
3.047914569566782149e-05
4.172157490293179497e-05
2.868410333619851718e-05
2.421938119100406809e-05
1.560554543281126569e-05
1.699384187037179694e-05
2.842273409388026089e-05
1.396781160180773439e-05
9.091247219117354469e-06
8.164989688623310832e-06
7.668299912699946968e-06
6.210407756430461769e-06
5.135447689134815119e-06
5.738684929075531271e-06
4.745906353749298286e-06
4.637558981866305104e-06
5.214649026667582856e-06
5.164163321734404535e-06
5.007823996663541843e-06
5.321981465214496729e-06
5.703155454738342808e-06
6.801871271421598491e-06
9.999999999999999124e-06
9.999999999999999124e-06
9.999999999999999124e-06
9.999999999999999124e-06
9.999999999999999124e-06
9.999999999999999124e-06
9.999999999999999124e-06
9.999999999999999124e-06
9.999999999999999124e-06
9.999999999999999124e-06
9.999999999999999124e-06
9.999999999999999124e-06
9.999999999999999124e-06
9.999999999999999124e-06
9.999999999999999124e-06
9.999999999999999124e-06
9.999999999999999124e-06
9.999999999999999124e-06
9.999999999999999124e-06
9.999999999999999124e-06
9.999999999999999124e-06
9.999999999999999124e-06
9.999999999999999124e-06
9.999999999999999124e-06
9.999999999999999124e-06
9.999999999999999124e-06
9.999999999999999124e-06
9.999999999999999124e-06
9.999999999999999124e-06
9.999999999999999124e-06
9.999999999999999124e-06
9.999999999999999124e-06
9.999999999999999124e-06
9.999999999999999124e-06
9.999999999999999124e-06
9.999999999999999124e-06
9.999999999999999124e-06
9.999999999999999124e-06
9.999999999999999124e-06
9.999999999999999124e-06
9.999999999999999124e-06
9.999999999999999124e-06
9.999999999999999124e-06
9.999999999999999124e-06
9.999999999999999124e-06
9.999999999999999124e-06
9.999999999999999124e-06
9.999999999999999124e-06
9.999999999999999124e-06
9.999999999999999124e-06
9.999999999999999124e-06
9.999999999999999124e-06
9.999999999999999124e-06
9.999999999999999124e-06
9.999999999999999124e-06
9.999999999999999124e-06
9.999999999999999124e-06
