2.446810168879645295e-02
1.177106065313268668e-02
1.053460146305166927e-02
5.053532153807461895e-03
2.036416623333039792e-03
8.822998498349022287e-04
7.409211104651699598e-04
1.584621969493739011e-03
4.671949919776929535e-04
3.457064120607625051e-04
1.560024321906943942e-04
3.621410890633843405e-04
3.738731993661284134e-04
5.664204967129942911e-04
1.277151972427835545e-04
1.151170846382348998e-04
1.129716016674904333e-04
1.558844532290002696e-04
9.747997103804208175e-05
1.593807885904042489e-04
8.754007301939831329e-05
1.222981579110512195e-04
7.139534518609234610e-05
7.148466964175565635e-05
8.054343379553073753e-05
4.272114436009686748e-05
3.502150188864711295e-05
3.890064625057833010e-05
3.530994826274198693e-05
2.188609109167235904e-05
1.249513081953391971e-05
1.267116283460853513e-05
1.915709125361808870e-05
1.299115775823803372e-05
8.908932191122568992e-06
5.695385414122162011e-06
4.541796778160472335e-06
5.212367664755219523e-06
4.633195581490117742e-06
5.666819328442139679e-06
4.582535178649905599e-06
4.780694032362072893e-06
5.741439627338056417e-06
9.999999999999999124e-06
9.999999999999999124e-06
9.999999999999999124e-06
9.999999999999999124e-06
9.999999999999999124e-06
9.999999999999999124e-06
9.999999999999999124e-06
9.999999999999999124e-06
9.999999999999999124e-06
9.999999999999999124e-06
9.999999999999999124e-06
9.999999999999999124e-06
9.999999999999999124e-06
9.999999999999999124e-06
9.999999999999999124e-06
9.999999999999999124e-06
9.999999999999999124e-06
9.999999999999999124e-06
9.999999999999999124e-06
9.999999999999999124e-06
9.999999999999999124e-06
9.999999999999999124e-06
9.999999999999999124e-06
9.999999999999999124e-06
9.999999999999999124e-06
9.999999999999999124e-06
9.999999999999999124e-06
9.999999999999999124e-06
9.999999999999999124e-06
9.999999999999999124e-06
9.999999999999999124e-06
9.999999999999999124e-06
9.999999999999999124e-06
9.999999999999999124e-06
9.999999999999999124e-06
9.999999999999999124e-06
9.999999999999999124e-06
9.999999999999999124e-06
9.999999999999999124e-06
9.999999999999999124e-06
9.999999999999999124e-06
9.999999999999999124e-06
9.999999999999999124e-06
9.999999999999999124e-06
9.999999999999999124e-06
9.999999999999999124e-06
9.999999999999999124e-06
9.999999999999999124e-06
9.999999999999999124e-06
9.999999999999999124e-06
9.999999999999999124e-06
9.999999999999999124e-06
9.999999999999999124e-06
9.999999999999999124e-06
9.999999999999999124e-06
9.999999999999999124e-06
9.999999999999999124e-06
