4.368956257019432007e-03
8.552703773800382318e-04
1.133626635483441251e-03
2.064594144213843178e-04
2.150952828535634877e-04
7.968630162324544578e-05
5.523278618000314696e-05
2.221908003235043531e-05
3.043270423406409236e-05
1.622058988619625258e-05
1.288111271090915938e-05
8.371379775900370632e-06
6.978834188440497713e-06
8.037132382949889464e-06
5.674081473778661765e-06
5.067509431225871698e-06
5.451332353824001013e-06
4.699820227004191208e-06
4.614473449250538123e-06
4.524945378003172713e-06
4.987135938300777797e-06
4.845697754036876577e-06
5.006545998352088345e-06
4.773515154737745192e-06
4.881324298172872659e-06
4.882477474243458946e-06
4.858612743886534870e-06
4.794576372892788884e-06
5.166770154753330105e-06
5.428769431823956574e-06
5.615719412440801855e-06
5.939035293728927153e-06
5.883088861811527640e-06
5.131167559294848623e-06
5.718784968175439888e-06
6.181500487008598010e-06
5.590926835191270366e-06
5.833140628523366089e-06
6.250841328386055099e-06
6.743283441691265975e-06
9.897767577141233360e-06
9.985974860503252394e-06
9.993741754425587657e-06
9.996376432937156164e-06
1.000000000000000082e-05
1.000000000000000082e-05
1.000000000000000082e-05
1.000000000000000082e-05
1.000000000000000082e-05
1.000000000000000082e-05
1.000000000000000082e-05
1.000000000000000082e-05
1.000000000000000082e-05
1.000000000000000082e-05
1.000000000000000082e-05
1.000000000000000082e-05
1.000000000000000082e-05
1.000000000000000082e-05
1.000000000000000082e-05
1.000000000000000082e-05
1.000000000000000082e-05
1.000000000000000082e-05
1.000000000000000082e-05
1.000000000000000082e-05
1.000000000000000082e-05
1.000000000000000082e-05
1.000000000000000082e-05
1.000000000000000082e-05
1.000000000000000082e-05
1.000000000000000082e-05
1.000000000000000082e-05
1.000000000000000082e-05
1.000000000000000082e-05
1.000000000000000082e-05
1.000000000000000082e-05
1.000000000000000082e-05
1.000000000000000082e-05
1.000000000000000082e-05
1.000000000000000082e-05
1.000000000000000082e-05
1.000000000000000082e-05
1.000000000000000082e-05
1.000000000000000082e-05
1.000000000000000082e-05
1.000000000000000082e-05
1.000000000000000082e-05
1.000000000000000082e-05
1.000000000000000082e-05
1.000000000000000082e-05
1.000000000000000082e-05
1.000000000000000082e-05
1.000000000000000082e-05
1.000000000000000082e-05
1.000000000000000082e-05
1.000000000000000082e-05
1.000000000000000082e-05
1.000000000000000082e-05
1.000000000000000082e-05
1.000000000000000082e-05
1.000000000000000082e-05
