1.118678961716147550e-02
1.809647569718083856e-03
1.871732132076893125e-03
4.148648638609870611e-04
2.701411831643645359e-04
1.982009576875437085e-04
3.676371474472600397e-05
3.658126669993194241e-05
4.475707866205156857e-05
2.121703913869470655e-05
2.943515648360871647e-05
2.337488783107469732e-05
2.283730773704422982e-05
1.701922477011775145e-05
1.313348815865295837e-05
6.828760212259983037e-06
1.481549975631300094e-05
6.578814542180488359e-06
9.571952303212117685e-06
6.157473338492611041e-06
6.364669852936861355e-06
5.679067979722995525e-06
8.805593921279750730e-06
5.456806961507409315e-06
4.958530817030493528e-06
5.357887034595472801e-06
4.853895271126552353e-06
4.687300907504888394e-06
4.677256599126360262e-06
4.904593975388510587e-06
4.856578419852530162e-06
5.511425897267177590e-06
5.725865279150331871e-06
4.988275676684228578e-06
5.522101191308790746e-06
6.015067625729582507e-06
5.543363551826674264e-06
5.756211918019255045e-06
6.163897459913733158e-06
6.560858484751542589e-06
9.902128208023049745e-06
1.000000000000000082e-05
1.000000000000000082e-05
1.000000000000000082e-05
1.000000000000000082e-05
1.000000000000000082e-05
1.000000000000000082e-05
1.000000000000000082e-05
1.000000000000000082e-05
1.000000000000000082e-05
1.000000000000000082e-05
1.000000000000000082e-05
1.000000000000000082e-05
1.000000000000000082e-05
1.000000000000000082e-05
1.000000000000000082e-05
1.000000000000000082e-05
1.000000000000000082e-05
1.000000000000000082e-05
1.000000000000000082e-05
1.000000000000000082e-05
1.000000000000000082e-05
1.000000000000000082e-05
1.000000000000000082e-05
1.000000000000000082e-05
1.000000000000000082e-05
1.000000000000000082e-05
1.000000000000000082e-05
1.000000000000000082e-05
1.000000000000000082e-05
1.000000000000000082e-05
1.000000000000000082e-05
1.000000000000000082e-05
1.000000000000000082e-05
1.000000000000000082e-05
1.000000000000000082e-05
1.000000000000000082e-05
1.000000000000000082e-05
1.000000000000000082e-05
1.000000000000000082e-05
1.000000000000000082e-05
1.000000000000000082e-05
1.000000000000000082e-05
1.000000000000000082e-05
1.000000000000000082e-05
1.000000000000000082e-05
1.000000000000000082e-05
1.000000000000000082e-05
1.000000000000000082e-05
1.000000000000000082e-05
1.000000000000000082e-05
1.000000000000000082e-05
1.000000000000000082e-05
1.000000000000000082e-05
1.000000000000000082e-05
1.000000000000000082e-05
1.000000000000000082e-05
1.000000000000000082e-05
1.000000000000000082e-05
1.000000000000000082e-05
