2.027879921384206571e-02
2.522499192032590445e-03
2.272007515314447296e-03
9.103665978569057101e-04
8.057825833130409943e-04
9.677079625802627273e-04
4.790682330405818148e-04
1.749088963637644495e-04
1.345206826281532286e-04
1.820981941378465631e-04
1.231981434700719317e-04
1.034234453587133706e-04
4.215981690431703285e-05
8.205003644130377989e-05
2.372954060326370887e-04
6.759652999913104356e-05
3.125947703867899878e-05
1.153157300662648239e-04
8.310990355133530743e-05
8.419708451208830693e-05
2.843601708733481262e-05
2.848011284847081764e-05
3.530481410889383688e-05
2.370870227453020969e-05
1.798198860414621791e-05
1.626772105938262465e-05
1.448953913154745317e-05
1.508021308419816556e-05
6.053641789336421813e-06
8.693768802362662876e-06
5.930389540921369160e-06
4.915268287612428565e-06
4.955779649823605949e-06
5.165352098207638488e-06
5.383775464503439070e-06
5.566011106005545523e-06
5.391071978358949410e-06
5.585690383681882802e-06
5.868595027631443455e-06
6.797563166270000586e-06
1.000000000000000082e-05
1.000000000000000082e-05
1.000000000000000082e-05
1.000000000000000082e-05
1.000000000000000082e-05
1.000000000000000082e-05
1.000000000000000082e-05
1.000000000000000082e-05
1.000000000000000082e-05
1.000000000000000082e-05
1.000000000000000082e-05
1.000000000000000082e-05
1.000000000000000082e-05
1.000000000000000082e-05
1.000000000000000082e-05
1.000000000000000082e-05
1.000000000000000082e-05
1.000000000000000082e-05
1.000000000000000082e-05
1.000000000000000082e-05
1.000000000000000082e-05
1.000000000000000082e-05
1.000000000000000082e-05
1.000000000000000082e-05
1.000000000000000082e-05
1.000000000000000082e-05
1.000000000000000082e-05
1.000000000000000082e-05
1.000000000000000082e-05
1.000000000000000082e-05
1.000000000000000082e-05
1.000000000000000082e-05
1.000000000000000082e-05
1.000000000000000082e-05
1.000000000000000082e-05
1.000000000000000082e-05
1.000000000000000082e-05
1.000000000000000082e-05
1.000000000000000082e-05
1.000000000000000082e-05
1.000000000000000082e-05
1.000000000000000082e-05
1.000000000000000082e-05
1.000000000000000082e-05
1.000000000000000082e-05
1.000000000000000082e-05
1.000000000000000082e-05
1.000000000000000082e-05
1.000000000000000082e-05
1.000000000000000082e-05
1.000000000000000082e-05
1.000000000000000082e-05
1.000000000000000082e-05
1.000000000000000082e-05
1.000000000000000082e-05
1.000000000000000082e-05
1.000000000000000082e-05
1.000000000000000082e-05
1.000000000000000082e-05
1.000000000000000082e-05
