5.308823764368290204e-02
7.289223866182187664e-03
7.993643196918972377e-03
5.571532933417242504e-03
1.603613542605983842e-03
1.506314722524027070e-03
1.329085305993446976e-03
6.388572055863934486e-04
4.487916858193309383e-04
3.338199764849753004e-04
2.608940260538467558e-04
4.939336248829512667e-04
1.864016454080386380e-04
1.345223603668501409e-04
1.228384433844442909e-04
1.013876636055133240e-04
1.400435290302392535e-04
1.381445832466801573e-04
7.960917251930273381e-05
9.074599510936304746e-05
6.053221704141819275e-05
6.752590259343274875e-05
1.052002674572554488e-04
6.179258109617739609e-05
6.116709608184550207e-05
2.996011331021483962e-05
1.595997985884100215e-05
1.754931634763798686e-05
2.596863845836189930e-05
2.497567949965208902e-05
8.656087863940252873e-06
1.273044840459612310e-05
6.472860078446247157e-06
5.145036179533232574e-06
5.013770713471756828e-06
5.151726137069355479e-06
4.827976898081666716e-06
4.777369329320678426e-06
4.980758652481352056e-06
5.523336166829218389e-06
9.995214414654483316e-06
1.000000000000000251e-05
1.000000000000000251e-05
1.000000000000000251e-05
1.000000000000000251e-05
1.000000000000000251e-05
1.000000000000000251e-05
1.000000000000000251e-05
1.000000000000000251e-05
1.000000000000000251e-05
1.000000000000000251e-05
1.000000000000000251e-05
1.000000000000000251e-05
1.000000000000000251e-05
1.000000000000000251e-05
1.000000000000000251e-05
1.000000000000000251e-05
1.000000000000000251e-05
1.000000000000000251e-05
1.000000000000000251e-05
1.000000000000000251e-05
1.000000000000000251e-05
1.000000000000000251e-05
1.000000000000000251e-05
1.000000000000000251e-05
1.000000000000000251e-05
1.000000000000000251e-05
1.000000000000000251e-05
1.000000000000000251e-05
1.000000000000000251e-05
1.000000000000000251e-05
1.000000000000000251e-05
1.000000000000000251e-05
1.000000000000000251e-05
1.000000000000000251e-05
1.000000000000000251e-05
1.000000000000000251e-05
1.000000000000000251e-05
1.000000000000000251e-05
1.000000000000000251e-05
1.000000000000000251e-05
1.000000000000000251e-05
1.000000000000000251e-05
1.000000000000000251e-05
1.000000000000000251e-05
1.000000000000000251e-05
1.000000000000000251e-05
1.000000000000000251e-05
1.000000000000000251e-05
1.000000000000000251e-05
1.000000000000000251e-05
1.000000000000000251e-05
1.000000000000000251e-05
1.000000000000000251e-05
1.000000000000000251e-05
1.000000000000000251e-05
1.000000000000000251e-05
1.000000000000000251e-05
1.000000000000000251e-05
1.000000000000000251e-05
