1.392806159097197995e-03
2.268863289118077005e-03
8.746533696371350036e-04
1.870387253423786127e-03
3.377402896197470670e-03
4.586938564292177803e-04
3.385480806518214149e-04
1.943473679297430567e-04
2.793013945158981143e-04
4.167302373787650036e-04
1.461787115964864429e-04
5.786936381179316204e-05
1.630305764466500598e-04
5.556522697502226730e-05
2.806530219423534700e-05
7.606078422073350449e-05
3.474149323257203203e-05
1.996286082826600954e-05
2.856645893468166703e-05
2.321478999422882508e-05
4.037624616744198185e-05
2.709849015805632506e-05
3.560713362624347940e-05
1.751335213264674471e-05
1.321439310381565559e-05
7.266755201584684024e-06
8.860369657409930332e-06
1.723335462776719065e-05
1.177562931481040025e-05
6.408631405394221238e-06
4.813236348167772729e-06
7.904517614560150541e-06
9.995319662706432469e-06
9.992932932627867509e-06
9.993907140246731594e-06
9.989612155710598151e-06
9.985734181901375367e-06
9.980897874273787448e-06
9.983822869961276383e-06
9.981931539582360820e-06
9.990133144604419231e-06
9.987015191538513897e-06
9.986693811591375666e-06
9.994703808262344361e-06
9.991597885169575181e-06
9.994493427142255544e-06
9.997815832251150413e-06
9.997005898303641159e-06
1.000000000000000082e-05
1.000000000000000082e-05
1.000000000000000082e-05
1.000000000000000082e-05
1.000000000000000082e-05
1.000000000000000082e-05
1.000000000000000082e-05
1.000000000000000082e-05
1.000000000000000082e-05
1.000000000000000082e-05
1.000000000000000082e-05
1.000000000000000082e-05
1.000000000000000082e-05
1.000000000000000082e-05
1.000000000000000082e-05
1.000000000000000082e-05
1.000000000000000082e-05
1.000000000000000082e-05
1.000000000000000082e-05
1.000000000000000082e-05
1.000000000000000082e-05
1.000000000000000082e-05
1.000000000000000082e-05
1.000000000000000082e-05
1.000000000000000082e-05
1.000000000000000082e-05
1.000000000000000082e-05
1.000000000000000082e-05
1.000000000000000082e-05
1.000000000000000082e-05
1.000000000000000082e-05
1.000000000000000082e-05
1.000000000000000082e-05
1.000000000000000082e-05
1.000000000000000082e-05
1.000000000000000082e-05
1.000000000000000082e-05
1.000000000000000082e-05
1.000000000000000082e-05
1.000000000000000082e-05
1.000000000000000082e-05
1.000000000000000082e-05
1.000000000000000082e-05
1.000000000000000082e-05
1.000000000000000082e-05
1.000000000000000082e-05
1.000000000000000082e-05
1.000000000000000082e-05
1.000000000000000082e-05
1.000000000000000082e-05
1.000000000000000082e-05
1.000000000000000082e-05
