2.745000550625459768e-03
4.831061893617217759e-03
1.142529982562448271e-03
2.880408184176614164e-03
7.225370921745503765e-03
1.111545714600298447e-03
7.485233878034187882e-04
7.278537922932240686e-04
7.363714843074368067e-04
4.742937754596028154e-04
3.312742982989062466e-04
1.576268242596128326e-04
3.519699314465079675e-04
3.652329678615302898e-05
1.324475362109155954e-04
1.949114053221332561e-04
1.821616051439147073e-04
1.851466676238427034e-04
1.177915724471927680e-04
1.036427397650625429e-04
8.046718358354752081e-05
5.969254588828078997e-05
1.869467201575982234e-04
9.526248361386031307e-05
6.913127592642607545e-05
5.927125581099594381e-05
4.749469786022317768e-05
1.099096358271988013e-04
2.873446655366848436e-05
1.702577876387191861e-05
2.220658230554070411e-05
2.189702618259506696e-05
2.528161631156842083e-05
3.013071774900909301e-05
1.022378942704005802e-05
2.503790310161892332e-05
9.621015174754575137e-06
9.918405654694211425e-06
1.013509302613023266e-05
9.170726108691087803e-06
9.942981712742559133e-06
1.000213264809216669e-05
1.412726876709407924e-05
1.255016067520659758e-05
1.075255917302544169e-05
6.905049485742165820e-06
7.026935765308190866e-06
9.312908528466476963e-06
8.973107298812967516e-06
7.217792367045374395e-06
8.334912721979476189e-06
1.104175172711521407e-05
9.203004585257671476e-06
1.116397680849891925e-05
9.866450050858522280e-06
9.092256096746648687e-06
6.529178955619179488e-06
5.285521986080704844e-06
5.468038424748260052e-06
5.312909421674058407e-06
4.927560122612653874e-06
4.951324523575913422e-06
6.250777152342737123e-06
6.374953031727422931e-06
6.443886000106014936e-06
5.869452984231963364e-06
5.727982642649477307e-06
5.840450993345025133e-06
6.249899597936581477e-06
6.339559897148400114e-06
6.254453859647506311e-06
7.157056022504293322e-06
9.979536379814743898e-06
9.999999999999999124e-06
9.999999999999999124e-06
9.999999999999999124e-06
9.999999999999999124e-06
9.999999999999999124e-06
9.999999999999999124e-06
9.999999999999999124e-06
9.999999999999999124e-06
9.999999999999999124e-06
9.999999999999999124e-06
9.999999999999999124e-06
9.999999999999999124e-06
9.999999999999999124e-06
9.999999999999999124e-06
9.999999999999999124e-06
9.999999999999999124e-06
9.999999999999999124e-06
9.999999999999999124e-06
9.999999999999999124e-06
9.999999999999999124e-06
9.999999999999999124e-06
9.999999999999999124e-06
9.999999999999999124e-06
9.999999999999999124e-06
9.999999999999999124e-06
9.999999999999999124e-06
9.999999999999999124e-06
