8.666933845760210059e-03
1.586773260509280123e-02
3.109961888849580806e-03
1.179368621227777116e-02
2.600635424868695533e-02
3.241567073539231448e-03
2.751298052688561525e-03
2.475872850145637103e-03
1.897225582398467123e-03
3.107498791189762348e-03
1.208305499298654084e-03
1.553321043699319422e-03
1.736251993833289823e-03
2.507494550180451413e-04
7.376295575718358781e-04
5.509392450931341204e-04
1.241611175067482316e-03
8.184645840285808974e-04
5.358588011103564966e-04
6.145809692375830838e-04
4.198394864610523517e-04
3.395711714392566087e-04
7.930353805625738441e-04
2.733971780667107752e-04
2.215721089811499361e-04
3.667887615609346477e-04
5.252039616189781504e-04
4.547384830560849823e-04
6.128834158144935620e-04
2.052484024965186150e-04
3.553698600558929509e-04
3.205061601133176482e-04
3.572340527003629558e-04
2.659608894004331114e-04
1.262633628504336938e-04
2.378087545768275057e-04
1.207202647527288780e-04
7.117825107546601603e-05
1.227546147390322590e-04
6.424257334101134457e-05
5.576344332296906143e-05
6.898702132937153248e-05
7.296285053915228900e-05
8.369674958540509189e-05
1.001314647475278499e-04
4.517364730809440338e-05
4.906201821246803833e-05
5.266782220390118390e-05
3.362094943812346461e-05
5.049947410484755640e-05
4.115417526455022058e-05
4.435085085433472946e-05
5.298494088464116025e-05
6.472159066733219001e-05
6.833592208273213820e-05
3.292878578570879308e-05
1.829347893519756089e-05
1.842008235920669055e-05
1.288089621926444934e-05
7.117638717256866969e-06
7.664897970805967229e-06
5.989833042401653732e-06
9.576623099849563848e-06
1.107626786839697391e-05
9.684852834266129303e-06
1.473220777759373696e-05
6.675731555224493059e-06
6.672603547673672113e-06
5.603717090592418416e-06
4.962176777777864703e-06
5.007526466646895995e-06
5.685900765111212225e-06
1.006090049994597815e-05
1.006392302350480505e-05
1.003612380285198648e-05
1.004092771827287488e-05
9.999186854642570075e-06
9.999999999999999124e-06
9.999999999999999124e-06
9.999999999999999124e-06
9.999999999999999124e-06
9.999999999999999124e-06
9.999999999999999124e-06
9.999999999999999124e-06
9.999999999999999124e-06
9.999999999999999124e-06
9.999999999999999124e-06
9.999999999999999124e-06
9.999999999999999124e-06
9.999999999999999124e-06
9.999999999999999124e-06
9.999999999999999124e-06
9.999999999999999124e-06
9.999999999999999124e-06
9.999999999999999124e-06
9.999999999999999124e-06
9.999999999999999124e-06
9.999999999999999124e-06
9.999999999999999124e-06
9.999999999999999124e-06
