1.039507086623680555e-02
2.280062716301791206e-02
5.778670613676842489e-03
2.471880292333981759e-03
4.137484474605231284e-03
2.114075248719059219e-03
1.094689955478999341e-03
8.190473086168687617e-04
5.530751149260681055e-04
4.690107918315773684e-04
9.496759378072642220e-04
7.516602774093135344e-04
4.180795550822646238e-04
5.070013249219620368e-04
7.006341032281209304e-04
2.624804315420505149e-04
4.172482013805123638e-04
1.853967324600748229e-04
1.107185330795110547e-04
2.472126452675583704e-04
8.778584530351583751e-05
7.973249020454019678e-05
1.094536637086331347e-04
5.252898727173174986e-05
8.392766578592980348e-05
6.083491174923377033e-05
4.858876743354671366e-05
4.260436812354504831e-05
4.321033164863525937e-05
2.918424270547374748e-05
1.900927373863919528e-05
1.669060037954469525e-05
1.926725491656485376e-05
1.889306611717282290e-05
1.555518662190951117e-05
1.707292426950068233e-05
2.205127484938458073e-05
1.284958466502158021e-05
1.374894441346566044e-05
1.270405760609904674e-05
1.359290214264968640e-05
1.552747596139950005e-05
1.974251039735482104e-05
1.367274405802890492e-05
1.099432321382282406e-05
1.128362654970877971e-05
1.089474248661840459e-05
1.124096208865083486e-05
1.413086963322407489e-05
1.412491722945445667e-05
1.074357033393641334e-05
8.828452068891802480e-06
9.062853484350228125e-06
1.079762048733690403e-05
1.122986315017996421e-05
1.050233086329290151e-05
9.435172181298616051e-06
1.064824853213820046e-05
1.123538149856424723e-05
1.018445898287463874e-05
1.032908520101804850e-05
1.145474321142687574e-05
9.329743640745115956e-06
8.242815694796484197e-06
7.249744356774137912e-06
7.628257086051933133e-06
7.749424404387785962e-06
8.059681642688261067e-06
7.841341473169664709e-06
6.841669724025142416e-06
5.927924024099216712e-06
6.186145163767103086e-06
6.507137236297582049e-06
6.191584053337786367e-06
6.129287212678297743e-06
5.623002569778392462e-06
5.044750725583086729e-06
4.908091270529260443e-06
5.592239682032370381e-06
7.339502197935263306e-06
9.504026545836156221e-06
1.000627531673030254e-05
1.000555832638177743e-05
1.000346074733559280e-05
9.993623302682332846e-06
9.996128281284875273e-06
9.998130022891174264e-06
9.999999999999999124e-06
9.999999999999999124e-06
9.999999999999999124e-06
9.999999999999999124e-06
9.999999999999999124e-06
9.999999999999999124e-06
9.999999999999999124e-06
9.999999999999999124e-06
9.999999999999999124e-06
9.999999999999999124e-06
9.999999999999999124e-06
9.999999999999999124e-06
9.999999999999999124e-06
