1.660932703689489351e-02
2.919720083706094788e-02
8.876221451066132473e-03
2.043043586934769132e-02
4.740138841346475812e-02
7.991836234171652981e-03
5.562356285334001289e-03
5.574642019864047351e-03
2.678804320385390434e-03
2.030751379721283841e-03
1.315738897480583664e-03
5.605988006599868338e-03
2.418251751914514327e-03
7.777751507054733553e-04
2.026902007009750550e-03
8.467100967005089041e-04
1.949815513801552661e-03
8.608402033576416845e-04
8.055251244866398243e-04
1.215867472337629328e-03
1.701258428030050403e-03
1.571648332777853593e-03
1.198985760374676052e-03
1.306043088531171764e-03
6.542676358572154481e-04
1.174298537239047788e-03
8.039588385554322482e-04
5.953390396579252321e-04
2.564590227787647740e-04
3.972844915510655031e-04
4.945385216914021959e-04
5.517152215630798801e-04
6.895187294071830576e-04
2.576734165524964190e-04
4.836314875186430141e-04
1.850535091465798417e-04
1.373725662994502029e-04
2.371720448242505247e-04
1.638507274271728577e-04
1.687340960170791626e-04
1.831436565515964603e-04
1.595085994379291086e-04
1.495127497082777458e-04
1.400457128749847289e-04
1.023045882888508898e-04
1.019465793505478581e-04
1.068268830881335398e-04
1.304633828461833995e-04
2.139606575440129092e-04
1.769214632224594907e-04
1.501996650951355173e-04
1.606797677590230213e-04
1.431929587083324417e-04
1.527898379743350399e-04
1.621517495283780568e-04
6.400590370693658930e-05
4.000655631739320349e-05
4.440748156237382302e-05
2.004071510454833184e-05
2.437154757137122851e-05
9.217158628170462717e-06
8.117327935593064082e-06
1.240233937195034261e-05
1.188799291594228113e-05
1.432368902039818442e-05
2.036584286195636568e-05
3.247484159550296449e-05
1.503795096384899632e-05
1.078989318502547279e-05
7.424730131348370641e-06
7.927225922517329505e-06
8.966098365037064794e-06
9.871286484652563853e-06
1.000000000000000251e-05
1.000000000000000251e-05
1.000000000000000251e-05
1.000000000000000251e-05
1.000000000000000251e-05
1.000000000000000251e-05
1.000000000000000251e-05
1.000000000000000251e-05
1.000000000000000251e-05
1.000000000000000251e-05
1.000000000000000251e-05
1.000000000000000251e-05
1.000000000000000251e-05
1.000000000000000251e-05
1.000000000000000251e-05
1.000000000000000251e-05
1.000000000000000251e-05
1.000000000000000251e-05
1.000000000000000251e-05
1.000000000000000251e-05
1.000000000000000251e-05
1.000000000000000251e-05
1.000000000000000251e-05
1.000000000000000251e-05
1.000000000000000251e-05
1.000000000000000251e-05
1.000000000000000251e-05
