5.267257242756579610e-03
2.864683524122509962e-03
1.335112817592852639e-03
1.400615678191360729e-03
9.358556747358906178e-04
2.636199973647730026e-04
2.186146439472400451e-04
2.283075797629931963e-04
1.993916395221568183e-04
1.413999782677925982e-04
5.743392467752852696e-05
2.688227285758661373e-05
7.585306123776425625e-05
5.645759280462368584e-05
1.234682294761865721e-05
5.130244235295206988e-05
2.483905782669571647e-05
1.328458352952548623e-05
4.995773094596919392e-05
2.611134583194370747e-05
2.298706187830760816e-05
1.299851662914749407e-05
1.466380460005709580e-05
1.037786958697463315e-05
1.688728929779433448e-05
1.511006087731958451e-05
1.337892916820678516e-05
6.872132574212638755e-06
7.634534758248231906e-06
6.364800681567386568e-06
9.997355002893434494e-06
1.000000000000000082e-05
1.000000000000000082e-05
1.000000000000000082e-05
1.000000000000000082e-05
1.000000000000000082e-05
1.000000000000000082e-05
1.000000000000000082e-05
1.000000000000000082e-05
1.000000000000000082e-05
1.000000000000000082e-05
1.000000000000000082e-05
1.000000000000000082e-05
1.000000000000000082e-05
1.000000000000000082e-05
1.000000000000000082e-05
1.000000000000000082e-05
1.000000000000000082e-05
1.000000000000000082e-05
1.000000000000000082e-05
1.000000000000000082e-05
1.000000000000000082e-05
1.000000000000000082e-05
1.000000000000000082e-05
1.000000000000000082e-05
1.000000000000000082e-05
1.000000000000000082e-05
1.000000000000000082e-05
1.000000000000000082e-05
1.000000000000000082e-05
1.000000000000000082e-05
1.000000000000000082e-05
1.000000000000000082e-05
1.000000000000000082e-05
1.000000000000000082e-05
1.000000000000000082e-05
1.000000000000000082e-05
1.000000000000000082e-05
1.000000000000000082e-05
1.000000000000000082e-05
1.000000000000000082e-05
1.000000000000000082e-05
1.000000000000000082e-05
1.000000000000000082e-05
1.000000000000000082e-05
1.000000000000000082e-05
1.000000000000000082e-05
1.000000000000000082e-05
1.000000000000000082e-05
1.000000000000000082e-05
1.000000000000000082e-05
1.000000000000000082e-05
1.000000000000000082e-05
1.000000000000000082e-05
1.000000000000000082e-05
1.000000000000000082e-05
1.000000000000000082e-05
1.000000000000000082e-05
1.000000000000000082e-05
1.000000000000000082e-05
1.000000000000000082e-05
1.000000000000000082e-05
1.000000000000000082e-05
1.000000000000000082e-05
1.000000000000000082e-05
1.000000000000000082e-05
1.000000000000000082e-05
1.000000000000000082e-05
1.000000000000000082e-05
1.000000000000000082e-05
