7.298421686314513282e-03
4.478049493462984455e-03
2.329764866102302084e-03
2.843531433853126872e-03
2.014472280949987891e-03
3.784890485787898904e-04
7.777007228607310009e-04
3.789430955432577337e-04
2.770865661095389763e-04
9.499755284369937455e-04
2.233639509537298467e-04
2.086292288319027786e-04
2.700318271185658619e-04
3.336045809475417408e-04
6.728907584984307477e-05
1.037652464291521291e-04
1.251454908869472293e-04
5.780778064536563519e-05
8.861827270579454856e-05
1.752078662945117705e-04
6.508995969117484942e-05
1.297036926980718640e-04
4.044286622336172658e-05
3.140261780388319462e-05
5.521940676967862385e-05
7.151241088171554877e-05
3.915838467375645120e-05
2.839026433590273956e-05
5.078605148657663063e-05
2.462324454423617376e-05
3.018842288898201072e-05
1.830187519608109692e-05
2.226586457227805587e-05
2.081141675287512407e-05
6.390658856218554304e-06
1.381104770664178716e-05
8.035985465723503266e-06
1.180410732245417258e-05
1.378080648203020589e-05
1.232168968712255517e-05
1.443551249535590822e-05
1.047791267577653398e-05
9.953479372367707802e-06
9.845372550071089312e-06
7.888249616044789951e-06
1.357340641506533547e-05
6.261707978605512986e-06
1.366439412581421440e-05
8.845950361038423449e-06
1.380349664094231626e-05
1.434581152386695973e-05
1.062072657131322574e-05
7.025966446955346213e-06
5.328783068402299682e-06
5.226620545827174634e-06
5.687107141070229732e-06
5.036172098178492247e-06
5.105819364255029588e-06
6.010808059239848201e-06
6.458740848448496788e-06
6.510588863924787944e-06
5.705728319937347183e-06
5.507639883559612165e-06
5.967336763352491994e-06
6.338355564310194810e-06
6.514179192636978242e-06
6.700047994649507029e-06
7.530657579030656791e-06
9.994174762788297665e-06
9.999999999999999124e-06
9.999999999999999124e-06
9.999999999999999124e-06
9.999999999999999124e-06
9.999999999999999124e-06
9.999999999999999124e-06
9.999999999999999124e-06
9.999999999999999124e-06
9.999999999999999124e-06
9.999999999999999124e-06
9.999999999999999124e-06
9.999999999999999124e-06
9.999999999999999124e-06
9.999999999999999124e-06
9.999999999999999124e-06
9.999999999999999124e-06
9.999999999999999124e-06
9.999999999999999124e-06
9.999999999999999124e-06
9.999999999999999124e-06
9.999999999999999124e-06
9.999999999999999124e-06
9.999999999999999124e-06
9.999999999999999124e-06
9.999999999999999124e-06
9.999999999999999124e-06
9.999999999999999124e-06
9.999999999999999124e-06
9.999999999999999124e-06
9.999999999999999124e-06
9.999999999999999124e-06
