1.420129210378636396e-02
8.754735886583833726e-03
4.690210094293651225e-03
4.293999651815631584e-03
4.243441352025453632e-03
5.986870469481496686e-04
1.274217728553641259e-03
7.983318970073801550e-04
1.446313718396305403e-03
1.893051445127833660e-03
4.263269676424088377e-04
3.183158103446007787e-04
5.268952370119204956e-04
3.844618540533728947e-04
2.045172725919998965e-04
3.368827638949310798e-04
4.241643525405326687e-04
2.814747771910858297e-04
2.987757851968069725e-04
4.183971829686545900e-04
1.524708901432055464e-04
2.118746952374342169e-04
1.658764822739736003e-04
1.081845657022353875e-04
1.633346099600693020e-04
2.086137165853106917e-04
1.879904077095791181e-04
1.367555839293979863e-04
9.306700601219805873e-05
6.343458233574669758e-05
7.612178096717729192e-05
6.713354075405898529e-05
5.912082642748568625e-05
6.816952668032804350e-05
2.762883017676958009e-05
5.672118686650768824e-05
3.796639275303312816e-05
5.704767136795538810e-05
2.341561671275770354e-05
1.588329287561377926e-05
2.224186457060165051e-05
3.070608101597070662e-05
3.160347922806902761e-05
1.431607748906553664e-05
1.657016757791629122e-05
2.048849269223850306e-05
2.207806409839280687e-05
2.672546825895852029e-05
2.245752811996635338e-05
2.894285276260829827e-05
2.373376135866424609e-05
1.725402458432365269e-05
1.128036344487824313e-05
9.091574588893137852e-06
5.670693782912492791e-06
5.395345240659407136e-06
4.861996122808739761e-06
4.958286608031686810e-06
5.466362305929613403e-06
5.692180126867021668e-06
5.713874021983424878e-06
5.149834710782232528e-06
5.158805743140317604e-06
5.183427065258524224e-06
5.655948459286708001e-06
5.812163525611283934e-06
6.024538208700072927e-06
7.303465135093621584e-06
1.000000000000000082e-05
1.000000000000000082e-05
1.000000000000000082e-05
1.000000000000000082e-05
1.000000000000000082e-05
1.000000000000000082e-05
1.000000000000000082e-05
1.000000000000000082e-05
1.000000000000000082e-05
1.000000000000000082e-05
1.000000000000000082e-05
1.000000000000000082e-05
1.000000000000000082e-05
1.000000000000000082e-05
1.000000000000000082e-05
1.000000000000000082e-05
1.000000000000000082e-05
1.000000000000000082e-05
1.000000000000000082e-05
1.000000000000000082e-05
1.000000000000000082e-05
1.000000000000000082e-05
1.000000000000000082e-05
1.000000000000000082e-05
1.000000000000000082e-05
1.000000000000000082e-05
1.000000000000000082e-05
1.000000000000000082e-05
1.000000000000000082e-05
1.000000000000000082e-05
1.000000000000000082e-05
1.000000000000000082e-05
