3.200359203145580755e-02
2.694159009964035636e-02
1.110746205308785553e-02
8.792084345596532652e-03
1.799339428495503115e-02
4.034362380090530768e-03
3.305675185288116120e-03
6.167460041329868824e-03
4.813219031503458353e-03
2.276982752931022095e-03
1.110646734895622727e-03
7.363976230967697817e-04
1.807857306634804524e-03
1.599835054516439078e-03
3.434433093964719551e-04
1.298468981197898209e-03
9.502591317102426034e-04
6.856491111868243766e-04
1.112698878288832143e-03
5.879437931379399331e-04
8.222278574287757939e-04
6.452639356104793687e-04
2.759129922851676184e-04
4.123393684649776696e-04
5.627700558109697583e-04
6.178004781850838156e-04
2.542605350201817714e-04
3.391244882753136828e-04
2.384421565261375425e-04
1.790629057545186839e-04
5.416856765299431524e-04
2.727928776778605104e-04
1.739887619617759302e-04
1.021704602310295756e-04
2.739098602975130470e-04
1.957562162519876448e-04
1.883228733104636216e-04
1.021966775236793264e-04
8.774912657294658481e-05
1.569254925737956143e-04
1.935374502228541971e-04
1.992786920886862180e-04
1.461339400500686085e-04
1.444031539999053636e-04
1.518126457045223241e-04
2.021803500412714869e-04
9.729161360390066861e-05
5.440330874654696546e-05
8.793661889113356541e-05
9.743493061026200358e-05
8.780404219821536904e-05
6.042996842893619860e-05
4.015200678645617396e-05
4.108395297689290031e-05
3.694843290278006259e-05
2.853687085615725638e-05
2.533821987773171103e-05
1.775269719330786235e-05
1.341979683183248757e-05
1.052918983694429764e-05
1.061004689016373031e-05
1.656118600245515377e-05
1.439620052079588793e-05
1.046784803460742801e-05
7.743112262025522203e-06
6.741421575477759160e-06
7.161229989203680490e-06
8.877807270907712113e-06
1.003133511629486138e-05
1.000000000000000082e-05
1.000000000000000082e-05
1.000000000000000082e-05
1.000000000000000082e-05
1.000000000000000082e-05
1.000000000000000082e-05
1.000000000000000082e-05
1.000000000000000082e-05
1.000000000000000082e-05
1.000000000000000082e-05
1.000000000000000082e-05
1.000000000000000082e-05
1.000000000000000082e-05
1.000000000000000082e-05
1.000000000000000082e-05
1.000000000000000082e-05
1.000000000000000082e-05
1.000000000000000082e-05
1.000000000000000082e-05
1.000000000000000082e-05
1.000000000000000082e-05
1.000000000000000082e-05
1.000000000000000082e-05
1.000000000000000082e-05
1.000000000000000082e-05
1.000000000000000082e-05
1.000000000000000082e-05
1.000000000000000082e-05
1.000000000000000082e-05
1.000000000000000082e-05
1.000000000000000082e-05
