2.880268127264203580e-03
6.960865096744919042e-04
1.684174979493372566e-03
9.008052451825261566e-04
3.600551926931292693e-04
2.114426296997152220e-04
1.025522873456329276e-04
1.280867217707559486e-04
1.217886934381824790e-04
6.553492684397403288e-05
3.538950574865093533e-05
2.361119851950580447e-05
2.444292116200947460e-05
2.050710583169278338e-05
7.138219866553939610e-06
1.039578543391859585e-05
1.874335048678469910e-05
1.496433246158498799e-05
1.292944312444037453e-05
1.236490579853365283e-05
2.677354459506913701e-05
7.762056224039970000e-06
1.025727303101512815e-05
9.680837575784242562e-06
6.407318136224313149e-06
6.422387827492203763e-06
5.881066563864062809e-06
5.475024137884552151e-06
6.711372362569110566e-06
5.555650621397694189e-06
5.449637396337199592e-06
7.022097826922221966e-06
5.277888784757835167e-06
5.210447242217586851e-06
5.181928065591570294e-06
5.342568343260085212e-06
5.762354094990930088e-06
5.368303076645078755e-06
5.703384886915156330e-06
5.468292927773751980e-06
5.444205159186681065e-06
5.283540785664998298e-06
5.220733819555864326e-06
5.330800745689695213e-06
5.548785161235697916e-06
5.587890313063668305e-06
5.536953158324897493e-06
5.447424282733615579e-06
5.446066452827254836e-06
5.743194246744684271e-06
5.977878346119694212e-06
6.342070717274868324e-06
6.528648499529139272e-06
5.223208022542787085e-06
5.192374705805908308e-06
6.614380424759831616e-06
6.731441892088962565e-06
6.734906996824956790e-06
6.269373604040587304e-06
6.056699540476937561e-06
6.338738232297376075e-06
6.625219917938376814e-06
6.628953671711189773e-06
7.050062047653643177e-06
9.743410466385019061e-06
1.000000000000000251e-05
1.000000000000000251e-05
1.000000000000000251e-05
1.000000000000000251e-05
1.000000000000000251e-05
1.000000000000000251e-05
1.000000000000000251e-05
1.000000000000000251e-05
1.000000000000000251e-05
1.000000000000000251e-05
1.000000000000000251e-05
1.000000000000000251e-05
1.000000000000000251e-05
1.000000000000000251e-05
1.000000000000000251e-05
1.000000000000000251e-05
1.000000000000000251e-05
1.000000000000000251e-05
1.000000000000000251e-05
1.000000000000000251e-05
1.000000000000000251e-05
1.000000000000000251e-05
1.000000000000000251e-05
1.000000000000000251e-05
1.000000000000000251e-05
1.000000000000000251e-05
1.000000000000000251e-05
1.000000000000000251e-05
1.000000000000000251e-05
1.000000000000000251e-05
1.000000000000000251e-05
1.000000000000000251e-05
1.000000000000000251e-05
1.000000000000000251e-05
1.000000000000000251e-05
