6.976751291065719056e-03
2.263194930984145301e-03
3.725220266489365738e-03
3.799295353844197275e-03
2.087455671908980057e-03
2.004973730441441445e-03
1.024748492884936229e-03
5.467727580905967560e-04
5.021027060740198200e-04
2.523542335047707932e-04
1.153976621074723576e-04
9.502375155563329387e-05
6.194280141961583473e-05
4.280184164539827836e-05
6.665786379100340137e-05
1.684027348286711696e-04
1.250891107186261021e-04
6.576080737744146741e-05
1.159248139536222323e-04
2.087340125517414904e-04
1.448697237081522692e-04
1.959573516677253231e-05
4.905936524453113163e-05
6.766228412854572740e-05
3.430211256522891185e-05
2.128682557973295687e-05
1.501946916758023663e-05
4.916230730148538666e-05
2.032637471671472056e-05
2.380631821024195837e-05
2.155920229759041029e-05
1.669641396303597335e-05
7.533959633766351992e-06
7.475753976964624393e-06
1.237277722298749483e-05
1.418518054148702761e-05
1.978771528159006362e-05
1.537623532964263372e-05
1.699964074350266994e-05
8.313689449710777394e-06
1.042806757856754942e-05
8.005028789712771180e-06
1.077932966181486114e-05
8.381154856768020063e-06
6.983436813453132501e-06
1.358131108603807294e-05
1.393157886847804819e-05
1.640480115083503830e-05
1.560862473171256305e-05
5.924151883007064268e-06
4.992458565464537850e-06
5.469660709199351746e-06
5.818946061950077471e-06
4.980382281759273758e-06
4.950561199502802194e-06
6.338806132357247996e-06
6.174347275764891905e-06
5.860615615887793708e-06
5.655971579943324565e-06
5.679587433049867639e-06
6.211394286304172250e-06
6.383652308309374309e-06
6.556592592866998634e-06
7.383661355295423733e-06
1.000064909045428706e-05
1.000000000000000082e-05
1.000000000000000082e-05
1.000000000000000082e-05
1.000000000000000082e-05
1.000000000000000082e-05
1.000000000000000082e-05
1.000000000000000082e-05
1.000000000000000082e-05
1.000000000000000082e-05
1.000000000000000082e-05
1.000000000000000082e-05
1.000000000000000082e-05
1.000000000000000082e-05
1.000000000000000082e-05
1.000000000000000082e-05
1.000000000000000082e-05
1.000000000000000082e-05
1.000000000000000082e-05
1.000000000000000082e-05
1.000000000000000082e-05
1.000000000000000082e-05
1.000000000000000082e-05
1.000000000000000082e-05
1.000000000000000082e-05
1.000000000000000082e-05
1.000000000000000082e-05
1.000000000000000082e-05
1.000000000000000082e-05
1.000000000000000082e-05
1.000000000000000082e-05
1.000000000000000082e-05
1.000000000000000082e-05
1.000000000000000082e-05
1.000000000000000082e-05
1.000000000000000082e-05
