1.361153674415517892e-02
5.028963836594371045e-03
9.255425046508947151e-03
1.041813855377050554e-02
5.210362877845715890e-03
4.107544491748603074e-03
1.339578454593178761e-03
9.751904477381315292e-04
9.878775035573566891e-04
4.634712478204347681e-04
7.697644756098124229e-04
8.124362255082061149e-04
4.740874280171045499e-04
1.594918552887526037e-04
2.244498095495864028e-04
1.177681592410911263e-04
1.662267017064292945e-04
1.249771959401201873e-04
3.805332952457412773e-04
3.587255471866434404e-04
4.454821569575211191e-04
1.128818392787694127e-04
4.309822377078704244e-05
2.347469928137814411e-04
1.578741436648864243e-04
1.764139039980062464e-04
1.034354356321375831e-04
6.837479569611767082e-05
1.094271102311496555e-04
1.188037978022909400e-04
3.526970053394404931e-05
4.386424086110836005e-05
4.535334993616606063e-05
8.208412816136518284e-05
6.946944459678527212e-05
1.500011452078694942e-04
6.101198743196080502e-05
5.397995761432535346e-05
3.112837050239606744e-05
4.219836452951019278e-05
3.911825661453001380e-05
2.384520286441381138e-05
3.950958987367127477e-05
2.925723319590627130e-05
2.191166434925329075e-05
3.146386419576842005e-05
2.704874230245911667e-05
2.965047701044862968e-05
2.335907492507986429e-05
1.675278613173707761e-05
6.259792821903233459e-06
5.757479620912891149e-06
5.515027963664885746e-06
5.194683374283667565e-06
4.841985135825982851e-06
5.228703786731733536e-06
5.464968981555991800e-06
5.060656795627453812e-06
6.776608526559306294e-06
5.193055724367906426e-06
5.258628021292565008e-06
5.342695371388144319e-06
5.341586217134123542e-06
6.172953137153362688e-06
1.000000000000000082e-05
1.000000000000000082e-05
1.000000000000000082e-05
1.000000000000000082e-05
1.000000000000000082e-05
1.000000000000000082e-05
1.000000000000000082e-05
1.000000000000000082e-05
1.000000000000000082e-05
1.000000000000000082e-05
1.000000000000000082e-05
1.000000000000000082e-05
1.000000000000000082e-05
1.000000000000000082e-05
1.000000000000000082e-05
1.000000000000000082e-05
1.000000000000000082e-05
1.000000000000000082e-05
1.000000000000000082e-05
1.000000000000000082e-05
1.000000000000000082e-05
1.000000000000000082e-05
1.000000000000000082e-05
1.000000000000000082e-05
1.000000000000000082e-05
1.000000000000000082e-05
1.000000000000000082e-05
1.000000000000000082e-05
1.000000000000000082e-05
1.000000000000000082e-05
1.000000000000000082e-05
1.000000000000000082e-05
1.000000000000000082e-05
1.000000000000000082e-05
1.000000000000000082e-05
1.000000000000000082e-05
