2.736539965630119253e-02
1.003040240722169116e-02
2.556093797629731268e-02
2.087876425873595732e-02
9.482775545597912914e-03
1.629614452506635697e-02
5.541691730067617103e-03
5.775618006824422045e-04
2.670991384239090362e-03
7.638009380606051307e-04
1.794078813245598199e-03
7.956325008009515996e-04
9.355909615170878791e-04
1.355401484506407218e-03
8.327929798503386216e-04
1.225383959724940389e-03
1.041059220808562402e-03
9.153462928564411790e-04
5.582070503208973146e-04
4.105945450726533738e-04
8.031341179354781678e-04
3.087176427158475761e-04
2.735094643244755834e-04
3.054726885026848695e-04
3.015554559032539595e-04
5.180265483113942167e-04
2.855486757395113277e-04
2.464678611665794498e-04
2.660409434351766007e-04
1.372326273082612343e-04
3.719995137468121551e-04
1.106566392224638527e-04
1.014853141504405465e-04
2.029832199137044388e-04
2.234673484096151032e-04
1.282384044021948649e-04
1.886314776025351339e-04
1.671215006295854501e-04
2.087095573126023819e-04
9.528022553275098565e-05
5.770807683598920123e-05
1.901226629183267933e-04
1.581307859123134507e-04
9.142285104418349613e-05
8.940019797978987471e-05
9.962379069436506289e-05
3.863963521953335306e-05
2.838608972909111312e-05
4.206658246714622474e-05
2.747398987447290970e-05
2.181864276877642334e-05
1.949792893634917499e-05
1.173465496305237360e-05
8.890615395316151762e-06
7.935241902129261060e-06
8.350083369897588978e-06
6.284498822331164360e-06
6.033285166308508970e-06
1.162800515597096282e-05
6.869543314248003875e-06
7.192671949407445262e-06
5.771585544377615768e-06
5.604322747849681935e-06
6.938060073102900120e-06
9.988103106976815515e-06
9.992172550349149917e-06
9.997487695670746266e-06
1.000000000000000082e-05
1.000000000000000082e-05
1.000000000000000082e-05
1.000000000000000082e-05
1.000000000000000082e-05
1.000000000000000082e-05
1.000000000000000082e-05
1.000000000000000082e-05
1.000000000000000082e-05
1.000000000000000082e-05
1.000000000000000082e-05
1.000000000000000082e-05
1.000000000000000082e-05
1.000000000000000082e-05
1.000000000000000082e-05
1.000000000000000082e-05
1.000000000000000082e-05
1.000000000000000082e-05
1.000000000000000082e-05
1.000000000000000082e-05
1.000000000000000082e-05
1.000000000000000082e-05
1.000000000000000082e-05
1.000000000000000082e-05
1.000000000000000082e-05
1.000000000000000082e-05
1.000000000000000082e-05
1.000000000000000082e-05
1.000000000000000082e-05
1.000000000000000082e-05
1.000000000000000082e-05
1.000000000000000082e-05
1.000000000000000082e-05
