1.235381868985437233e-03
2.372746532578346671e-03
2.644399694249758345e-03
4.333674456323193349e-04
6.763281394209855191e-04
7.722153485306336397e-04
6.147789286362176885e-04
1.939096503020338778e-04
2.005796660457786346e-04
2.983940071708365729e-04
1.504748457951911235e-04
8.437326490595520409e-05
1.140980514379416383e-04
1.010991666722305170e-04
2.618196272346617537e-05
6.192465869015381110e-05
6.135121351687348242e-05
3.073183442928347620e-05
8.372378980385541177e-05
2.032485700857556641e-05
2.408974393032059757e-05
9.614354271938223287e-06
2.975608588111135639e-05
3.139459034993469293e-05
2.978547080017650690e-05
1.641415884423407724e-05
1.120888481300325284e-05
1.840350710775921311e-05
1.262598005958083557e-05
5.731217654197216538e-06
6.468727346202420853e-06
6.147942148913904547e-06
6.248982292586228478e-06
1.000641714602485763e-05
1.009835098510056581e-05
5.923874444743612117e-06
6.116277047494111225e-06
8.098797887354916895e-06
5.662032789348695086e-06
6.248858041003636472e-06
5.564415819963969585e-06
6.049368194970412274e-06
6.197106636145795826e-06
5.980526946651874734e-06
6.925828605523032827e-06
8.288349587735791585e-06
6.355709107060197874e-06
5.055305401064588077e-06
5.607563776222256569e-06
5.685724279809047885e-06
5.009288772813308307e-06
4.994706939930381501e-06
6.300726941904083880e-06
6.447490172617420977e-06
5.964203865332593781e-06
5.533675312321081681e-06
5.952964087472504908e-06
6.318231765033419528e-06
6.367009574431481533e-06
6.693167873737357810e-06
9.522356108139453076e-06
9.995085318113032866e-06
9.999999999999999124e-06
9.999999999999999124e-06
9.999999999999999124e-06
9.999999999999999124e-06
9.999999999999999124e-06
9.999999999999999124e-06
9.999999999999999124e-06
9.999999999999999124e-06
9.999999999999999124e-06
9.999999999999999124e-06
9.999999999999999124e-06
9.999999999999999124e-06
9.999999999999999124e-06
9.999999999999999124e-06
9.999999999999999124e-06
9.999999999999999124e-06
9.999999999999999124e-06
9.999999999999999124e-06
9.999999999999999124e-06
9.999999999999999124e-06
9.999999999999999124e-06
9.999999999999999124e-06
9.999999999999999124e-06
9.999999999999999124e-06
9.999999999999999124e-06
9.999999999999999124e-06
9.999999999999999124e-06
9.999999999999999124e-06
9.999999999999999124e-06
9.999999999999999124e-06
9.999999999999999124e-06
9.999999999999999124e-06
9.999999999999999124e-06
9.999999999999999124e-06
9.999999999999999124e-06
9.999999999999999124e-06
9.999999999999999124e-06
9.999999999999999124e-06
