2.009414526452359823e-02
4.360351956786238936e-02
1.271067936351721536e-02
4.279709801020719837e-03
7.839538731646968767e-03
3.612989568854842615e-03
3.687516984982719577e-03
3.403072992838081321e-03
2.380877066878863552e-03
1.439505992327436796e-03
2.788466760993604798e-03
1.637427269639222735e-03
9.948216736804928011e-04
8.080888450804791113e-04
1.596737738516754677e-03
1.063894722697452137e-03
6.208447636999374439e-04
5.389199730911765473e-04
2.236384001855774547e-04
7.570831175873621310e-04
3.449851644482438860e-04
4.734514195279596852e-04
3.907025876742768506e-04
1.130776553860621811e-04
4.030416032587350993e-04
1.629943341250041859e-04
1.637748075660993544e-04
1.687220804090046246e-04
1.876119890231284129e-04
1.345354903637329075e-04
7.557811520895976363e-05
7.893520126623130391e-05
1.019298107724866162e-04
5.678638403823856230e-05
5.229105422770832697e-05
4.699647762360563235e-05
6.127036488118601729e-05
4.123896761726663322e-05
5.000738650806926756e-05
5.461842204843173683e-05
4.412206001176197356e-05
5.776596421219511309e-05
6.849846134235924660e-05
4.483703750395716555e-05
2.752368462162018187e-05
2.319441070086237914e-05
2.227817552960401756e-05
2.468375015828348724e-05
2.877910692899938709e-05
3.173693177505218478e-05
2.822620482490036106e-05
2.574966380151648385e-05
2.952278136173554996e-05
3.343424254439616002e-05
2.956441899968351768e-05
2.303519587887776308e-05
2.099537942841894260e-05
2.280058088038786651e-05
2.389082609743696750e-05
2.767868217640736476e-05
2.951527154033137943e-05
3.751224358691089848e-05
3.144786758350465026e-05
1.872480895691321475e-05
1.758145142636018712e-05
2.098017209059150479e-05
1.933920240099320508e-05
2.298632521419389921e-05
2.062313954769256331e-05
1.655476503649848407e-05
1.625336171851602892e-05
1.471121404434174516e-05
1.654313325819677867e-05
1.445024540228850397e-05
1.519266262783830204e-05
1.231720164472853561e-05
8.920336158004072577e-06
7.217363970043239429e-06
6.403045424858168853e-06
5.014488677478598520e-06
5.128361507370655813e-06
7.017556175503115021e-06
1.001498452621823531e-05
1.001500717922791172e-05
1.000000000000000082e-05
1.000000000000000082e-05
1.000000000000000082e-05
1.000000000000000082e-05
1.000000000000000082e-05
1.000000000000000082e-05
1.000000000000000082e-05
1.000000000000000082e-05
1.000000000000000082e-05
1.000000000000000082e-05
1.000000000000000082e-05
1.000000000000000082e-05
1.000000000000000082e-05
1.000000000000000082e-05
1.000000000000000082e-05
1.000000000000000082e-05
