1.428081256810609552e-03
3.797756916079144621e-03
4.079868283656841454e-03
7.824678181729189698e-04
9.394362569438335963e-04
1.302842524675409041e-03
5.408273314302424264e-04
3.436701081551532034e-04
3.283056786100653664e-04
5.283441938372634419e-04
2.487022216290829296e-04
1.605544927318702602e-04
1.292025214124996844e-04
8.475482037858613111e-05
3.404021683490092507e-05
7.213503059717548196e-05
7.628346564599896066e-05
1.041966349979132363e-04
1.507276277563467646e-04
9.649015181840737987e-05
4.150347953483818109e-05
3.111514580364549995e-05
5.472480716144325399e-05
7.938992337370922182e-05
3.682765624367168652e-05
4.290496510926265685e-05
2.587041719993160232e-05
3.225867768985191000e-05
1.284198949440393925e-05
1.089796814804306545e-05
7.148711617295406926e-06
1.933873680086282471e-05
1.270756367555997914e-05
1.676452580441168953e-05
6.549813285941490008e-06
7.725765528743680632e-06
8.951711108249732677e-06
9.556915905763475183e-06
8.318312640538070638e-06
8.641377512600338545e-06
7.587186647250558612e-06
5.775139260373104983e-06
6.862410904003672200e-06
5.659761083225319204e-06
8.444211270484238560e-06
1.232923948282134192e-05
6.955462724369087442e-06
5.255299839492244992e-06
5.032651315422593005e-06
5.260275983737297365e-06
4.774033999189412378e-06
4.735486426442188799e-06
6.270870492198478104e-06
6.290260734043339938e-06
5.399810348364401417e-06
5.103572119488820930e-06
5.367423571341692786e-06
6.069958662017541717e-06
6.513675023321469037e-06
6.864808582242302150e-06
9.632908213406348558e-06
1.000000000000000082e-05
1.000000000000000082e-05
1.000000000000000082e-05
1.000000000000000082e-05
1.000000000000000082e-05
1.000000000000000082e-05
1.000000000000000082e-05
1.000000000000000082e-05
1.000000000000000082e-05
1.000000000000000082e-05
1.000000000000000082e-05
1.000000000000000082e-05
1.000000000000000082e-05
1.000000000000000082e-05
1.000000000000000082e-05
1.000000000000000082e-05
1.000000000000000082e-05
1.000000000000000082e-05
1.000000000000000082e-05
1.000000000000000082e-05
1.000000000000000082e-05
1.000000000000000082e-05
1.000000000000000082e-05
1.000000000000000082e-05
1.000000000000000082e-05
1.000000000000000082e-05
1.000000000000000082e-05
1.000000000000000082e-05
1.000000000000000082e-05
1.000000000000000082e-05
1.000000000000000082e-05
1.000000000000000082e-05
1.000000000000000082e-05
1.000000000000000082e-05
1.000000000000000082e-05
1.000000000000000082e-05
1.000000000000000082e-05
1.000000000000000082e-05
1.000000000000000082e-05
