4.058320790643044768e-03
1.074697217174625657e-02
1.203456977043155726e-02
5.969792985001772662e-03
4.220402357507542501e-03
4.558298172919636633e-03
4.484349496326599065e-03
1.713050967007531591e-03
2.012483882440344561e-03
2.576396058093418425e-03
6.714747170326985449e-04
9.638184906156044241e-04
4.896413648393032692e-04
3.190605111166480538e-04
2.539024145298462900e-04
3.358149004002328143e-04
2.673727530045597349e-04
5.203876358637154987e-04
1.055056204517060151e-03
4.294135491718859888e-04
3.530747868471337150e-04
3.016526777177468491e-04
1.916643202792539915e-04
1.795454019566087613e-04
2.606402012019405504e-04
2.835271279405819547e-04
1.095418210824138658e-04
2.020956838773857196e-04
1.106502004419757269e-04
7.460526236120125390e-05
5.277821020674200908e-05
8.083016705242879879e-05
8.536518605671458400e-05
1.345032766385374724e-04
1.123445469457060725e-04
1.043438750893951395e-04
5.679869940567306672e-05
8.303233614742704636e-05
4.527909283183937473e-05
4.666374974607439148e-05
5.856959735247401199e-05
3.715039819387150691e-05
3.230782273365172860e-05
3.554067651574288232e-05
4.339207107968289130e-05
5.862095315425882626e-05
3.410937573063689229e-05
1.566099958548556687e-05
1.014338199471641947e-05
1.234813567136954936e-05
6.866071265403739579e-06
5.642970270114186770e-06
6.066203906587763810e-06
5.125673953641173201e-06
5.164970981612452438e-06
7.721637165747510741e-06
5.391504999589184252e-06
4.783256198875312986e-06
4.859278107398460070e-06
5.323313658640969017e-06
9.585887529988364590e-06
9.999999999999999124e-06
9.999999999999999124e-06
9.999999999999999124e-06
9.999999999999999124e-06
9.999999999999999124e-06
9.999999999999999124e-06
9.999999999999999124e-06
9.999999999999999124e-06
9.999999999999999124e-06
9.999999999999999124e-06
9.999999999999999124e-06
9.999999999999999124e-06
9.999999999999999124e-06
9.999999999999999124e-06
9.999999999999999124e-06
9.999999999999999124e-06
9.999999999999999124e-06
9.999999999999999124e-06
9.999999999999999124e-06
9.999999999999999124e-06
9.999999999999999124e-06
9.999999999999999124e-06
9.999999999999999124e-06
9.999999999999999124e-06
9.999999999999999124e-06
9.999999999999999124e-06
9.999999999999999124e-06
9.999999999999999124e-06
9.999999999999999124e-06
9.999999999999999124e-06
9.999999999999999124e-06
9.999999999999999124e-06
9.999999999999999124e-06
9.999999999999999124e-06
9.999999999999999124e-06
9.999999999999999124e-06
9.999999999999999124e-06
9.999999999999999124e-06
9.999999999999999124e-06
