8.680037419721736355e-03
1.612256383286734748e-02
1.907194191680903345e-02
1.851162008220113078e-02
1.013582395026373963e-02
3.869894357591537135e-03
4.498046327756278183e-03
2.964985731326199962e-03
3.100818368296469688e-03
2.715461360304255792e-03
8.086628980101944484e-04
8.431159795522274927e-04
7.603492246572297842e-04
1.120634059501007113e-03
3.755411876812864884e-04
1.429772403874436009e-03
1.155505404661336154e-03
9.472442726145609976e-04
1.378975674581449677e-03
3.195567388023573736e-04
2.762975449519817616e-04
2.272554659171025252e-04
3.280469504087545952e-04
3.538533716917431409e-04
4.342934505092579749e-04
2.671255747758163532e-04
2.801524818993130265e-04
3.048896487913369262e-04
2.383362053051233417e-04
1.459006367918763594e-04
1.411573630237139174e-04
7.621013557114651661e-05
3.234471123092201735e-04
1.725037156069250742e-04
1.551427240788801466e-04
1.258444908499080112e-04
8.838248816391287952e-05
5.412274552202469690e-05
4.651568238432224317e-05
1.021355776460383127e-04
7.724670620447319439e-05
8.068634022656491793e-05
7.935681867108451378e-05
7.550306527274915904e-05
5.906184191940061289e-05
1.024049770324442655e-04
5.553856256982075431e-05
3.712496190892999621e-05
3.325671854408496496e-05
1.911768635439453629e-05
2.320492762864881137e-05
1.134163430473690246e-05
7.098441805014308515e-06
7.776393544128312017e-06
7.205402692263372717e-06
1.106208092960479772e-05
1.081971793212440561e-05
7.945995113924687428e-06
5.696648949925730162e-06
7.437718577908181002e-06
9.831030372624928243e-06
1.000000000000000251e-05
1.000000000000000251e-05
1.000000000000000251e-05
1.000000000000000251e-05
1.000000000000000251e-05
1.000000000000000251e-05
1.000000000000000251e-05
1.000000000000000251e-05
1.000000000000000251e-05
1.000000000000000251e-05
1.000000000000000251e-05
1.000000000000000251e-05
1.000000000000000251e-05
1.000000000000000251e-05
1.000000000000000251e-05
1.000000000000000251e-05
1.000000000000000251e-05
1.000000000000000251e-05
1.000000000000000251e-05
1.000000000000000251e-05
1.000000000000000251e-05
1.000000000000000251e-05
1.000000000000000251e-05
1.000000000000000251e-05
1.000000000000000251e-05
1.000000000000000251e-05
1.000000000000000251e-05
1.000000000000000251e-05
1.000000000000000251e-05
1.000000000000000251e-05
1.000000000000000251e-05
1.000000000000000251e-05
1.000000000000000251e-05
1.000000000000000251e-05
1.000000000000000251e-05
1.000000000000000251e-05
1.000000000000000251e-05
1.000000000000000251e-05
1.000000000000000251e-05
