5.184335737248002215e-03
1.642228026661547236e-03
1.802912499737953323e-03
2.013092758799889855e-03
2.547754452718454360e-04
1.432865309033028297e-04
2.000202252328788421e-04
3.278665899477160666e-04
5.720331236776483397e-05
6.402072097304755316e-05
3.953672507126996762e-05
2.609820903534748268e-05
6.594087659306870379e-05
1.731132828809600174e-05
1.321138564080478448e-05
7.333081197717870859e-05
2.497770450018766393e-05
4.772341573283369411e-05
2.241168908492215532e-05
7.485070631796659476e-06
2.159942697632256185e-05
1.459735331894605328e-05
7.515820504679402532e-06
1.043184190529915561e-05
5.090871688707119661e-06
6.273246225500900344e-06
7.403156200061810587e-06
6.143759287588011714e-06
5.570928084329739882e-06
5.266133219886948294e-06
6.651919085325443915e-06
4.963185610150563785e-06
5.165269776328730063e-06
5.088703028821122690e-06
5.999521555181023918e-06
5.288970149249882048e-06
5.109649101347911463e-06
4.836764459077921886e-06
6.111524181744309240e-06
4.942576992956527505e-06
5.142238738906517737e-06
5.052563759613600889e-06
5.485009495852532977e-06
5.257028298747829902e-06
5.679370604721056153e-06
6.072164513719424454e-06
6.352968512760106309e-06
5.299003645528614618e-06
5.174724825823665357e-06
6.406151793925173966e-06
6.786783541868268363e-06
6.520961945615314626e-06
5.865506691177156754e-06
5.953863117793795030e-06
6.326783124359754707e-06
6.530069478404874959e-06
6.862806554129905653e-06
9.892497633188221664e-06
9.996813441301090244e-06
1.000000000000000082e-05
1.000000000000000082e-05
1.000000000000000082e-05
1.000000000000000082e-05
1.000000000000000082e-05
1.000000000000000082e-05
1.000000000000000082e-05
1.000000000000000082e-05
1.000000000000000082e-05
1.000000000000000082e-05
1.000000000000000082e-05
1.000000000000000082e-05
1.000000000000000082e-05
1.000000000000000082e-05
1.000000000000000082e-05
1.000000000000000082e-05
1.000000000000000082e-05
1.000000000000000082e-05
1.000000000000000082e-05
1.000000000000000082e-05
1.000000000000000082e-05
1.000000000000000082e-05
1.000000000000000082e-05
1.000000000000000082e-05
1.000000000000000082e-05
1.000000000000000082e-05
1.000000000000000082e-05
1.000000000000000082e-05
1.000000000000000082e-05
1.000000000000000082e-05
1.000000000000000082e-05
1.000000000000000082e-05
1.000000000000000082e-05
1.000000000000000082e-05
1.000000000000000082e-05
1.000000000000000082e-05
1.000000000000000082e-05
1.000000000000000082e-05
1.000000000000000082e-05
1.000000000000000082e-05
1.000000000000000082e-05
