1.393876167633763957e-02
5.064031590638256274e-03
5.834816334063507373e-03
7.228743472185682195e-03
9.514133169313322182e-04
9.434918330047250635e-04
1.943330640701828238e-03
9.867046122814021516e-04
1.757945009052813961e-04
4.909363940966641332e-04
3.644493013902635288e-04
5.943302743472580834e-05
2.304141930916859984e-04
1.630727738153944382e-04
1.425883879069782918e-04
2.888685592011326240e-04
1.449374747915554214e-04
2.439109567231226685e-04
9.628951292691104061e-05
6.388040347630063347e-05
1.155830405497813818e-04
1.172860444032147221e-04
4.854341197649619056e-05
3.945470278577099696e-05
3.068968421359026218e-05
2.876070086658133327e-05
4.638558587107548703e-05
2.749179728158420257e-05
1.249515767800295469e-05
1.469794140745078192e-05
1.851696033910757671e-05
3.095781509725417289e-05
2.225996988756143635e-05
1.843131464196250566e-05
1.995921889064138433e-05
9.861941007649107358e-06
1.509727009935720514e-05
7.311731990598721023e-06
2.488208125547495387e-05
1.366452481123796342e-05
8.180470771957571409e-06
1.857285887423355513e-05
1.248271099095110809e-05
7.841669225136473407e-06
7.807534260066864332e-06
4.968075899975266801e-06
5.287157546775334906e-06
4.781525619537656445e-06
4.781390685486724255e-06
6.180161980969502340e-06
6.070284379757288444e-06
5.440185281106962784e-06
5.262177672192164347e-06
5.500225489491116380e-06
5.948129413683705229e-06
6.171065049384224140e-06
6.656029457897722695e-06
1.000000000000000251e-05
1.000000000000000251e-05
1.000000000000000251e-05
1.000000000000000251e-05
1.000000000000000251e-05
1.000000000000000251e-05
1.000000000000000251e-05
1.000000000000000251e-05
1.000000000000000251e-05
1.000000000000000251e-05
1.000000000000000251e-05
1.000000000000000251e-05
1.000000000000000251e-05
1.000000000000000251e-05
1.000000000000000251e-05
1.000000000000000251e-05
1.000000000000000251e-05
1.000000000000000251e-05
1.000000000000000251e-05
1.000000000000000251e-05
1.000000000000000251e-05
1.000000000000000251e-05
1.000000000000000251e-05
1.000000000000000251e-05
1.000000000000000251e-05
1.000000000000000251e-05
1.000000000000000251e-05
1.000000000000000251e-05
1.000000000000000251e-05
1.000000000000000251e-05
1.000000000000000251e-05
1.000000000000000251e-05
1.000000000000000251e-05
1.000000000000000251e-05
1.000000000000000251e-05
1.000000000000000251e-05
1.000000000000000251e-05
1.000000000000000251e-05
1.000000000000000251e-05
1.000000000000000251e-05
1.000000000000000251e-05
1.000000000000000251e-05
1.000000000000000251e-05
