5.690731516889718788e-02
1.278975689380410993e-02
4.445454819066418234e-02
1.761346540576794184e-02
4.000893001330149690e-03
7.124087845817776363e-03
4.994243989580233502e-03
3.156312152984179671e-03
3.528103623393671635e-03
2.574176383028810994e-03
2.065862431177263505e-03
1.857416833703366080e-03
1.742860608716540870e-03
1.696129050829275897e-03
1.018025755535206973e-03
8.928767053873067462e-04
1.196046461452263425e-03
2.164556035131082710e-03
5.698899719892545641e-04
4.310905384593136710e-04
7.015005814943916758e-04
7.092581077890834770e-04
7.112394307784996889e-04
8.003303397410004450e-04
5.826067547066178911e-04
3.016531746608196955e-04
3.238863293181369510e-04
4.490286709320249147e-04
4.652415675901372979e-04
2.942029152733102943e-04
2.402855139791634776e-04
2.324554639853388749e-04
1.367296930481790788e-04
2.556244596929421633e-04
1.378950233953406713e-04
1.899966896104868263e-04
8.688230948819241077e-05
1.565052403642924685e-04
1.279711337027792338e-04
1.687490774970659680e-04
1.808196777914864340e-04
2.027779421694668883e-04
1.045596346459439922e-04
3.875838394297947097e-05
3.362529585873033443e-05
2.086591546338100248e-05
1.256562663404521660e-05
1.301136064202986703e-05
1.230785439278472444e-05
8.401045446481570855e-06
5.370597503738800589e-06
8.725560034696814638e-06
1.567500748856588737e-05
1.413231805733508364e-05
8.315323357815007218e-06
1.222040606050683179e-05
9.427148717385958534e-06
9.999999999999999124e-06
9.999999999999999124e-06
9.999999999999999124e-06
9.999999999999999124e-06
9.999999999999999124e-06
9.999999999999999124e-06
9.999999999999999124e-06
9.999999999999999124e-06
9.999999999999999124e-06
9.999999999999999124e-06
9.999999999999999124e-06
9.999999999999999124e-06
9.999999999999999124e-06
9.999999999999999124e-06
9.999999999999999124e-06
9.999999999999999124e-06
9.999999999999999124e-06
9.999999999999999124e-06
9.999999999999999124e-06
9.999999999999999124e-06
9.999999999999999124e-06
9.999999999999999124e-06
9.999999999999999124e-06
9.999999999999999124e-06
9.999999999999999124e-06
9.999999999999999124e-06
9.999999999999999124e-06
9.999999999999999124e-06
9.999999999999999124e-06
9.999999999999999124e-06
9.999999999999999124e-06
9.999999999999999124e-06
9.999999999999999124e-06
9.999999999999999124e-06
9.999999999999999124e-06
9.999999999999999124e-06
9.999999999999999124e-06
9.999999999999999124e-06
9.999999999999999124e-06
9.999999999999999124e-06
9.999999999999999124e-06
9.999999999999999124e-06
9.999999999999999124e-06
