6.896281689876929653e-03
7.962794121865421652e-04
9.015930016786351080e-04
1.263022575576401574e-03
4.078514026605061025e-04
1.130074526843756320e-04
1.137151052940017939e-04
6.363834752924986047e-05
1.875982839446573664e-04
1.425217422871848159e-04
6.173144219660017373e-05
3.758639495236340523e-05
4.521719834440184727e-05
3.279824195463364926e-05
1.086795878462931113e-05
6.522266813157435138e-05
5.173429334131986570e-05
1.551308458605405463e-05
9.748434126989794461e-06
1.264648861662628786e-05
1.238607263967525831e-05
1.801307724024160935e-05
1.620157203819580312e-05
8.901562800872616924e-06
1.325341058206644855e-05
7.547359925230132227e-06
5.952453192214368586e-06
7.398526823581647334e-06
6.542303789051121938e-06
5.036685662514070508e-06
6.116475176146253326e-06
4.837455184227296117e-06
5.304341010592570360e-06
5.965490830522807241e-06
5.065429888488699709e-06
5.144413480016760258e-06
4.840158242337068060e-06
5.020443825840700827e-06
5.054774546582872242e-06
5.030898042177449030e-06
5.350178940724267679e-06
5.057180386870717096e-06
5.519074292038463494e-06
6.042957379804744057e-06
5.356706421057853404e-06
5.015928502312429759e-06
6.141235511444611327e-06
6.499224365008380270e-06
5.928123417984423989e-06
5.367485378677522985e-06
5.814258082127717060e-06
6.257429146238793055e-06
6.449481296055731123e-06
7.466426276105692156e-06
9.982464699317365126e-06
9.999999999999999124e-06
9.999999999999999124e-06
9.999999999999999124e-06
9.999999999999999124e-06
9.999999999999999124e-06
9.999999999999999124e-06
9.999999999999999124e-06
9.999999999999999124e-06
9.999999999999999124e-06
9.999999999999999124e-06
9.999999999999999124e-06
9.999999999999999124e-06
9.999999999999999124e-06
9.999999999999999124e-06
9.999999999999999124e-06
9.999999999999999124e-06
9.999999999999999124e-06
9.999999999999999124e-06
9.999999999999999124e-06
9.999999999999999124e-06
9.999999999999999124e-06
9.999999999999999124e-06
9.999999999999999124e-06
9.999999999999999124e-06
9.999999999999999124e-06
9.999999999999999124e-06
9.999999999999999124e-06
9.999999999999999124e-06
9.999999999999999124e-06
9.999999999999999124e-06
9.999999999999999124e-06
9.999999999999999124e-06
9.999999999999999124e-06
9.999999999999999124e-06
9.999999999999999124e-06
9.999999999999999124e-06
9.999999999999999124e-06
9.999999999999999124e-06
9.999999999999999124e-06
9.999999999999999124e-06
9.999999999999999124e-06
9.999999999999999124e-06
9.999999999999999124e-06
9.999999999999999124e-06
9.999999999999999124e-06
