1.070399262441199158e-02
1.451207580869135058e-03
3.215329993153434335e-03
3.518015181317940901e-03
1.268194521514009543e-03
9.173636150878741128e-04
4.007547799671014495e-04
6.968203771581963973e-04
2.753981340230451523e-04
2.389210237483905814e-04
1.328979508179234034e-04
8.193570372553541249e-05
3.025743245767767583e-04
1.398096705480905667e-04
7.562578228569127143e-05
1.403503475101038327e-04
1.760220327010090721e-04
4.042743440680236371e-05
3.769554170608188485e-05
7.892316096260866922e-05
6.229272638990667236e-05
4.916526084266226973e-05
3.107300314805837120e-05
2.656539800406448692e-05
1.592627372676064837e-05
1.944245858112123178e-05
9.968645347137252379e-06
1.464745823211331273e-05
9.246243273293934241e-06
1.011878717147618048e-05
1.273646031203056770e-05
1.330568199413492647e-05
1.137728399213301536e-05
1.255984638037218343e-05
1.161134444876474580e-05
9.051000993689617736e-06
1.095191553660362251e-05
6.898554781531509450e-06
9.143931204020415117e-06
1.265694670728541286e-05
1.846443454177758601e-05
6.404359333428934743e-06
4.829608645998183662e-06
5.241078951994747953e-06
4.846493016630266381e-06
4.978512971198316248e-06
5.981370224276510104e-06
6.172039853769559065e-06
5.270627769612470282e-06
5.013742141820737060e-06
5.412020279464360824e-06
6.136400803631740755e-06
6.333881422571469610e-06
7.624411267499428104e-06
9.985343060363806428e-06
1.000000000000000082e-05
1.000000000000000082e-05
1.000000000000000082e-05
1.000000000000000082e-05
1.000000000000000082e-05
1.000000000000000082e-05
1.000000000000000082e-05
1.000000000000000082e-05
1.000000000000000082e-05
1.000000000000000082e-05
1.000000000000000082e-05
1.000000000000000082e-05
1.000000000000000082e-05
1.000000000000000082e-05
1.000000000000000082e-05
1.000000000000000082e-05
1.000000000000000082e-05
1.000000000000000082e-05
1.000000000000000082e-05
1.000000000000000082e-05
1.000000000000000082e-05
1.000000000000000082e-05
1.000000000000000082e-05
1.000000000000000082e-05
1.000000000000000082e-05
1.000000000000000082e-05
1.000000000000000082e-05
1.000000000000000082e-05
1.000000000000000082e-05
1.000000000000000082e-05
1.000000000000000082e-05
1.000000000000000082e-05
1.000000000000000082e-05
1.000000000000000082e-05
1.000000000000000082e-05
1.000000000000000082e-05
1.000000000000000082e-05
1.000000000000000082e-05
1.000000000000000082e-05
1.000000000000000082e-05
1.000000000000000082e-05
1.000000000000000082e-05
1.000000000000000082e-05
1.000000000000000082e-05
1.000000000000000082e-05
