3.674348854735436098e-02
5.554414401625536353e-03
8.091541364336847855e-03
1.091535889180893226e-02
5.232306029257453167e-03
3.207472771011226492e-03
1.839883165693087996e-03
1.531138469038915160e-03
2.311504090474796307e-03
1.309082953999305592e-03
7.912285728682057206e-04
8.199522893638146875e-04
8.965936130827244525e-04
6.781513385158385084e-04
8.919259178459515956e-04
2.970300010618471642e-04
5.997468920254767728e-04
2.017981075552890784e-04
2.183986141841651066e-04
3.637205316222675232e-04
4.545319986970102247e-04
5.319541904302532275e-04
2.686713688153523935e-04
2.781561377230094812e-04
2.288359120815703588e-04
2.727702364453637551e-04
1.430242748731702640e-04
8.418952421781262152e-05
1.322387858971587281e-04
7.810933031812763462e-05
8.692292500199461612e-05
1.575290800526341474e-04
1.204727340741604339e-04
3.141023515112324976e-05
6.435882834627303984e-05
5.592805338458417173e-05
6.034979469222086392e-05
3.872079160309509433e-05
3.036546962738360014e-05
3.402190511737568720e-05
3.388191436539355044e-05
2.295666944477775461e-05
1.405298682614281508e-05
9.815464176974431727e-06
7.772336096569049194e-06
6.679009311157722960e-06
7.812575235389448400e-06
5.614157348420293767e-06
6.517625762021481744e-06
6.612539078329310622e-06
5.010486537308419420e-06
5.266495780874745153e-06
5.457484262482238441e-06
8.651442712244633083e-06
9.999999999999999124e-06
9.999999999999999124e-06
9.999999999999999124e-06
9.999999999999999124e-06
9.999999999999999124e-06
9.999999999999999124e-06
9.999999999999999124e-06
9.999999999999999124e-06
9.999999999999999124e-06
9.999999999999999124e-06
9.999999999999999124e-06
9.999999999999999124e-06
9.999999999999999124e-06
9.999999999999999124e-06
9.999999999999999124e-06
9.999999999999999124e-06
9.999999999999999124e-06
9.999999999999999124e-06
9.999999999999999124e-06
9.999999999999999124e-06
9.999999999999999124e-06
9.999999999999999124e-06
9.999999999999999124e-06
9.999999999999999124e-06
9.999999999999999124e-06
9.999999999999999124e-06
9.999999999999999124e-06
9.999999999999999124e-06
9.999999999999999124e-06
9.999999999999999124e-06
9.999999999999999124e-06
9.999999999999999124e-06
9.999999999999999124e-06
9.999999999999999124e-06
9.999999999999999124e-06
9.999999999999999124e-06
9.999999999999999124e-06
9.999999999999999124e-06
9.999999999999999124e-06
9.999999999999999124e-06
9.999999999999999124e-06
9.999999999999999124e-06
9.999999999999999124e-06
9.999999999999999124e-06
9.999999999999999124e-06
9.999999999999999124e-06
