3.133764081642569782e-02
6.837870255479004677e-02
1.796323034272725647e-02
1.001609425849209201e-02
8.412223201347587831e-03
8.496976641915053932e-03
3.431919620946590876e-03
8.020423874782460494e-03
3.970620918363875623e-03
2.287333133030020060e-03
1.197987221198974599e-02
7.373393904896472645e-03
1.089308680038335092e-03
1.670652268783204579e-03
1.729322408852634191e-03
2.023730301714898351e-03
1.819260336655023581e-03
5.314784705645073321e-04
8.232534917789680528e-04
1.513514667544941074e-03
5.383524524223667939e-04
5.330154371041036362e-04
5.789688048909864522e-04
4.241254500004982045e-04
3.209589254156782639e-04
3.198569269499748212e-04
2.999036481854698349e-04
2.608948633761942813e-04
1.797831740471477976e-04
1.829395893596933093e-04
1.828783315772676023e-04
1.606122304542682714e-04
1.651684088104279349e-04
1.038272749655342220e-04
8.109748312116663417e-05
9.004699130004095286e-05
9.756593268869330536e-05
8.130832409277623132e-05
9.047147040670451014e-05
9.324685007583391092e-05
8.576108058364917701e-05
1.025321147909623667e-04
1.173198571236014706e-04
6.520538883335415595e-05
7.705387618953438806e-05
6.637723357080453472e-05
6.005154519796127190e-05
5.857152404484691039e-05
6.491316932511274863e-05
7.315455854351720776e-05
5.813902332793588988e-05
5.109255395806382589e-05
8.077507936863578028e-05
7.829224515566425785e-05
5.591159251662993130e-05
5.695548866132157083e-05
5.552273758407977897e-05
5.034447874687199786e-05
5.239364007817241527e-05
6.086046024033316609e-05
5.847404279064647668e-05
6.931261406452152456e-05
5.128508891043892173e-05
4.808632153282242796e-05
3.867881319953015947e-05
3.309291636620402213e-05
2.989139186921955079e-05
3.156179595073176178e-05
3.048340760055180031e-05
2.610765507371356502e-05
1.912954195253933648e-05
2.442785030419677896e-05
2.817136109585789802e-05
3.337545108692088644e-05
2.984939484134328070e-05
2.325981262323202286e-05
1.570740169379139628e-05
1.252818650452818172e-05
8.787908846128815365e-06
5.411479476647224089e-06
5.122766937923402416e-06
6.939107385842605698e-06
9.989108071768208009e-06
1.000000000000000082e-05
1.000000000000000082e-05
1.000000000000000082e-05
1.000000000000000082e-05
1.000000000000000082e-05
1.000000000000000082e-05
1.000000000000000082e-05
1.000000000000000082e-05
1.000000000000000082e-05
1.000000000000000082e-05
1.000000000000000082e-05
1.000000000000000082e-05
1.000000000000000082e-05
1.000000000000000082e-05
1.000000000000000082e-05
1.000000000000000082e-05
1.000000000000000082e-05
