5.288552608356115320e-02
8.161539600806313327e-03
1.681979337436498301e-02
2.038886008059799179e-02
5.585282294195300506e-03
1.375252035524763758e-02
2.467501006545300309e-03
5.581290683295285840e-03
2.021788937910928233e-03
1.643095968759771854e-03
1.494182146294608955e-03
6.596745363214810004e-04
3.131498954952908770e-03
2.306769913839216285e-03
1.439169029351185453e-03
1.285870175072328751e-03
1.659402834156430704e-03
4.194472340452402035e-04
4.551229822946216441e-04
5.015398682625604385e-04
3.199427456568952046e-04
9.552029449105782152e-04
4.465078379225316660e-04
4.626656470554383802e-04
4.599557654411461863e-04
4.384236750273352574e-04
1.343257333197234117e-04
1.365441012910873061e-04
1.145313337962706448e-04
3.391961265667843930e-04
1.131185080306494736e-04
1.021441810898475477e-04
1.764522106731344388e-04
5.946779295584775127e-05
6.418153821622149665e-05
7.822791179111851382e-05
1.659477390763205182e-04
6.646544216507624923e-05
7.609242798520667126e-05
1.222947276643988478e-04
5.854786757888440544e-05
2.910835487803386677e-05
2.495192875604820596e-05
2.137439485066485863e-05
1.485858926919629677e-05
1.638678467521674891e-05
9.545584128367086028e-06
5.617319053878300285e-06
8.082722839169028891e-06
9.185792751413499318e-06
1.004934687972664329e-05
1.157591738389770886e-05
5.893995951023212991e-06
9.810612326728095718e-06
9.999999999999999124e-06
9.999999999999999124e-06
9.999999999999999124e-06
9.999999999999999124e-06
9.999999999999999124e-06
9.999999999999999124e-06
9.999999999999999124e-06
9.999999999999999124e-06
9.999999999999999124e-06
9.999999999999999124e-06
9.999999999999999124e-06
9.999999999999999124e-06
9.999999999999999124e-06
9.999999999999999124e-06
9.999999999999999124e-06
9.999999999999999124e-06
9.999999999999999124e-06
9.999999999999999124e-06
9.999999999999999124e-06
9.999999999999999124e-06
9.999999999999999124e-06
9.999999999999999124e-06
9.999999999999999124e-06
9.999999999999999124e-06
9.999999999999999124e-06
9.999999999999999124e-06
9.999999999999999124e-06
9.999999999999999124e-06
9.999999999999999124e-06
9.999999999999999124e-06
9.999999999999999124e-06
9.999999999999999124e-06
9.999999999999999124e-06
9.999999999999999124e-06
9.999999999999999124e-06
9.999999999999999124e-06
9.999999999999999124e-06
9.999999999999999124e-06
9.999999999999999124e-06
9.999999999999999124e-06
9.999999999999999124e-06
9.999999999999999124e-06
9.999999999999999124e-06
9.999999999999999124e-06
9.999999999999999124e-06
9.999999999999999124e-06
