3.105044912964776641e-03
2.224716189898757318e-04
1.193044938789204670e-03
6.356137161674871175e-04
1.081282275921693946e-03
4.454869059186689485e-04
2.136497604272329554e-04
1.848940363328239111e-04
1.645280538857202073e-04
1.289482656951982504e-04
6.947395053753877957e-05
3.796555223557312704e-05
7.292896742897371270e-05
4.381870104611185413e-05
1.678023340667180314e-05
5.934697057272091808e-05
1.398136681428377360e-05
1.308617430550966695e-05
2.227687399537744202e-05
2.370571392091869403e-05
1.574556668642471686e-05
2.671980741981475706e-05
8.165424381910393580e-06
1.578274092895586982e-05
6.705054980898003297e-06
7.374546306929927320e-06
8.425648996376498227e-06
6.531577073882073446e-06
6.544618211594256377e-06
5.197690171811016513e-06
7.169349930641012276e-06
7.520127560657878026e-06
5.345032314959800748e-06
7.607753809462236758e-06
4.946738710367079121e-06
5.413578655106432554e-06
4.659915051270307398e-06
7.322063945880263457e-06
7.486791569449870482e-06
5.193080196093548053e-06
5.201637095540859210e-06
5.552045116812321670e-06
5.052065935025068866e-06
6.034736426781990774e-06
6.462660260131811269e-06
5.711764305806825670e-06
5.302499494748031437e-06
5.705605932769595477e-06
6.269650556655949178e-06
6.531144168014154928e-06
9.113697169842793425e-06
9.953052296224538490e-06
9.996965646211984670e-06
1.000000000000000082e-05
1.000000000000000082e-05
1.000000000000000082e-05
1.000000000000000082e-05
1.000000000000000082e-05
1.000000000000000082e-05
1.000000000000000082e-05
1.000000000000000082e-05
1.000000000000000082e-05
1.000000000000000082e-05
1.000000000000000082e-05
1.000000000000000082e-05
1.000000000000000082e-05
1.000000000000000082e-05
1.000000000000000082e-05
1.000000000000000082e-05
1.000000000000000082e-05
1.000000000000000082e-05
1.000000000000000082e-05
1.000000000000000082e-05
1.000000000000000082e-05
1.000000000000000082e-05
1.000000000000000082e-05
1.000000000000000082e-05
1.000000000000000082e-05
1.000000000000000082e-05
1.000000000000000082e-05
1.000000000000000082e-05
1.000000000000000082e-05
1.000000000000000082e-05
1.000000000000000082e-05
1.000000000000000082e-05
1.000000000000000082e-05
1.000000000000000082e-05
1.000000000000000082e-05
1.000000000000000082e-05
1.000000000000000082e-05
1.000000000000000082e-05
1.000000000000000082e-05
1.000000000000000082e-05
1.000000000000000082e-05
1.000000000000000082e-05
1.000000000000000082e-05
1.000000000000000082e-05
1.000000000000000082e-05
1.000000000000000082e-05
1.000000000000000082e-05
