3.913652527356677527e-03
1.827292344173230823e-04
6.440012936719837064e-04
7.406897327618051138e-04
1.288014640923935972e-03
4.364314883400134291e-04
1.980917014579250954e-04
2.831528399192191387e-04
2.840327943825431785e-04
1.669364367027684724e-04
8.338157866229030575e-05
5.977718979669753742e-05
1.271514464590778131e-04
3.532324893730233147e-05
3.594366369326225895e-05
1.378949344827639614e-04
2.533729862301384078e-05
3.332294304290308278e-05
3.158289731036424642e-05
1.733246574636414678e-05
3.579502494389000364e-05
3.479377039400759073e-05
1.029556751997922998e-05
3.032757293145988312e-05
8.460762408385634156e-06
1.297933005135576171e-05
9.149720232088673713e-06
5.583955271497453430e-06
6.249549652808936961e-06
4.964196827202079483e-06
6.235761222580842488e-06
9.483685094916614023e-06
5.845765062753289801e-06
5.751937565380624143e-06
6.975278246349387557e-06
5.214403128395820102e-06
4.943722821478471418e-06
6.525734843347094959e-06
6.625756012924874685e-06
4.875037095372479675e-06
5.379461839809185051e-06
5.706290192750470239e-06
5.054641246907338911e-06
6.172958256588884623e-06
6.448520702972787794e-06
5.904838400821645834e-06
5.419259665722052016e-06
5.779029361255928628e-06
6.046710485604832219e-06
6.583986871925329604e-06
9.287044584408887503e-06
1.000000000000000082e-05
1.000000000000000082e-05
1.000000000000000082e-05
1.000000000000000082e-05
1.000000000000000082e-05
1.000000000000000082e-05
1.000000000000000082e-05
1.000000000000000082e-05
1.000000000000000082e-05
1.000000000000000082e-05
1.000000000000000082e-05
1.000000000000000082e-05
1.000000000000000082e-05
1.000000000000000082e-05
1.000000000000000082e-05
1.000000000000000082e-05
1.000000000000000082e-05
1.000000000000000082e-05
1.000000000000000082e-05
1.000000000000000082e-05
1.000000000000000082e-05
1.000000000000000082e-05
1.000000000000000082e-05
1.000000000000000082e-05
1.000000000000000082e-05
1.000000000000000082e-05
1.000000000000000082e-05
1.000000000000000082e-05
1.000000000000000082e-05
1.000000000000000082e-05
1.000000000000000082e-05
1.000000000000000082e-05
1.000000000000000082e-05
1.000000000000000082e-05
1.000000000000000082e-05
1.000000000000000082e-05
1.000000000000000082e-05
1.000000000000000082e-05
1.000000000000000082e-05
1.000000000000000082e-05
1.000000000000000082e-05
1.000000000000000082e-05
1.000000000000000082e-05
1.000000000000000082e-05
1.000000000000000082e-05
1.000000000000000082e-05
1.000000000000000082e-05
1.000000000000000082e-05
1.000000000000000082e-05
