1.000791260852929715e-02
2.754163584153862445e-03
4.452050097626859652e-03
3.252335995014089647e-03
3.885807651610012712e-03
3.116837602602117851e-03
1.839980309136662407e-03
6.314116671596951271e-04
5.573079963733816372e-04
3.559019123233423537e-04
2.867546446532954932e-04
2.960377394599150377e-04
3.747983430931142203e-04
2.721736682533341359e-04
1.774184246255170274e-04
5.628573600976370878e-04
1.447263723951189697e-04
2.434925670791667656e-04
2.529680974719960315e-04
2.415240448562859087e-04
9.588613826024217296e-05
1.086267223793420264e-04
7.747136966538661668e-05
8.088528795766817669e-05
4.531883267620212075e-05
3.489068824815081261e-05
6.308955138473897918e-05
7.528143087717034155e-05
5.635903546635600794e-05
4.317040984685181825e-05
6.139041205483290189e-05
3.451909375328866044e-05
4.763944884987868786e-05
4.428633357416444791e-05
3.511925711529261912e-05
2.780480104475128956e-05
2.403123118357238815e-05
3.771659768603369766e-05
2.375048299251926508e-05
9.871660041972979194e-06
6.223820047235979151e-06
5.299557380558632656e-06
4.934739157168801816e-06
5.259960710390862109e-06
5.087765421706613145e-06
5.205735584475879516e-06
5.874420735489346573e-06
4.883420207262525838e-06
5.088981765970619000e-06
5.087796082263153436e-06
5.531331515658068323e-06
9.992043692027679233e-06
1.000000000000000082e-05
1.000000000000000082e-05
1.000000000000000082e-05
1.000000000000000082e-05
1.000000000000000082e-05
1.000000000000000082e-05
1.000000000000000082e-05
1.000000000000000082e-05
1.000000000000000082e-05
1.000000000000000082e-05
1.000000000000000082e-05
1.000000000000000082e-05
1.000000000000000082e-05
1.000000000000000082e-05
1.000000000000000082e-05
1.000000000000000082e-05
1.000000000000000082e-05
1.000000000000000082e-05
1.000000000000000082e-05
1.000000000000000082e-05
1.000000000000000082e-05
1.000000000000000082e-05
1.000000000000000082e-05
1.000000000000000082e-05
1.000000000000000082e-05
1.000000000000000082e-05
1.000000000000000082e-05
1.000000000000000082e-05
1.000000000000000082e-05
1.000000000000000082e-05
1.000000000000000082e-05
1.000000000000000082e-05
1.000000000000000082e-05
1.000000000000000082e-05
1.000000000000000082e-05
1.000000000000000082e-05
1.000000000000000082e-05
1.000000000000000082e-05
1.000000000000000082e-05
1.000000000000000082e-05
1.000000000000000082e-05
1.000000000000000082e-05
1.000000000000000082e-05
1.000000000000000082e-05
1.000000000000000082e-05
1.000000000000000082e-05
1.000000000000000082e-05
1.000000000000000082e-05
