2.341742998767290876e-02
9.944924220779721713e-03
8.310480066932733959e-03
1.950099178480863352e-02
8.005050818737157597e-03
4.882577518589023211e-03
5.863410448487514810e-03
2.235562383054221555e-03
3.696272097988749939e-03
1.115604438837230952e-03
1.341910296690323329e-03
1.617883378434171885e-03
1.306925751202809606e-03
1.570019396097907917e-03
1.218031427198797666e-03
5.655632307443638753e-04
7.648053983880856704e-04
4.799769122097491576e-04
1.036899221427353647e-03
6.491783604163759271e-04
4.903451631189704746e-04
2.205576233481591373e-04
3.583199285660688266e-04
3.318346021202581478e-04
2.657555787556204201e-04
1.707816725959632762e-04
1.966700482024001868e-04
1.441156778800852878e-04
6.098673745054229776e-05
1.648790645665498518e-04
1.852751403148356416e-04
1.384464136178596846e-04
1.295808117369094768e-04
8.530087226830405424e-05
6.020819760414749893e-05
5.595916106024021526e-05
5.974281618023721054e-05
3.628448123667982585e-05
3.543361569208350266e-05
2.572337245326206351e-05
1.598776690138974501e-05
1.338454209306750645e-05
1.453755200234288116e-05
8.814955308947942068e-06
8.003132194721990743e-06
6.342026602097800278e-06
1.640491153317571324e-05
9.015896417605976230e-06
4.946793033748937471e-06
5.716104418647453282e-06
9.626472759734270882e-06
1.000000000000000082e-05
1.000000000000000082e-05
1.000000000000000082e-05
1.000000000000000082e-05
1.000000000000000082e-05
1.000000000000000082e-05
1.000000000000000082e-05
1.000000000000000082e-05
1.000000000000000082e-05
1.000000000000000082e-05
1.000000000000000082e-05
1.000000000000000082e-05
1.000000000000000082e-05
1.000000000000000082e-05
1.000000000000000082e-05
1.000000000000000082e-05
1.000000000000000082e-05
1.000000000000000082e-05
1.000000000000000082e-05
1.000000000000000082e-05
1.000000000000000082e-05
1.000000000000000082e-05
1.000000000000000082e-05
1.000000000000000082e-05
1.000000000000000082e-05
1.000000000000000082e-05
1.000000000000000082e-05
1.000000000000000082e-05
1.000000000000000082e-05
1.000000000000000082e-05
1.000000000000000082e-05
1.000000000000000082e-05
1.000000000000000082e-05
1.000000000000000082e-05
1.000000000000000082e-05
1.000000000000000082e-05
1.000000000000000082e-05
1.000000000000000082e-05
1.000000000000000082e-05
1.000000000000000082e-05
1.000000000000000082e-05
1.000000000000000082e-05
1.000000000000000082e-05
1.000000000000000082e-05
1.000000000000000082e-05
1.000000000000000082e-05
1.000000000000000082e-05
1.000000000000000082e-05
1.000000000000000082e-05
