2.636853252067413583e-03
5.236210094301282751e-04
1.432160929597329048e-03
5.216422114422006664e-04
8.348892558047846984e-05
1.617103933023419698e-04
6.156211301757724848e-05
1.905458735228842879e-04
5.928510807575603268e-05
1.806822536959181439e-05
2.143387729164282409e-05
1.676198219855313263e-05
1.498886098892119165e-05
2.617873266426172098e-05
1.972184806711455674e-05
2.092426970471316440e-05
6.288352602935857501e-06
1.348780589409637822e-05
5.814817945053668837e-06
6.339819708453989941e-06
5.496715670432892829e-06
5.134606348753332136e-06
5.324835115659644526e-06
6.085487736671156713e-06
4.975998931192659254e-06
5.089423128576194976e-06
5.284310561305396927e-06
5.274927870197785345e-06
5.175502171353528870e-06
5.266615354073720779e-06
5.188754036262071896e-06
5.135843083713580924e-06
5.078053897665438058e-06
5.258525679673814929e-06
5.285591657153005880e-06
5.271375588307116366e-06
5.424056349868908661e-06
5.859813750445330435e-06
6.202357529970037057e-06
5.759153085425623704e-06
5.180053308223749042e-06
6.197570818999393406e-06
6.558030815541220397e-06
5.989245476118458808e-06
5.840553596485496680e-06
6.081388307745575297e-06
6.039606762204400401e-06
6.862620146949867165e-06
9.963515654221005946e-06
9.999999999999999124e-06
9.999999999999999124e-06
9.999999999999999124e-06
9.999999999999999124e-06
9.999999999999999124e-06
9.999999999999999124e-06
9.999999999999999124e-06
9.999999999999999124e-06
9.999999999999999124e-06
9.999999999999999124e-06
9.999999999999999124e-06
9.999999999999999124e-06
9.999999999999999124e-06
9.999999999999999124e-06
9.999999999999999124e-06
9.999999999999999124e-06
9.999999999999999124e-06
9.999999999999999124e-06
9.999999999999999124e-06
9.999999999999999124e-06
9.999999999999999124e-06
9.999999999999999124e-06
9.999999999999999124e-06
9.999999999999999124e-06
9.999999999999999124e-06
9.999999999999999124e-06
9.999999999999999124e-06
9.999999999999999124e-06
9.999999999999999124e-06
9.999999999999999124e-06
9.999999999999999124e-06
9.999999999999999124e-06
9.999999999999999124e-06
9.999999999999999124e-06
9.999999999999999124e-06
9.999999999999999124e-06
9.999999999999999124e-06
9.999999999999999124e-06
9.999999999999999124e-06
9.999999999999999124e-06
9.999999999999999124e-06
9.999999999999999124e-06
9.999999999999999124e-06
9.999999999999999124e-06
9.999999999999999124e-06
9.999999999999999124e-06
9.999999999999999124e-06
9.999999999999999124e-06
9.999999999999999124e-06
9.999999999999999124e-06
9.999999999999999124e-06
