4.477274971573145558e-03
1.568822369368709111e-03
1.563941568733570771e-03
3.366805880487758282e-03
6.622272812045830979e-04
1.336120595054102233e-04
4.502471387659206571e-04
4.632035789767908031e-04
1.031963085724432516e-04
1.892011195031228447e-04
1.115175644767510502e-04
1.427023510188397851e-04
1.096966478061831143e-04
1.503319041951705812e-04
6.681356525978896671e-05
1.751128502441973134e-04
4.220309298342736335e-05
3.426325810352891319e-05
4.566989779531359633e-05
3.630695743776346502e-05
4.238082866526036367e-05
5.775436235689822669e-05
1.787881878980213438e-05
2.502655121983742801e-05
1.360553209347471354e-05
1.457885409678542126e-05
2.004006739893709658e-05
7.587507449648202984e-06
1.479491773225364821e-05
6.969915044867025367e-06
6.281307284537293390e-06
6.402825591966544322e-06
1.073512341991534644e-05
6.297238135086056414e-06
8.005054704608158468e-06
1.451038653513594030e-05
1.048375982679661422e-05
6.239638160628660954e-06
5.377455323845925458e-06
5.382717484709605709e-06
4.984443684449437952e-06
5.836842436734451206e-06
6.100061275742226672e-06
5.493963104080658957e-06
5.580522035675677939e-06
5.797090560914472444e-06
5.886936853375516895e-06
6.430176711181407119e-06
9.938256460263475764e-06
9.978819026342255788e-06
9.984243459606373359e-06
9.996698222554882863e-06
9.993770683404769507e-06
9.996792086915989086e-06
9.996792147148500271e-06
9.999999999999999124e-06
9.999999999999999124e-06
9.999999999999999124e-06
9.999999999999999124e-06
9.999999999999999124e-06
9.999999999999999124e-06
9.999999999999999124e-06
9.999999999999999124e-06
9.999999999999999124e-06
9.999999999999999124e-06
9.999999999999999124e-06
9.999999999999999124e-06
9.999999999999999124e-06
9.999999999999999124e-06
9.999999999999999124e-06
9.999999999999999124e-06
9.999999999999999124e-06
9.999999999999999124e-06
9.999999999999999124e-06
9.999999999999999124e-06
9.999999999999999124e-06
9.999999999999999124e-06
9.999999999999999124e-06
9.999999999999999124e-06
9.999999999999999124e-06
9.999999999999999124e-06
9.999999999999999124e-06
9.999999999999999124e-06
9.999999999999999124e-06
9.999999999999999124e-06
9.999999999999999124e-06
9.999999999999999124e-06
9.999999999999999124e-06
9.999999999999999124e-06
9.999999999999999124e-06
9.999999999999999124e-06
9.999999999999999124e-06
9.999999999999999124e-06
9.999999999999999124e-06
9.999999999999999124e-06
9.999999999999999124e-06
9.999999999999999124e-06
9.999999999999999124e-06
9.999999999999999124e-06
9.999999999999999124e-06
