1.755988080816266866e-02
4.906027161186640728e-03
1.330433585037757611e-02
6.856016030228069547e-03
1.838808530436572639e-03
2.580337841353174885e-03
5.233529052369927190e-04
2.417339083626524228e-03
6.279128182894536678e-04
2.877645360344152918e-04
6.373404437127149196e-04
2.699801943072380650e-04
7.172608990141914878e-04
3.335860066870919888e-04
7.343350482557477275e-04
1.705618261507992831e-04
1.390885337978104450e-04
4.408756959183233711e-04
2.395167199114846756e-04
4.771219224952956482e-04
4.631056954276826761e-04
9.027066433656147164e-05
1.624519213321406325e-04
7.040256395883420283e-05
8.013787934912901679e-05
1.113912572360957373e-04
8.885512767899231322e-05
8.455184304296281561e-05
1.186522339887059356e-04
6.357048744975986679e-05
5.615979567543728947e-05
1.011747291210257665e-04
3.894061710477902353e-05
5.198899511344164484e-05
3.757243495340061322e-05
4.240520751847122954e-05
4.587229929703317221e-05
1.208124749495373386e-05
1.372052099998479504e-05
1.268013019171666937e-05
1.176960103462141395e-05
6.025431595950489861e-06
5.192028450066814046e-06
6.365351726846369383e-06
1.179234839276887970e-05
5.109128220137920058e-06
4.950067026096946176e-06
5.166452641437570492e-06
1.000000000000000082e-05
1.000000000000000082e-05
1.000000000000000082e-05
1.000000000000000082e-05
1.000000000000000082e-05
1.000000000000000082e-05
1.000000000000000082e-05
1.000000000000000082e-05
1.000000000000000082e-05
1.000000000000000082e-05
1.000000000000000082e-05
1.000000000000000082e-05
1.000000000000000082e-05
1.000000000000000082e-05
1.000000000000000082e-05
1.000000000000000082e-05
1.000000000000000082e-05
1.000000000000000082e-05
1.000000000000000082e-05
1.000000000000000082e-05
1.000000000000000082e-05
1.000000000000000082e-05
1.000000000000000082e-05
1.000000000000000082e-05
1.000000000000000082e-05
1.000000000000000082e-05
1.000000000000000082e-05
1.000000000000000082e-05
1.000000000000000082e-05
1.000000000000000082e-05
1.000000000000000082e-05
1.000000000000000082e-05
1.000000000000000082e-05
1.000000000000000082e-05
1.000000000000000082e-05
1.000000000000000082e-05
1.000000000000000082e-05
1.000000000000000082e-05
1.000000000000000082e-05
1.000000000000000082e-05
1.000000000000000082e-05
1.000000000000000082e-05
1.000000000000000082e-05
1.000000000000000082e-05
1.000000000000000082e-05
1.000000000000000082e-05
1.000000000000000082e-05
1.000000000000000082e-05
1.000000000000000082e-05
1.000000000000000082e-05
1.000000000000000082e-05
1.000000000000000082e-05
