2.936877662033214251e-02
7.567803827217931857e-03
2.240887864316841449e-02
1.157824613394572294e-02
2.861405371443882188e-03
4.339750317222498127e-03
1.965427482054143624e-03
3.845286786915139664e-03
1.081178115160794659e-03
1.087678674208756007e-03
1.433866285821627437e-03
9.455603834195112217e-04
1.826692909705140413e-03
8.989910068290338924e-04
1.684707574155895268e-03
3.189395910020197469e-04
3.778944522888773956e-04
9.799123527626204307e-04
4.934832490405555031e-04
3.052644686828511790e-04
7.928698325566984695e-04
2.169299511472158755e-04
2.770374144173215285e-04
1.331664132087375903e-04
3.174975615608779576e-04
2.908041352419301522e-04
1.295844508320229973e-04
3.021387483910252850e-04
1.897691770975734279e-04
2.182664276899608127e-04
1.345157361354544414e-04
9.285457963386316684e-05
1.303209029215191949e-04
1.459477933907960716e-04
6.059018464911454873e-05
1.655168303725522590e-04
1.295198685983950913e-04
6.762619746107840536e-05
2.795348424121878015e-05
2.754522093990477685e-05
2.281346186309699250e-05
9.742373922830975901e-06
6.063681040712817088e-06
1.833995910015930321e-05
1.769259346530038004e-05
1.189727698427337898e-05
5.749026638511114712e-06
6.577353472348773128e-06
9.994687112947810430e-06
1.000000000000000082e-05
1.000000000000000082e-05
1.000000000000000082e-05
1.000000000000000082e-05
1.000000000000000082e-05
1.000000000000000082e-05
1.000000000000000082e-05
1.000000000000000082e-05
1.000000000000000082e-05
1.000000000000000082e-05
1.000000000000000082e-05
1.000000000000000082e-05
1.000000000000000082e-05
1.000000000000000082e-05
1.000000000000000082e-05
1.000000000000000082e-05
1.000000000000000082e-05
1.000000000000000082e-05
1.000000000000000082e-05
1.000000000000000082e-05
1.000000000000000082e-05
1.000000000000000082e-05
1.000000000000000082e-05
1.000000000000000082e-05
1.000000000000000082e-05
1.000000000000000082e-05
1.000000000000000082e-05
1.000000000000000082e-05
1.000000000000000082e-05
1.000000000000000082e-05
1.000000000000000082e-05
1.000000000000000082e-05
1.000000000000000082e-05
1.000000000000000082e-05
1.000000000000000082e-05
1.000000000000000082e-05
1.000000000000000082e-05
1.000000000000000082e-05
1.000000000000000082e-05
1.000000000000000082e-05
1.000000000000000082e-05
1.000000000000000082e-05
1.000000000000000082e-05
1.000000000000000082e-05
1.000000000000000082e-05
1.000000000000000082e-05
1.000000000000000082e-05
1.000000000000000082e-05
1.000000000000000082e-05
1.000000000000000082e-05
1.000000000000000082e-05
