4.004233163499466841e-03
1.013324395124479051e-03
6.753361956232395175e-04
4.141236417672651093e-04
1.244924821065592369e-04
1.518828849447006828e-04
1.228049102991485449e-04
1.602980070356176015e-04
7.459159989265068229e-05
4.994179230730052589e-05
2.879700438459752539e-05
2.298836636792424642e-05
3.683020521079628405e-05
2.719748099030957692e-05
2.832080644024176399e-05
1.294011535346472557e-05
1.373455637950297327e-05
2.110446918434409288e-05
1.216611768502440298e-05
1.744157825489621433e-05
1.172958150978254076e-05
5.108206606132131313e-06
4.927901555220697503e-06
6.447359669919078619e-06
8.824840477317528046e-06
5.599650430138917542e-06
5.448751347055977912e-06
5.535352504162902279e-06
5.107197055307896480e-06
5.548177178107237437e-06
6.174559303576214070e-06
5.439365191888397385e-06
4.842593202960292822e-06
5.611914183246835456e-06
5.402739478279337294e-06
5.015821065178675647e-06
5.531206213063129434e-06
5.089429392994705337e-06
5.050411798070783773e-06
6.226335734912740923e-06
5.968147187728205920e-06
5.511385811542139797e-06
5.735497161685003749e-06
6.346093164131718156e-06
6.487410394370496593e-06
9.681626456108998762e-06
1.000000000000000082e-05
1.000000000000000082e-05
1.000000000000000082e-05
1.000000000000000082e-05
1.000000000000000082e-05
1.000000000000000082e-05
1.000000000000000082e-05
1.000000000000000082e-05
1.000000000000000082e-05
1.000000000000000082e-05
1.000000000000000082e-05
1.000000000000000082e-05
1.000000000000000082e-05
1.000000000000000082e-05
1.000000000000000082e-05
1.000000000000000082e-05
1.000000000000000082e-05
1.000000000000000082e-05
1.000000000000000082e-05
1.000000000000000082e-05
1.000000000000000082e-05
1.000000000000000082e-05
1.000000000000000082e-05
1.000000000000000082e-05
1.000000000000000082e-05
1.000000000000000082e-05
1.000000000000000082e-05
1.000000000000000082e-05
1.000000000000000082e-05
1.000000000000000082e-05
1.000000000000000082e-05
1.000000000000000082e-05
1.000000000000000082e-05
1.000000000000000082e-05
1.000000000000000082e-05
1.000000000000000082e-05
1.000000000000000082e-05
1.000000000000000082e-05
1.000000000000000082e-05
1.000000000000000082e-05
1.000000000000000082e-05
1.000000000000000082e-05
1.000000000000000082e-05
1.000000000000000082e-05
1.000000000000000082e-05
1.000000000000000082e-05
1.000000000000000082e-05
1.000000000000000082e-05
1.000000000000000082e-05
1.000000000000000082e-05
1.000000000000000082e-05
1.000000000000000082e-05
1.000000000000000082e-05
1.000000000000000082e-05
