1.830404389611121896e-02
7.867046472551979253e-03
5.141971847799962567e-03
2.837978450994020890e-03
8.400992282871708183e-04
1.253479188071604457e-04
1.273763517951033864e-03
4.148348867037649304e-04
1.443681015074735558e-03
9.959320922394356446e-04
4.569696747472554057e-04
2.311243375725631152e-04
3.316678395353948785e-04
3.219832990379473147e-04
1.411055244160895855e-04
2.491541809651547199e-04
4.831736932760280061e-05
4.142129203950954089e-05
1.086794937810836966e-04
5.877623529083739255e-05
2.131195127844924162e-05
1.430580479223745798e-05
1.372778875001684086e-05
1.701846124605108372e-05
1.974382915675542216e-05
1.711283903426540317e-05
1.332388169843581192e-05
9.997863236424214077e-06
1.179266566638048841e-05
6.916266397461984618e-06
1.093246413352297779e-05
9.415115079045826210e-06
9.953328327257802958e-06
9.005501937356234256e-06
1.003708367527771095e-05
6.990088473305148073e-06
8.576591260550542011e-06
1.048708369892245687e-05
1.007972427058661646e-05
9.301261904861960288e-06
8.788374532805285177e-06
6.415341868778451289e-06
7.270623738718216844e-06
7.290696710011764077e-06
6.943298127328744245e-06
7.769702435244728951e-06
7.902992370521242513e-06
7.088929991837802893e-06
5.733205325462494554e-06
6.159723184312765122e-06
6.227968393088661833e-06
5.836848626288557612e-06
6.071573394439782333e-06
5.383125257682219608e-06
5.574384727229213593e-06
5.432890016365218899e-06
5.513779377115547669e-06
6.162640284484710472e-06
6.534264254878485385e-06
5.785244759112496510e-06
5.637687269442699778e-06
5.429119032928070960e-06
5.085296482613095138e-06
5.603450222728591341e-06
5.152206608725784231e-06
4.916825914700745133e-06
4.771732163679424058e-06
4.952484217402899948e-06
4.857221258161944743e-06
4.862740546632382471e-06
5.055581702748098907e-06
5.124847033315570891e-06
5.474691079344901446e-06
6.193548366628575928e-06
7.429213233281166650e-06
9.655229041111905867e-06
9.980065625366824230e-06
9.980024695418962465e-06
9.990606613372759572e-06
9.999999999999999124e-06
9.999999999999999124e-06
9.999999999999999124e-06
9.999999999999999124e-06
9.999999999999999124e-06
9.999999999999999124e-06
9.999999999999999124e-06
9.999999999999999124e-06
9.999999999999999124e-06
9.999999999999999124e-06
9.999999999999999124e-06
9.999999999999999124e-06
9.999999999999999124e-06
9.999999999999999124e-06
9.999999999999999124e-06
9.999999999999999124e-06
9.999999999999999124e-06
9.999999999999999124e-06
9.999999999999999124e-06
9.999999999999999124e-06
9.999999999999999124e-06
