8.214799153967285161e-03
3.181800234715437010e-03
3.513056089729820006e-03
7.877908917480651654e-04
1.039862775500400346e-03
8.387415083945744297e-04
4.456617522193920549e-04
1.492383454502976229e-04
3.970126101254081762e-04
1.415506422603777191e-04
1.311979500514220249e-04
1.061958066767815207e-04
2.566281788833850571e-04
1.131748264008192471e-04
7.330454284865651712e-05
7.392403666901623145e-05
1.795942341056438758e-04
9.063546822679178648e-05
4.363902991741171487e-05
7.627091649330942599e-05
2.876638258607603193e-05
4.099065683445612756e-05
1.960640512966463657e-05
1.655066910762730884e-05
2.058048836109136284e-05
1.844472386388327118e-05
1.203465878180399566e-05
1.060472815073826981e-05
1.677674005351908313e-05
7.537850463419932520e-06
1.421070009784576577e-05
6.174174029543840708e-06
8.780298908243928003e-06
1.217518930027945614e-05
1.005483567084851003e-05
5.157290162912673175e-06
5.325907130533764947e-06
4.725161386169961812e-06
4.799491182036020868e-06
5.878509214013062402e-06
5.663628619301660645e-06
5.152793041859194314e-06
5.560398733244159481e-06
6.303522727817360370e-06
6.737457801697696801e-06
9.996054421852517950e-06
1.000000000000000251e-05
1.000000000000000251e-05
1.000000000000000251e-05
1.000000000000000251e-05
1.000000000000000251e-05
1.000000000000000251e-05
1.000000000000000251e-05
1.000000000000000251e-05
1.000000000000000251e-05
1.000000000000000251e-05
1.000000000000000251e-05
1.000000000000000251e-05
1.000000000000000251e-05
1.000000000000000251e-05
1.000000000000000251e-05
1.000000000000000251e-05
1.000000000000000251e-05
1.000000000000000251e-05
1.000000000000000251e-05
1.000000000000000251e-05
1.000000000000000251e-05
1.000000000000000251e-05
1.000000000000000251e-05
1.000000000000000251e-05
1.000000000000000251e-05
1.000000000000000251e-05
1.000000000000000251e-05
1.000000000000000251e-05
1.000000000000000251e-05
1.000000000000000251e-05
1.000000000000000251e-05
1.000000000000000251e-05
1.000000000000000251e-05
1.000000000000000251e-05
1.000000000000000251e-05
1.000000000000000251e-05
1.000000000000000251e-05
1.000000000000000251e-05
1.000000000000000251e-05
1.000000000000000251e-05
1.000000000000000251e-05
1.000000000000000251e-05
1.000000000000000251e-05
1.000000000000000251e-05
1.000000000000000251e-05
1.000000000000000251e-05
1.000000000000000251e-05
1.000000000000000251e-05
1.000000000000000251e-05
1.000000000000000251e-05
1.000000000000000251e-05
1.000000000000000251e-05
1.000000000000000251e-05
1.000000000000000251e-05
