2.104803856747431215e-02
7.514950427258371320e-03
7.250824656509472117e-03
2.699350815989797966e-03
1.909431126041460100e-03
2.788502856977191028e-03
6.087608215404925012e-04
1.614437795461801713e-03
1.330747539400978056e-03
2.860809059153678123e-04
4.012079835426553016e-04
3.871855977598179493e-04
5.742508270311683745e-04
4.826746237122038399e-04
2.933108742778456715e-04
2.493218093026320649e-04
3.907817954008491732e-04
3.335118920453938093e-04
1.885147742539056224e-04
3.107990696986687152e-04
2.861356323234452020e-04
8.614911288814993675e-05
9.662273639079004537e-05
1.221750012748657670e-04
2.089095869123500885e-04
6.057869282876689995e-05
1.374853156836947229e-04
3.610281930604885485e-05
7.644916885311405321e-05
6.220884360569690680e-05
5.014177171870990427e-05
3.941870355158191662e-05
2.208118617199039533e-05
6.602283126334441250e-05
3.219851838409617964e-05
3.627940997929285420e-05
9.380463048870780378e-06
1.058631568866985305e-05
9.554687038068977246e-06
5.921008316467167289e-06
5.110607702348156822e-06
8.380458370061199009e-06
4.945144093134403013e-06
5.524700720050952297e-06
5.543874455636124878e-06
1.000000000000000082e-05
1.000000000000000082e-05
1.000000000000000082e-05
1.000000000000000082e-05
1.000000000000000082e-05
1.000000000000000082e-05
1.000000000000000082e-05
1.000000000000000082e-05
1.000000000000000082e-05
1.000000000000000082e-05
1.000000000000000082e-05
1.000000000000000082e-05
1.000000000000000082e-05
1.000000000000000082e-05
1.000000000000000082e-05
1.000000000000000082e-05
1.000000000000000082e-05
1.000000000000000082e-05
1.000000000000000082e-05
1.000000000000000082e-05
1.000000000000000082e-05
1.000000000000000082e-05
1.000000000000000082e-05
1.000000000000000082e-05
1.000000000000000082e-05
1.000000000000000082e-05
1.000000000000000082e-05
1.000000000000000082e-05
1.000000000000000082e-05
1.000000000000000082e-05
1.000000000000000082e-05
1.000000000000000082e-05
1.000000000000000082e-05
1.000000000000000082e-05
1.000000000000000082e-05
1.000000000000000082e-05
1.000000000000000082e-05
1.000000000000000082e-05
1.000000000000000082e-05
1.000000000000000082e-05
1.000000000000000082e-05
1.000000000000000082e-05
1.000000000000000082e-05
1.000000000000000082e-05
1.000000000000000082e-05
1.000000000000000082e-05
1.000000000000000082e-05
1.000000000000000082e-05
1.000000000000000082e-05
1.000000000000000082e-05
1.000000000000000082e-05
1.000000000000000082e-05
1.000000000000000082e-05
1.000000000000000082e-05
1.000000000000000082e-05
