2.404280408987946940e-02
9.598992939080853645e-03
3.457595673612404944e-03
3.302270620009467323e-03
4.007129771945129246e-03
3.364368057714348884e-03
1.838389178104851132e-03
2.287127081033436381e-03
8.503156312111235507e-04
4.114791204792515433e-04
3.651666693419496437e-04
8.968835492090188781e-04
1.107270773182901210e-03
1.708774989083582108e-03
2.304251838982784720e-04
7.102537586438008744e-04
5.852450867193851160e-04
3.811962599008255660e-04
3.840252917758577847e-04
3.187884332784857600e-04
3.848387738592494987e-04
2.749127047211145122e-04
2.223569884772171490e-04
1.257476267980518303e-04
1.857921496075805822e-04
2.228743342021190167e-04
2.190589895572905767e-04
1.918991224276603898e-04
1.197027583357204180e-04
1.316049193167019560e-04
1.291384139130145360e-04
1.178959336456289031e-04
4.541865564461926899e-05
1.445966310584760465e-04
8.218774524117011652e-05
5.018344271631753489e-05
1.771619777130415297e-05
2.513092879983404559e-05
1.465644156638204933e-05
7.128382183072611549e-06
7.719986070583303590e-06
1.956022624671913950e-05
7.598220774415513411e-06
6.287468436009157912e-06
7.012188257539169965e-06
1.000000000000000082e-05
1.000000000000000082e-05
1.000000000000000082e-05
1.000000000000000082e-05
1.000000000000000082e-05
1.000000000000000082e-05
1.000000000000000082e-05
1.000000000000000082e-05
1.000000000000000082e-05
1.000000000000000082e-05
1.000000000000000082e-05
1.000000000000000082e-05
1.000000000000000082e-05
1.000000000000000082e-05
1.000000000000000082e-05
1.000000000000000082e-05
1.000000000000000082e-05
1.000000000000000082e-05
1.000000000000000082e-05
1.000000000000000082e-05
1.000000000000000082e-05
1.000000000000000082e-05
1.000000000000000082e-05
1.000000000000000082e-05
1.000000000000000082e-05
1.000000000000000082e-05
1.000000000000000082e-05
1.000000000000000082e-05
1.000000000000000082e-05
1.000000000000000082e-05
1.000000000000000082e-05
1.000000000000000082e-05
1.000000000000000082e-05
1.000000000000000082e-05
1.000000000000000082e-05
1.000000000000000082e-05
1.000000000000000082e-05
1.000000000000000082e-05
1.000000000000000082e-05
1.000000000000000082e-05
1.000000000000000082e-05
1.000000000000000082e-05
1.000000000000000082e-05
1.000000000000000082e-05
1.000000000000000082e-05
1.000000000000000082e-05
1.000000000000000082e-05
1.000000000000000082e-05
1.000000000000000082e-05
1.000000000000000082e-05
1.000000000000000082e-05
1.000000000000000082e-05
1.000000000000000082e-05
1.000000000000000082e-05
1.000000000000000082e-05
