1.421937088456600405e-02
4.947516416461803304e-03
6.541063358298511259e-03
3.172301479124607377e-03
1.519319869573484711e-03
5.298737889031612629e-04
5.814393270251232365e-04
3.408482059384514455e-04
5.067959153183959088e-05
1.956523034630111926e-04
1.837213238876088427e-04
1.821642575910991529e-04
1.763446151949757900e-04
7.917816788051553964e-05
3.953040056419469741e-05
1.083116930056565903e-04
5.004177477922238439e-05
5.182161645567234722e-05
2.202814096411580380e-05
3.329288465460147873e-05
1.990481577799285766e-05
8.011525084951327493e-06
4.259201335848815205e-05
3.126055998655164511e-05
1.281031597981308093e-05
7.893254867273714629e-06
1.135108541202770948e-05
1.183373696187036237e-05
1.741099437948127044e-05
9.220343551688323279e-06
9.771349250102811672e-06
1.170298942001052244e-05
1.112144606579672053e-05
4.786107888967592453e-06
5.188546206441333459e-06
4.800360168067970324e-06
5.638984721461325993e-06
5.929533800433707489e-06
5.135765100178657092e-06
5.215429211969792002e-06
5.858968407821883267e-06
6.039855876602874009e-06
9.961005302765657614e-06
1.000000000000000082e-05
1.000000000000000082e-05
1.000000000000000082e-05
1.000000000000000082e-05
1.000000000000000082e-05
1.000000000000000082e-05
1.000000000000000082e-05
1.000000000000000082e-05
1.000000000000000082e-05
1.000000000000000082e-05
1.000000000000000082e-05
1.000000000000000082e-05
1.000000000000000082e-05
1.000000000000000082e-05
1.000000000000000082e-05
1.000000000000000082e-05
1.000000000000000082e-05
1.000000000000000082e-05
1.000000000000000082e-05
1.000000000000000082e-05
1.000000000000000082e-05
1.000000000000000082e-05
1.000000000000000082e-05
1.000000000000000082e-05
1.000000000000000082e-05
1.000000000000000082e-05
1.000000000000000082e-05
1.000000000000000082e-05
1.000000000000000082e-05
1.000000000000000082e-05
1.000000000000000082e-05
1.000000000000000082e-05
1.000000000000000082e-05
1.000000000000000082e-05
1.000000000000000082e-05
1.000000000000000082e-05
1.000000000000000082e-05
1.000000000000000082e-05
1.000000000000000082e-05
1.000000000000000082e-05
1.000000000000000082e-05
1.000000000000000082e-05
1.000000000000000082e-05
1.000000000000000082e-05
1.000000000000000082e-05
1.000000000000000082e-05
1.000000000000000082e-05
1.000000000000000082e-05
1.000000000000000082e-05
1.000000000000000082e-05
1.000000000000000082e-05
1.000000000000000082e-05
1.000000000000000082e-05
1.000000000000000082e-05
1.000000000000000082e-05
1.000000000000000082e-05
1.000000000000000082e-05
