2.914108257368481017e-02
8.826363102179725015e-03
1.425936573365273012e-02
6.979798252189555428e-03
2.830404414215422285e-03
7.495926903994713049e-04
1.885498739463266219e-03
4.847271996736275766e-04
6.370753051171294465e-04
3.257157382055544319e-04
5.702390040468703148e-04
5.773329738513605092e-04
3.573741997860946070e-04
4.017512078074408476e-04
1.684682250568915669e-04
4.019799564823858698e-04
1.445256271009029740e-04
2.675396485828251025e-04
2.148540269213374194e-04
2.447732575634528748e-04
1.179614158517986930e-04
3.388352688566307019e-05
6.275633327329517141e-05
1.097879750065029140e-04
9.886650246789309719e-05
5.607690013597351977e-05
3.328275011349661017e-05
4.590928164114735154e-05
4.230241586302865397e-05
2.448290042136242717e-05
3.149394488552482183e-05
4.089435630318476980e-05
2.525906451565857261e-05
1.357571084867561197e-05
5.305133942912565264e-06
6.984731413949435565e-06
5.632494346058341401e-06
5.275501560520716342e-06
5.372824495686270393e-06
5.023845523051586996e-06
5.367232274988943169e-06
4.809819154899743716e-06
9.874537206691857928e-06
1.000000000000000082e-05
1.000000000000000082e-05
1.000000000000000082e-05
1.000000000000000082e-05
1.000000000000000082e-05
1.000000000000000082e-05
1.000000000000000082e-05
1.000000000000000082e-05
1.000000000000000082e-05
1.000000000000000082e-05
1.000000000000000082e-05
1.000000000000000082e-05
1.000000000000000082e-05
1.000000000000000082e-05
1.000000000000000082e-05
1.000000000000000082e-05
1.000000000000000082e-05
1.000000000000000082e-05
1.000000000000000082e-05
1.000000000000000082e-05
1.000000000000000082e-05
1.000000000000000082e-05
1.000000000000000082e-05
1.000000000000000082e-05
1.000000000000000082e-05
1.000000000000000082e-05
1.000000000000000082e-05
1.000000000000000082e-05
1.000000000000000082e-05
1.000000000000000082e-05
1.000000000000000082e-05
1.000000000000000082e-05
1.000000000000000082e-05
1.000000000000000082e-05
1.000000000000000082e-05
1.000000000000000082e-05
1.000000000000000082e-05
1.000000000000000082e-05
1.000000000000000082e-05
1.000000000000000082e-05
1.000000000000000082e-05
1.000000000000000082e-05
1.000000000000000082e-05
1.000000000000000082e-05
1.000000000000000082e-05
1.000000000000000082e-05
1.000000000000000082e-05
1.000000000000000082e-05
1.000000000000000082e-05
1.000000000000000082e-05
1.000000000000000082e-05
1.000000000000000082e-05
1.000000000000000082e-05
1.000000000000000082e-05
1.000000000000000082e-05
1.000000000000000082e-05
1.000000000000000082e-05
