5.363852298077777941e-02
1.098485192429982625e-02
2.448178899633660088e-02
1.177290170054917130e-02
5.498338102532281460e-03
1.521556266813364451e-03
4.005817789177354600e-03
9.044616828780021505e-04
1.382447722510331050e-03
7.628277105280023129e-04
1.144814555753201563e-03
8.685890525379351716e-04
9.122140993798336312e-04
9.274786647462853872e-04
5.379335971656307343e-04
3.460488853709452911e-04
2.253381093070361361e-04
4.195289239878521176e-04
5.525546583345707996e-04
2.273913908737785399e-04
1.722235441887385806e-04
1.518335403047632321e-04
1.300899475560517236e-04
9.592275191684636684e-05
9.420806206897608794e-05
8.632291981403909472e-05
9.795095593485547952e-05
6.609330113137889856e-05
1.320340794466657479e-04
3.585174870281803138e-05
5.657281170745330669e-05
5.855373399795100136e-05
4.957177357028448610e-05
2.553253860158260331e-05
1.100339270881423815e-05
1.547690069526360394e-05
7.975365801647813174e-06
5.920539886699697024e-06
6.835345030912055950e-06
7.913847106020399020e-06
5.701529071489058678e-06
6.102861111111650492e-06
9.993629330629767943e-06
1.000000000000000082e-05
1.000000000000000082e-05
1.000000000000000082e-05
1.000000000000000082e-05
1.000000000000000082e-05
1.000000000000000082e-05
1.000000000000000082e-05
1.000000000000000082e-05
1.000000000000000082e-05
1.000000000000000082e-05
1.000000000000000082e-05
1.000000000000000082e-05
1.000000000000000082e-05
1.000000000000000082e-05
1.000000000000000082e-05
1.000000000000000082e-05
1.000000000000000082e-05
1.000000000000000082e-05
1.000000000000000082e-05
1.000000000000000082e-05
1.000000000000000082e-05
1.000000000000000082e-05
1.000000000000000082e-05
1.000000000000000082e-05
1.000000000000000082e-05
1.000000000000000082e-05
1.000000000000000082e-05
1.000000000000000082e-05
1.000000000000000082e-05
1.000000000000000082e-05
1.000000000000000082e-05
1.000000000000000082e-05
1.000000000000000082e-05
1.000000000000000082e-05
1.000000000000000082e-05
1.000000000000000082e-05
1.000000000000000082e-05
1.000000000000000082e-05
1.000000000000000082e-05
1.000000000000000082e-05
1.000000000000000082e-05
1.000000000000000082e-05
1.000000000000000082e-05
1.000000000000000082e-05
1.000000000000000082e-05
1.000000000000000082e-05
1.000000000000000082e-05
1.000000000000000082e-05
1.000000000000000082e-05
1.000000000000000082e-05
1.000000000000000082e-05
1.000000000000000082e-05
1.000000000000000082e-05
1.000000000000000082e-05
1.000000000000000082e-05
1.000000000000000082e-05
1.000000000000000082e-05
