1.162765244599990588e-02
3.618759575364776260e-03
2.836558616126225434e-03
7.448553645249505854e-04
4.637374069986384948e-04
2.727503848233632142e-04
6.520230297582974444e-05
5.367142760379055983e-05
1.063547526522776523e-04
3.690837216730787621e-05
9.531375365188124557e-05
4.195086436852582751e-05
5.505296398663024675e-05
3.160066936246619352e-05
4.743924557287007424e-05
2.154761195838435616e-05
1.023584030813370712e-05
8.136880596108837267e-06
9.602695073977543573e-06
7.979908913358838804e-06
7.143347668228402840e-06
5.973663323741934920e-06
7.543437542850404647e-06
5.737932838372052923e-06
4.628826634345649049e-06
4.963278896515195168e-06
4.921922581004175776e-06
6.139408693165841553e-06
4.916839378609650687e-06
5.730504259685022557e-06
4.902212829052277285e-06
5.282876546202540088e-06
5.901006215083754736e-06
4.973816695293369676e-06
5.807465256792946557e-06
6.171325079368427696e-06
5.559917631685059093e-06
5.439747752081574554e-06
6.066034143460133605e-06
6.801106185276113130e-06
9.944151937745335679e-06
1.000000000000000082e-05
1.000000000000000082e-05
1.000000000000000082e-05
1.000000000000000082e-05
1.000000000000000082e-05
1.000000000000000082e-05
1.000000000000000082e-05
1.000000000000000082e-05
1.000000000000000082e-05
1.000000000000000082e-05
1.000000000000000082e-05
1.000000000000000082e-05
1.000000000000000082e-05
1.000000000000000082e-05
1.000000000000000082e-05
1.000000000000000082e-05
1.000000000000000082e-05
1.000000000000000082e-05
1.000000000000000082e-05
1.000000000000000082e-05
1.000000000000000082e-05
1.000000000000000082e-05
1.000000000000000082e-05
1.000000000000000082e-05
1.000000000000000082e-05
1.000000000000000082e-05
1.000000000000000082e-05
1.000000000000000082e-05
1.000000000000000082e-05
1.000000000000000082e-05
1.000000000000000082e-05
1.000000000000000082e-05
1.000000000000000082e-05
1.000000000000000082e-05
1.000000000000000082e-05
1.000000000000000082e-05
1.000000000000000082e-05
1.000000000000000082e-05
1.000000000000000082e-05
1.000000000000000082e-05
1.000000000000000082e-05
1.000000000000000082e-05
1.000000000000000082e-05
1.000000000000000082e-05
1.000000000000000082e-05
1.000000000000000082e-05
1.000000000000000082e-05
1.000000000000000082e-05
1.000000000000000082e-05
1.000000000000000082e-05
1.000000000000000082e-05
1.000000000000000082e-05
1.000000000000000082e-05
1.000000000000000082e-05
1.000000000000000082e-05
1.000000000000000082e-05
1.000000000000000082e-05
1.000000000000000082e-05
1.000000000000000082e-05
