2.155966589450334162e-02
4.549311158513712899e-03
3.415871206690802939e-03
4.875570242302814175e-04
5.098553031237017339e-04
5.353222674569407856e-04
7.885422243480716008e-05
2.783580758809642525e-04
1.038887735820961049e-04
7.165020534926118889e-05
8.614503529418598613e-05
9.743055297494435205e-05
8.976285076900819288e-05
8.683594939400785884e-05
1.479176441450092201e-05
3.423556160667295023e-05
2.027268914537933757e-05
1.038159417462907537e-05
1.707891034229440039e-05
1.794509084142265298e-05
1.290005711152830410e-05
9.703591217871177145e-06
9.174092415257753907e-06
1.233175512879257899e-05
7.671714367554981795e-06
5.132287221231273126e-06
6.591983502010430604e-06
6.392201066142143802e-06
7.362289376849798732e-06
8.398060819872611192e-06
5.630221358964330575e-06
4.754558734826520131e-06
5.675224312965999986e-06
4.934693863443899291e-06
5.707409712123151238e-06
6.089464003311160799e-06
5.458669460737439274e-06
5.707981939278412155e-06
6.447051075279936923e-06
6.519558735096829563e-06
9.815376377853991577e-06
9.999999999999999124e-06
9.999999999999999124e-06
9.999999999999999124e-06
9.999999999999999124e-06
9.999999999999999124e-06
9.999999999999999124e-06
9.999999999999999124e-06
9.999999999999999124e-06
9.999999999999999124e-06
9.999999999999999124e-06
9.999999999999999124e-06
9.999999999999999124e-06
9.999999999999999124e-06
9.999999999999999124e-06
9.999999999999999124e-06
9.999999999999999124e-06
9.999999999999999124e-06
9.999999999999999124e-06
9.999999999999999124e-06
9.999999999999999124e-06
9.999999999999999124e-06
9.999999999999999124e-06
9.999999999999999124e-06
9.999999999999999124e-06
9.999999999999999124e-06
9.999999999999999124e-06
9.999999999999999124e-06
9.999999999999999124e-06
9.999999999999999124e-06
9.999999999999999124e-06
9.999999999999999124e-06
9.999999999999999124e-06
9.999999999999999124e-06
9.999999999999999124e-06
9.999999999999999124e-06
9.999999999999999124e-06
9.999999999999999124e-06
9.999999999999999124e-06
9.999999999999999124e-06
9.999999999999999124e-06
9.999999999999999124e-06
9.999999999999999124e-06
9.999999999999999124e-06
9.999999999999999124e-06
9.999999999999999124e-06
9.999999999999999124e-06
9.999999999999999124e-06
9.999999999999999124e-06
9.999999999999999124e-06
9.999999999999999124e-06
9.999999999999999124e-06
9.999999999999999124e-06
9.999999999999999124e-06
9.999999999999999124e-06
9.999999999999999124e-06
9.999999999999999124e-06
9.999999999999999124e-06
9.999999999999999124e-06
9.999999999999999124e-06
