4.122948895770899708e-02
8.721537300709592336e-03
1.351013340276773812e-02
5.197098054873015675e-03
1.661119243684707142e-03
1.797010450791710961e-03
1.517965310116444920e-03
2.356998670877198698e-04
4.095939332714347765e-04
6.836633780803916911e-04
5.796591430934110905e-04
3.350299516278338057e-04
4.370996282532104522e-04
2.261978378489074980e-04
1.336163807948255249e-04
2.924244325288947034e-04
1.724229462733299406e-04
1.421174597771676271e-04
1.946527919505083382e-04
5.406408736177731349e-05
1.130515635528879075e-04
7.740546818168696317e-05
2.902129407517765338e-05
5.137761740054672295e-05
6.953772988409696366e-05
2.792689992978461623e-05
4.384365167531963737e-05
3.271896803150499958e-05
2.944049016573301408e-05
3.242799648993994788e-05
2.643065441415933968e-05
1.835873342264434600e-05
6.432918983648442471e-06
6.222716044261220634e-06
5.287185592838357003e-06
4.994928837277088747e-06
6.637821700315197631e-06
4.785824565866062441e-06
5.159356938369442275e-06
5.485559084048301061e-06
9.999616894134567727e-06
1.000000000000000082e-05
1.000000000000000082e-05
1.000000000000000082e-05
1.000000000000000082e-05
1.000000000000000082e-05
1.000000000000000082e-05
1.000000000000000082e-05
1.000000000000000082e-05
1.000000000000000082e-05
1.000000000000000082e-05
1.000000000000000082e-05
1.000000000000000082e-05
1.000000000000000082e-05
1.000000000000000082e-05
1.000000000000000082e-05
1.000000000000000082e-05
1.000000000000000082e-05
1.000000000000000082e-05
1.000000000000000082e-05
1.000000000000000082e-05
1.000000000000000082e-05
1.000000000000000082e-05
1.000000000000000082e-05
1.000000000000000082e-05
1.000000000000000082e-05
1.000000000000000082e-05
1.000000000000000082e-05
1.000000000000000082e-05
1.000000000000000082e-05
1.000000000000000082e-05
1.000000000000000082e-05
1.000000000000000082e-05
1.000000000000000082e-05
1.000000000000000082e-05
1.000000000000000082e-05
1.000000000000000082e-05
1.000000000000000082e-05
1.000000000000000082e-05
1.000000000000000082e-05
1.000000000000000082e-05
1.000000000000000082e-05
1.000000000000000082e-05
1.000000000000000082e-05
1.000000000000000082e-05
1.000000000000000082e-05
1.000000000000000082e-05
1.000000000000000082e-05
1.000000000000000082e-05
1.000000000000000082e-05
1.000000000000000082e-05
1.000000000000000082e-05
1.000000000000000082e-05
1.000000000000000082e-05
1.000000000000000082e-05
1.000000000000000082e-05
1.000000000000000082e-05
1.000000000000000082e-05
1.000000000000000082e-05
1.000000000000000082e-05
