3.485851331245176654e-02
1.425766833917768012e-02
8.263104485047046213e-03
5.212702544603261406e-03
3.276605301846058707e-03
6.576353493858615520e-04
5.897187568150241178e-03
7.271728790799455522e-04
2.250315976426970222e-03
2.572000898887317945e-03
1.529548819921973781e-03
1.158199803029950426e-03
8.841279712961838504e-04
8.541752299599411581e-04
4.773329941742862604e-04
8.435273512754226525e-04
1.356364984515693131e-04
2.588127511655829429e-04
5.096300931987861023e-04
1.452454905068426721e-04
1.198039987150693761e-04
8.911168727391289147e-05
5.092871918652859249e-05
3.703597493959961273e-05
6.116605070044509366e-05
4.768445797019420386e-05
3.917909290151284311e-05
4.969903291882816517e-05
4.566007221058379195e-05
2.803452798584396926e-05
4.247908127331094129e-05
2.992095299512469021e-05
2.814338308721817190e-05
2.481939081851358938e-05
2.533740829897402193e-05
1.987788873457039271e-05
2.601552237434836458e-05
2.874536931550092752e-05
2.750226988765083451e-05
2.577453986829582083e-05
2.413033150934188015e-05
2.085289555988053940e-05
2.255517584589248050e-05
2.041677658026702383e-05
1.861637976688073961e-05
1.912031361875503308e-05
1.860712883145230478e-05
1.695069703390541290e-05
1.418339913896781102e-05
1.443767054989638496e-05
1.688201779683824760e-05
1.719538852666612177e-05
1.485168805338648865e-05
1.247520139337776217e-05
1.414186751079494567e-05
1.941250338677303727e-05
2.223809425424418294e-05
1.857556096419246699e-05
2.012298807347403745e-05
1.877022581624694899e-05
1.843633935627593372e-05
1.754422364690464231e-05
1.713149241370386967e-05
1.596643916514517024e-05
1.537728388396880771e-05
1.356856027679343979e-05
1.151685245737368174e-05
1.166719648801546581e-05
1.165157466869694080e-05
1.083927376665290956e-05
9.194711919834351981e-06
8.134987945344965006e-06
7.590967190219382833e-06
7.795308926581407771e-06
8.245856117960591330e-06
8.086120328402442731e-06
9.416534510140019208e-06
9.675296727468291503e-06
9.313692165277651186e-06
9.624108552826403883e-06
9.522377083878976749e-06
1.099539130254517645e-05
1.012367699596177524e-05
9.776929073351966169e-06
1.048814044694402413e-05
9.733102746338829741e-06
9.734595940219693274e-06
9.720625086422215742e-06
8.764758711392079023e-06
8.972257348927715717e-06
9.449822524272649424e-06
9.272212596310864781e-06
8.828721053210602767e-06
1.099841824675151805e-05
1.119466619741670361e-05
8.729429310019036676e-06
8.932077610450781075e-06
7.282228076552571383e-06
7.307572970937649507e-06
6.958569668915404011e-06
