1.074099155398047373e-01
3.428569253068096401e-02
1.519924457751003002e-02
1.094988022444441829e-02
6.885466668340001206e-03
8.663714586610716042e-03
7.556998221308745302e-04
1.167407469331270759e-03
9.510462138757857760e-04
8.943764623079824812e-04
1.977713274365592612e-03
1.780351954126344885e-03
1.302873643697169100e-03
7.240587760270370899e-04
7.684178344749537353e-04
2.946653366338974596e-04
4.832523867689758829e-04
3.134908873520374792e-04
4.185394170884627787e-04
2.734890773856286906e-04
1.371439163585119910e-04
2.171438977792933083e-04
2.713740580608582664e-04
7.981770261782165617e-05
1.541184600620422180e-04
1.363421153008759603e-04
1.124100363650451197e-04
1.439849873389798028e-04
1.146212630197630458e-04
1.272386412164476456e-04
1.205287068363567068e-04
3.218783685085838066e-05
1.670629054565601128e-05
9.827761172056397493e-06
7.244033241271292160e-06
6.215536952464678289e-06
1.544658759457744369e-05
1.044349552005268703e-05
6.236567601105152608e-06
9.137214319384809089e-06
9.987975636773792601e-06
1.000000000000000082e-05
1.000000000000000082e-05
1.000000000000000082e-05
1.000000000000000082e-05
1.000000000000000082e-05
1.000000000000000082e-05
1.000000000000000082e-05
1.000000000000000082e-05
1.000000000000000082e-05
1.000000000000000082e-05
1.000000000000000082e-05
1.000000000000000082e-05
1.000000000000000082e-05
1.000000000000000082e-05
1.000000000000000082e-05
1.000000000000000082e-05
1.000000000000000082e-05
1.000000000000000082e-05
1.000000000000000082e-05
1.000000000000000082e-05
1.000000000000000082e-05
1.000000000000000082e-05
1.000000000000000082e-05
1.000000000000000082e-05
1.000000000000000082e-05
1.000000000000000082e-05
1.000000000000000082e-05
1.000000000000000082e-05
1.000000000000000082e-05
1.000000000000000082e-05
1.000000000000000082e-05
1.000000000000000082e-05
1.000000000000000082e-05
1.000000000000000082e-05
1.000000000000000082e-05
1.000000000000000082e-05
1.000000000000000082e-05
1.000000000000000082e-05
1.000000000000000082e-05
1.000000000000000082e-05
1.000000000000000082e-05
1.000000000000000082e-05
1.000000000000000082e-05
1.000000000000000082e-05
1.000000000000000082e-05
1.000000000000000082e-05
1.000000000000000082e-05
1.000000000000000082e-05
1.000000000000000082e-05
1.000000000000000082e-05
1.000000000000000082e-05
1.000000000000000082e-05
1.000000000000000082e-05
1.000000000000000082e-05
1.000000000000000082e-05
1.000000000000000082e-05
1.000000000000000082e-05
1.000000000000000082e-05
1.000000000000000082e-05
