1.294743875480070493e-02
4.547261911116907106e-03
1.534373862721705607e-03
9.353106359973107665e-04
2.509079104284685376e-04
3.842754243880460298e-04
1.739011418908127530e-04
1.452003649834022309e-04
9.731303586651735178e-05
6.185050889784978975e-05
1.151565264613904258e-04
1.206159145831220414e-04
4.437415448325514626e-05
4.564563154607527705e-05
4.851521613450906551e-05
3.167689474037265287e-05
2.166318779547759301e-05
1.503414137676325116e-05
7.627946760727942294e-06
1.435698480151203074e-05
1.036237764629360417e-05
1.535464040734331098e-05
6.410793933077093981e-06
5.193152072386243096e-06
4.924549353901207286e-06
5.174255829452981702e-06
6.117879117590708774e-06
6.061116382656951771e-06
9.433848098814667801e-06
5.082232114899764606e-06
6.004257264170192035e-06
4.962223155414116033e-06
5.617563761902924789e-06
5.946616390353208830e-06
5.373880107087560615e-06
5.669050960468145421e-06
6.377480159551540478e-06
7.406816168888198070e-06
9.984312763604536822e-06
9.994309659141554199e-06
9.996728759516885094e-06
1.000000000000000082e-05
1.000000000000000082e-05
1.000000000000000082e-05
1.000000000000000082e-05
1.000000000000000082e-05
1.000000000000000082e-05
1.000000000000000082e-05
1.000000000000000082e-05
1.000000000000000082e-05
1.000000000000000082e-05
1.000000000000000082e-05
1.000000000000000082e-05
1.000000000000000082e-05
1.000000000000000082e-05
1.000000000000000082e-05
1.000000000000000082e-05
1.000000000000000082e-05
1.000000000000000082e-05
1.000000000000000082e-05
1.000000000000000082e-05
1.000000000000000082e-05
1.000000000000000082e-05
1.000000000000000082e-05
1.000000000000000082e-05
1.000000000000000082e-05
1.000000000000000082e-05
1.000000000000000082e-05
1.000000000000000082e-05
1.000000000000000082e-05
1.000000000000000082e-05
1.000000000000000082e-05
1.000000000000000082e-05
1.000000000000000082e-05
1.000000000000000082e-05
1.000000000000000082e-05
1.000000000000000082e-05
1.000000000000000082e-05
1.000000000000000082e-05
1.000000000000000082e-05
1.000000000000000082e-05
1.000000000000000082e-05
1.000000000000000082e-05
1.000000000000000082e-05
1.000000000000000082e-05
1.000000000000000082e-05
1.000000000000000082e-05
1.000000000000000082e-05
1.000000000000000082e-05
1.000000000000000082e-05
1.000000000000000082e-05
1.000000000000000082e-05
1.000000000000000082e-05
1.000000000000000082e-05
1.000000000000000082e-05
1.000000000000000082e-05
1.000000000000000082e-05
1.000000000000000082e-05
1.000000000000000082e-05
1.000000000000000082e-05
