2.696798507404942619e-02
1.019376200953705375e-02
3.882335595564234861e-03
2.729604981903517320e-03
1.214230234625772106e-03
1.185507123295059199e-03
8.257283034965829738e-04
7.612049467487063672e-04
3.588716336666480976e-04
1.480348565250146910e-04
3.697207141263579057e-04
5.609308874395517062e-04
1.444636953478594266e-04
1.834353000333547906e-04
3.334496573129415290e-04
2.640081280772299034e-04
8.601088063747796381e-05
9.160198325409067515e-05
2.126250251187155162e-05
3.070955178255223295e-05
3.540917864182725522e-05
3.130558030825454684e-05
4.420494254790297304e-05
2.470234506952421569e-05
2.983102674697152960e-05
1.519444186795247255e-05
1.881339521419852329e-05
1.786856576987653101e-05
2.263710012162222572e-05
4.717117358187641284e-06
5.182328141016173072e-06
4.860305769796520072e-06
5.414300373434513038e-06
5.719703718995105945e-06
5.059953577117253389e-06
5.432552955004065761e-06
5.829568112219654703e-06
6.247543528610486541e-06
9.996838696257085851e-06
9.999999999999999124e-06
9.999999999999999124e-06
9.999999999999999124e-06
9.999999999999999124e-06
9.999999999999999124e-06
9.999999999999999124e-06
9.999999999999999124e-06
9.999999999999999124e-06
9.999999999999999124e-06
9.999999999999999124e-06
9.999999999999999124e-06
9.999999999999999124e-06
9.999999999999999124e-06
9.999999999999999124e-06
9.999999999999999124e-06
9.999999999999999124e-06
9.999999999999999124e-06
9.999999999999999124e-06
9.999999999999999124e-06
9.999999999999999124e-06
9.999999999999999124e-06
9.999999999999999124e-06
9.999999999999999124e-06
9.999999999999999124e-06
9.999999999999999124e-06
9.999999999999999124e-06
9.999999999999999124e-06
9.999999999999999124e-06
9.999999999999999124e-06
9.999999999999999124e-06
9.999999999999999124e-06
9.999999999999999124e-06
9.999999999999999124e-06
9.999999999999999124e-06
9.999999999999999124e-06
9.999999999999999124e-06
9.999999999999999124e-06
9.999999999999999124e-06
9.999999999999999124e-06
9.999999999999999124e-06
9.999999999999999124e-06
9.999999999999999124e-06
9.999999999999999124e-06
9.999999999999999124e-06
9.999999999999999124e-06
9.999999999999999124e-06
9.999999999999999124e-06
9.999999999999999124e-06
9.999999999999999124e-06
9.999999999999999124e-06
9.999999999999999124e-06
9.999999999999999124e-06
9.999999999999999124e-06
9.999999999999999124e-06
9.999999999999999124e-06
9.999999999999999124e-06
9.999999999999999124e-06
9.999999999999999124e-06
9.999999999999999124e-06
9.999999999999999124e-06
9.999999999999999124e-06
