3.641332333652256420e-02
8.780682845994975186e-03
8.157374639812182623e-03
1.578246388263784784e-03
1.241670740003400844e-03
1.076068617174778851e-03
1.564105902124162794e-03
9.089025286044080275e-04
7.554446948363236500e-04
5.072451381294211222e-04
1.528755562518339711e-04
6.849020571063224204e-04
3.524934197534927076e-04
7.484163499322931149e-04
3.609880962081587021e-04
1.009491430965841954e-04
1.114863782945524719e-04
2.529329542811943046e-04
1.254704794015755150e-04
3.525816380486202905e-05
4.760075496432618786e-05
8.409272636182109405e-05
9.234985333161739650e-05
3.918487920214536906e-05
2.170612047489744491e-05
4.330678361249139810e-05
4.617779174175152813e-05
3.656408823031529718e-05
1.852174822109930991e-05
1.793813673895162320e-05
6.207755856033766172e-06
6.862747431014504762e-06
6.266404467073725802e-06
4.926605557818971716e-06
6.348158093086352441e-06
5.461520076130574909e-06
4.783749997507052167e-06
5.177135201630505972e-06
9.999999999999999124e-06
9.999999999999999124e-06
9.999999999999999124e-06
9.999999999999999124e-06
9.999999999999999124e-06
9.999999999999999124e-06
9.999999999999999124e-06
9.999999999999999124e-06
9.999999999999999124e-06
9.999999999999999124e-06
9.999999999999999124e-06
9.999999999999999124e-06
9.999999999999999124e-06
9.999999999999999124e-06
9.999999999999999124e-06
9.999999999999999124e-06
9.999999999999999124e-06
9.999999999999999124e-06
9.999999999999999124e-06
9.999999999999999124e-06
9.999999999999999124e-06
9.999999999999999124e-06
9.999999999999999124e-06
9.999999999999999124e-06
9.999999999999999124e-06
9.999999999999999124e-06
9.999999999999999124e-06
9.999999999999999124e-06
9.999999999999999124e-06
9.999999999999999124e-06
9.999999999999999124e-06
9.999999999999999124e-06
9.999999999999999124e-06
9.999999999999999124e-06
9.999999999999999124e-06
9.999999999999999124e-06
9.999999999999999124e-06
9.999999999999999124e-06
9.999999999999999124e-06
9.999999999999999124e-06
9.999999999999999124e-06
9.999999999999999124e-06
9.999999999999999124e-06
9.999999999999999124e-06
9.999999999999999124e-06
9.999999999999999124e-06
9.999999999999999124e-06
9.999999999999999124e-06
9.999999999999999124e-06
9.999999999999999124e-06
9.999999999999999124e-06
9.999999999999999124e-06
9.999999999999999124e-06
9.999999999999999124e-06
9.999999999999999124e-06
9.999999999999999124e-06
9.999999999999999124e-06
9.999999999999999124e-06
9.999999999999999124e-06
9.999999999999999124e-06
9.999999999999999124e-06
9.999999999999999124e-06
