7.545095760096651172e-02
9.557218491225137960e-03
2.699512387321425719e-02
2.838549003478904337e-03
9.006571574060331063e-04
2.485072335758767639e-03
2.982952612746985182e-03
9.879412024171990974e-04
2.187794863605219738e-03
9.418087505113827834e-04
6.992157430750463656e-04
1.283579006806805523e-03
3.976510777787526816e-04
3.581437661670752617e-04
5.309872719487370926e-04
4.905738007879396553e-04
4.789076236890454376e-04
2.460790635243918149e-04
3.001481528066975526e-04
1.011835477266004405e-04
2.534874553839658816e-04
1.998897976242899909e-04
1.664952614311911324e-04
1.162093628983133537e-04
1.558901506600741515e-04
9.964692701530111166e-05
7.342646045144225850e-05
4.767301270207980116e-05
1.202414034449676358e-04
3.996270040857475425e-05
1.863014633558595176e-05
1.538576895564270348e-05
5.742465181418322764e-06
7.840998845381617056e-06
1.461709741737915189e-05
9.299510038143200087e-06
5.633635302067587397e-06
5.468178046916218379e-06
9.999999999999999124e-06
9.999999999999999124e-06
9.999999999999999124e-06
9.999999999999999124e-06
9.999999999999999124e-06
9.999999999999999124e-06
9.999999999999999124e-06
9.999999999999999124e-06
9.999999999999999124e-06
9.999999999999999124e-06
9.999999999999999124e-06
9.999999999999999124e-06
9.999999999999999124e-06
9.999999999999999124e-06
9.999999999999999124e-06
9.999999999999999124e-06
9.999999999999999124e-06
9.999999999999999124e-06
9.999999999999999124e-06
9.999999999999999124e-06
9.999999999999999124e-06
9.999999999999999124e-06
9.999999999999999124e-06
9.999999999999999124e-06
9.999999999999999124e-06
9.999999999999999124e-06
9.999999999999999124e-06
9.999999999999999124e-06
9.999999999999999124e-06
9.999999999999999124e-06
9.999999999999999124e-06
9.999999999999999124e-06
9.999999999999999124e-06
9.999999999999999124e-06
9.999999999999999124e-06
9.999999999999999124e-06
9.999999999999999124e-06
9.999999999999999124e-06
9.999999999999999124e-06
9.999999999999999124e-06
9.999999999999999124e-06
9.999999999999999124e-06
9.999999999999999124e-06
9.999999999999999124e-06
9.999999999999999124e-06
9.999999999999999124e-06
9.999999999999999124e-06
9.999999999999999124e-06
9.999999999999999124e-06
9.999999999999999124e-06
9.999999999999999124e-06
9.999999999999999124e-06
9.999999999999999124e-06
9.999999999999999124e-06
9.999999999999999124e-06
9.999999999999999124e-06
9.999999999999999124e-06
9.999999999999999124e-06
9.999999999999999124e-06
9.999999999999999124e-06
9.999999999999999124e-06
9.999999999999999124e-06
