6.057438324407959755e-03
2.232066430982507059e-03
3.338047284331993950e-03
4.156954800651523952e-04
4.947328841875502222e-04
1.948915113467655097e-04
8.518324372017595898e-05
6.676328451670024986e-05
3.250043768695536788e-05
3.386354967490505708e-05
5.747462041219386739e-05
2.217511918190085649e-05
1.923426797461095543e-05
2.261285557917423961e-05
1.851989467617226202e-05
1.204285354992227434e-05
9.742488880735433607e-06
5.230052812758923356e-06
9.703668761081534990e-06
4.993139414135148905e-06
7.721484375328666004e-06
4.808203945397000311e-06
5.225871640768986328e-06
5.390034490064136090e-06
5.309492509531785477e-06
4.717631583743964553e-06
6.950797286409808210e-06
5.459084007748513772e-06
5.226547191139295032e-06
4.706987319010777065e-06
4.813488317597510198e-06
5.835435402369941167e-06
5.248507499835591238e-06
5.532861294802547190e-06
5.970050835791746555e-06
7.581797048704646148e-06
9.997420744310659560e-06
9.999999999999999124e-06
9.999999999999999124e-06
9.999999999999999124e-06
9.999999999999999124e-06
9.999999999999999124e-06
9.999999999999999124e-06
9.999999999999999124e-06
9.999999999999999124e-06
9.999999999999999124e-06
9.999999999999999124e-06
9.999999999999999124e-06
9.999999999999999124e-06
9.999999999999999124e-06
9.999999999999999124e-06
9.999999999999999124e-06
9.999999999999999124e-06
9.999999999999999124e-06
9.999999999999999124e-06
9.999999999999999124e-06
9.999999999999999124e-06
9.999999999999999124e-06
9.999999999999999124e-06
9.999999999999999124e-06
9.999999999999999124e-06
9.999999999999999124e-06
9.999999999999999124e-06
9.999999999999999124e-06
9.999999999999999124e-06
9.999999999999999124e-06
9.999999999999999124e-06
9.999999999999999124e-06
9.999999999999999124e-06
9.999999999999999124e-06
9.999999999999999124e-06
9.999999999999999124e-06
9.999999999999999124e-06
9.999999999999999124e-06
9.999999999999999124e-06
9.999999999999999124e-06
9.999999999999999124e-06
9.999999999999999124e-06
9.999999999999999124e-06
9.999999999999999124e-06
9.999999999999999124e-06
9.999999999999999124e-06
9.999999999999999124e-06
9.999999999999999124e-06
9.999999999999999124e-06
9.999999999999999124e-06
9.999999999999999124e-06
9.999999999999999124e-06
9.999999999999999124e-06
9.999999999999999124e-06
9.999999999999999124e-06
9.999999999999999124e-06
9.999999999999999124e-06
9.999999999999999124e-06
9.999999999999999124e-06
9.999999999999999124e-06
9.999999999999999124e-06
9.999999999999999124e-06
9.999999999999999124e-06
9.999999999999999124e-06
