9.611387939373616102e-03
4.688194192528718357e-03
2.967879475760121059e-03
6.944504767218722579e-04
4.790150579484734467e-04
6.571915371338613726e-04
1.787306684778385316e-04
2.720454583635928511e-04
1.315136843926977732e-04
3.326913362395508811e-04
1.223209139441317004e-04
1.475126445942389947e-04
1.016791901902975795e-04
1.097892523227714842e-04
6.396950624724124092e-05
6.525295239828269353e-05
3.676927982343802088e-05
1.423074349187021314e-05
1.793805668115696381e-05
1.878755650401006794e-05
2.193003192877917871e-05
7.635741612958881291e-06
1.470070337883133986e-05
1.091321618336161776e-05
1.024045650872070627e-05
6.728936124724580176e-06
1.161319551707980975e-05
6.494712667384263425e-06
5.075922495003399928e-06
4.722506968828801377e-06
4.759378991007264404e-06
5.705486164728931190e-06
5.158946360364504000e-06
5.626003036575511038e-06
6.052729680165119511e-06
7.518650946308739532e-06
9.999999999999999124e-06
9.999999999999999124e-06
9.999999999999999124e-06
9.999999999999999124e-06
9.999999999999999124e-06
9.999999999999999124e-06
9.999999999999999124e-06
9.999999999999999124e-06
9.999999999999999124e-06
9.999999999999999124e-06
9.999999999999999124e-06
9.999999999999999124e-06
9.999999999999999124e-06
9.999999999999999124e-06
9.999999999999999124e-06
9.999999999999999124e-06
9.999999999999999124e-06
9.999999999999999124e-06
9.999999999999999124e-06
9.999999999999999124e-06
9.999999999999999124e-06
9.999999999999999124e-06
9.999999999999999124e-06
9.999999999999999124e-06
9.999999999999999124e-06
9.999999999999999124e-06
9.999999999999999124e-06
9.999999999999999124e-06
9.999999999999999124e-06
9.999999999999999124e-06
9.999999999999999124e-06
9.999999999999999124e-06
9.999999999999999124e-06
9.999999999999999124e-06
9.999999999999999124e-06
9.999999999999999124e-06
9.999999999999999124e-06
9.999999999999999124e-06
9.999999999999999124e-06
9.999999999999999124e-06
9.999999999999999124e-06
9.999999999999999124e-06
9.999999999999999124e-06
9.999999999999999124e-06
9.999999999999999124e-06
9.999999999999999124e-06
9.999999999999999124e-06
9.999999999999999124e-06
9.999999999999999124e-06
9.999999999999999124e-06
9.999999999999999124e-06
9.999999999999999124e-06
9.999999999999999124e-06
9.999999999999999124e-06
9.999999999999999124e-06
9.999999999999999124e-06
9.999999999999999124e-06
9.999999999999999124e-06
9.999999999999999124e-06
9.999999999999999124e-06
9.999999999999999124e-06
9.999999999999999124e-06
9.999999999999999124e-06
9.999999999999999124e-06
