2.695394067284039713e-02
9.503016680491371132e-03
1.303182244793189490e-02
3.207381770448424711e-03
1.772968410550144645e-03
6.268280115139542421e-04
6.060769000255620967e-04
6.613130147347732590e-04
4.629875809375242051e-04
3.069789595500565051e-04
1.535348601543944991e-04
1.558454815042559780e-04
3.445294953766268116e-04
4.272561184873074664e-04
2.272595293564250141e-04
2.443578358372902278e-04
1.181151476309020675e-04
1.348894251035272110e-04
5.664534032003940581e-05
4.942820371380303034e-05
5.732705635148194748e-05
8.284372904544916587e-05
2.487341813059094615e-05
2.072983173480709985e-05
4.706731757662448455e-05
1.483380167758995698e-05
1.528553613050214231e-05
2.065085779089665332e-05
1.032010034731100273e-05
5.377914271645060053e-06
5.504162375485193344e-06
5.215390920653277720e-06
7.979088052257955245e-06
5.468002738092891959e-06
5.392811763757436194e-06
9.519466036705560779e-06
9.985469122951961645e-06
9.998977087710682560e-06
9.999999999999999124e-06
9.999999999999999124e-06
9.999999999999999124e-06
9.999999999999999124e-06
9.999999999999999124e-06
9.999999999999999124e-06
9.999999999999999124e-06
9.999999999999999124e-06
9.999999999999999124e-06
9.999999999999999124e-06
9.999999999999999124e-06
9.999999999999999124e-06
9.999999999999999124e-06
9.999999999999999124e-06
9.999999999999999124e-06
9.999999999999999124e-06
9.999999999999999124e-06
9.999999999999999124e-06
9.999999999999999124e-06
9.999999999999999124e-06
9.999999999999999124e-06
9.999999999999999124e-06
9.999999999999999124e-06
9.999999999999999124e-06
9.999999999999999124e-06
9.999999999999999124e-06
9.999999999999999124e-06
9.999999999999999124e-06
9.999999999999999124e-06
9.999999999999999124e-06
9.999999999999999124e-06
9.999999999999999124e-06
9.999999999999999124e-06
9.999999999999999124e-06
9.999999999999999124e-06
9.999999999999999124e-06
9.999999999999999124e-06
9.999999999999999124e-06
9.999999999999999124e-06
9.999999999999999124e-06
9.999999999999999124e-06
9.999999999999999124e-06
9.999999999999999124e-06
9.999999999999999124e-06
9.999999999999999124e-06
9.999999999999999124e-06
9.999999999999999124e-06
9.999999999999999124e-06
9.999999999999999124e-06
9.999999999999999124e-06
9.999999999999999124e-06
9.999999999999999124e-06
9.999999999999999124e-06
9.999999999999999124e-06
9.999999999999999124e-06
9.999999999999999124e-06
9.999999999999999124e-06
9.999999999999999124e-06
9.999999999999999124e-06
9.999999999999999124e-06
9.999999999999999124e-06
9.999999999999999124e-06
