5.148781187302813034e-02
2.745268984898964482e-02
1.183991046351983746e-02
2.154771291124416444e-03
3.999058894840623254e-03
3.873832895716040631e-03
9.389705247165573308e-04
9.373545875286393983e-04
9.129867392530209569e-04
1.133910682015816344e-03
1.486272068213801865e-03
7.417546558138813501e-04
5.063845508811850920e-04
2.871313888456189381e-04
6.837022680451131313e-04
4.376230474624937276e-04
1.774976697569760197e-04
2.829610640427440119e-04
1.239282397559936602e-04
1.471589240108553680e-04
8.726068613584169386e-05
1.639876476759968057e-04
9.213011415919316683e-05
3.290703531879227205e-05
8.385557021461721207e-05
3.953262756356842016e-05
5.686431809129305478e-05
2.999050069906560899e-05
1.934159017230245340e-05
1.269759142268457436e-05
1.062292847707852020e-05
5.756729226097229440e-06
1.011590294180608946e-05
7.359850220327697448e-06
5.085258241392284537e-06
9.438064640797983764e-06
1.000000000000000082e-05
1.000000000000000082e-05
1.000000000000000082e-05
1.000000000000000082e-05
1.000000000000000082e-05
1.000000000000000082e-05
1.000000000000000082e-05
1.000000000000000082e-05
1.000000000000000082e-05
1.000000000000000082e-05
1.000000000000000082e-05
1.000000000000000082e-05
1.000000000000000082e-05
1.000000000000000082e-05
1.000000000000000082e-05
1.000000000000000082e-05
1.000000000000000082e-05
1.000000000000000082e-05
1.000000000000000082e-05
1.000000000000000082e-05
1.000000000000000082e-05
1.000000000000000082e-05
1.000000000000000082e-05
1.000000000000000082e-05
1.000000000000000082e-05
1.000000000000000082e-05
1.000000000000000082e-05
1.000000000000000082e-05
1.000000000000000082e-05
1.000000000000000082e-05
1.000000000000000082e-05
1.000000000000000082e-05
1.000000000000000082e-05
1.000000000000000082e-05
1.000000000000000082e-05
1.000000000000000082e-05
1.000000000000000082e-05
1.000000000000000082e-05
1.000000000000000082e-05
1.000000000000000082e-05
1.000000000000000082e-05
1.000000000000000082e-05
1.000000000000000082e-05
1.000000000000000082e-05
1.000000000000000082e-05
1.000000000000000082e-05
1.000000000000000082e-05
1.000000000000000082e-05
1.000000000000000082e-05
1.000000000000000082e-05
1.000000000000000082e-05
1.000000000000000082e-05
1.000000000000000082e-05
1.000000000000000082e-05
1.000000000000000082e-05
1.000000000000000082e-05
1.000000000000000082e-05
1.000000000000000082e-05
1.000000000000000082e-05
1.000000000000000082e-05
1.000000000000000082e-05
1.000000000000000082e-05
1.000000000000000082e-05
1.000000000000000082e-05
