5.247761683131318272e-02
2.222555554857202215e-02
1.329689268737052101e-02
8.563325836666364765e-03
5.902667484295031491e-03
9.608191664558289559e-04
9.793330648037897046e-03
2.022088740008433014e-03
6.093702677980883560e-03
7.819816004404414600e-03
3.467532434343315387e-03
1.631582147198119056e-03
1.532605402726963792e-03
1.385127327549825257e-03
4.700012109317002764e-04
2.081979400333454615e-03
3.699531583303193550e-04
4.131049612637992664e-04
9.197628832288104765e-04
4.627788518063554921e-04
1.848731856918559111e-04
1.075690909381615281e-04
8.470619507686977668e-05
7.933151661852904670e-05
9.459204515486655885e-05
9.938139972111998939e-05
1.240155085820272656e-04
1.084415821412811580e-04
8.698373233895036389e-05
4.037931092874516754e-05
8.477920927103604291e-05
4.089874363614140766e-05
4.590696967749544847e-05
5.184818495815537472e-05
5.609035385238210155e-05
3.878953879159834322e-05
4.319973809429274078e-05
4.558029595375898439e-05
3.671582701557162898e-05
3.257780731651050749e-05
2.989297342332602951e-05
2.284702954560257065e-05
2.184559831286677170e-05
2.249605412803257784e-05
2.616537193349458335e-05
2.567670130720594158e-05
2.523746943856971825e-05
2.553119982103500333e-05
2.079872410499280033e-05
2.267636698677881349e-05
2.844486997725421154e-05
2.801147142181939067e-05
2.620799132039561892e-05
2.216180346926414715e-05
2.838389494140112305e-05
3.484836189252408828e-05
3.501443671054390791e-05
2.871016046713509144e-05
3.317115320782239649e-05
2.855779365918628495e-05
2.632133935588121287e-05
2.674383840004240250e-05
2.296269612799183365e-05
2.228529585715935274e-05
2.348394898166672871e-05
1.655553086147743707e-05
1.592685870627987647e-05
1.458517453894584219e-05
1.393866499450184152e-05
1.334819089923555189e-05
1.262348589419559198e-05
1.244086095090338836e-05
1.272131843278326197e-05
1.277555669274928380e-05
1.384236354455542885e-05
1.544896786451884508e-05
1.535016909809524413e-05
1.555665248662955414e-05
1.658834155826492844e-05
1.503025979947731268e-05
1.505905580422464726e-05
1.556206029847061428e-05
1.468309054851162578e-05
1.634724918405148654e-05
1.933929702443135224e-05
1.509303854781224649e-05
1.330073716795939887e-05
1.141547315041687872e-05
1.092642059446543281e-05
1.047490898059638429e-05
1.125328832002255933e-05
1.168367628325431496e-05
1.182489502783731825e-05
1.318592130145657904e-05
1.266040469295725694e-05
1.076433936955494844e-05
1.110589605398650266e-05
9.887342421819921766e-06
9.651508226274972969e-06
9.492948311766688280e-06
