8.240695219237856306e-03
4.234131907688008442e-03
3.205876817015218907e-04
2.401142201463124330e-04
3.530389639397319259e-04
4.138613686004037943e-04
7.724704817911336901e-05
8.692512659906407571e-05
1.125928016137010183e-04
4.530990036704956225e-05
1.000572101294550900e-04
4.118863555256902068e-05
2.997266633870658372e-05
6.308202759167798291e-05
1.170109181076311424e-05
2.222747529885984958e-05
1.363436296963146654e-05
6.395376258859966143e-06
6.393899865550049359e-06
6.024135733335229782e-06
1.200772081600155637e-05
6.783575568719216565e-06
8.774075503961184356e-06
1.145583445755659088e-05
6.988004997592785917e-06
7.070797703858113785e-06
6.098354155051410408e-06
4.942580920634101722e-06
4.904865853264108206e-06
5.789075508061440241e-06
5.273332690133124544e-06
5.277061953740052047e-06
5.887974878339749920e-06
6.357723043338445537e-06
9.970087500626049278e-06
1.000000000000000082e-05
1.000000000000000082e-05
1.000000000000000082e-05
1.000000000000000082e-05
1.000000000000000082e-05
1.000000000000000082e-05
1.000000000000000082e-05
1.000000000000000082e-05
1.000000000000000082e-05
1.000000000000000082e-05
1.000000000000000082e-05
1.000000000000000082e-05
1.000000000000000082e-05
1.000000000000000082e-05
1.000000000000000082e-05
1.000000000000000082e-05
1.000000000000000082e-05
1.000000000000000082e-05
1.000000000000000082e-05
1.000000000000000082e-05
1.000000000000000082e-05
1.000000000000000082e-05
1.000000000000000082e-05
1.000000000000000082e-05
1.000000000000000082e-05
1.000000000000000082e-05
1.000000000000000082e-05
1.000000000000000082e-05
1.000000000000000082e-05
1.000000000000000082e-05
1.000000000000000082e-05
1.000000000000000082e-05
1.000000000000000082e-05
1.000000000000000082e-05
1.000000000000000082e-05
1.000000000000000082e-05
1.000000000000000082e-05
1.000000000000000082e-05
1.000000000000000082e-05
1.000000000000000082e-05
1.000000000000000082e-05
1.000000000000000082e-05
1.000000000000000082e-05
1.000000000000000082e-05
1.000000000000000082e-05
1.000000000000000082e-05
1.000000000000000082e-05
1.000000000000000082e-05
1.000000000000000082e-05
1.000000000000000082e-05
1.000000000000000082e-05
1.000000000000000082e-05
1.000000000000000082e-05
1.000000000000000082e-05
1.000000000000000082e-05
1.000000000000000082e-05
1.000000000000000082e-05
1.000000000000000082e-05
1.000000000000000082e-05
1.000000000000000082e-05
1.000000000000000082e-05
1.000000000000000082e-05
1.000000000000000082e-05
1.000000000000000082e-05
1.000000000000000082e-05
