2.011131104678396189e-02
9.242794969559290849e-03
1.006067947032594952e-03
1.087506091934549619e-03
1.365464178069757768e-03
1.632769471409390317e-03
5.868447827652960433e-04
2.683505025870697169e-04
4.570935202352198077e-04
2.397248400420223227e-04
1.107388009613765787e-04
1.218155895637489339e-04
2.834346934264160567e-04
1.257080457102364957e-04
1.420941992570658153e-04
5.790444840676664653e-05
6.959072653373575036e-05
2.895825859348289628e-05
4.362051578221898349e-05
8.712738517701525023e-05
6.326251264416226023e-05
2.218842006893238547e-05
2.122668094844512208e-05
2.301790296206997999e-05
1.946287870367931192e-05
3.222871770904889332e-05
1.288825022235318053e-05
5.153277023177580080e-06
4.905701379643241394e-06
5.429058679738829534e-06
4.653851035046194605e-06
5.136779592930989343e-06
5.089525810373153974e-06
5.216950449410809623e-06
9.991898387890253832e-06
1.000000000000000082e-05
1.000000000000000082e-05
1.000000000000000082e-05
1.000000000000000082e-05
1.000000000000000082e-05
1.000000000000000082e-05
1.000000000000000082e-05
1.000000000000000082e-05
1.000000000000000082e-05
1.000000000000000082e-05
1.000000000000000082e-05
1.000000000000000082e-05
1.000000000000000082e-05
1.000000000000000082e-05
1.000000000000000082e-05
1.000000000000000082e-05
1.000000000000000082e-05
1.000000000000000082e-05
1.000000000000000082e-05
1.000000000000000082e-05
1.000000000000000082e-05
1.000000000000000082e-05
1.000000000000000082e-05
1.000000000000000082e-05
1.000000000000000082e-05
1.000000000000000082e-05
1.000000000000000082e-05
1.000000000000000082e-05
1.000000000000000082e-05
1.000000000000000082e-05
1.000000000000000082e-05
1.000000000000000082e-05
1.000000000000000082e-05
1.000000000000000082e-05
1.000000000000000082e-05
1.000000000000000082e-05
1.000000000000000082e-05
1.000000000000000082e-05
1.000000000000000082e-05
1.000000000000000082e-05
1.000000000000000082e-05
1.000000000000000082e-05
1.000000000000000082e-05
1.000000000000000082e-05
1.000000000000000082e-05
1.000000000000000082e-05
1.000000000000000082e-05
1.000000000000000082e-05
1.000000000000000082e-05
1.000000000000000082e-05
1.000000000000000082e-05
1.000000000000000082e-05
1.000000000000000082e-05
1.000000000000000082e-05
1.000000000000000082e-05
1.000000000000000082e-05
1.000000000000000082e-05
1.000000000000000082e-05
1.000000000000000082e-05
1.000000000000000082e-05
1.000000000000000082e-05
1.000000000000000082e-05
1.000000000000000082e-05
1.000000000000000082e-05
1.000000000000000082e-05
