4.110594741149851267e-02
2.878594964808494847e-02
2.935040404563726141e-03
9.714563430282959714e-04
4.950163069151912974e-03
4.699878297957464472e-03
1.620550420529466183e-03
2.239999466101631580e-03
1.491975526601855640e-03
1.281154871804670832e-03
1.377657128528654313e-03
3.418345767956523719e-04
5.172420733435882613e-04
4.299894211420351780e-04
3.627073736009748454e-04
2.641751440365884399e-04
2.167964265456542687e-04
3.105752889580016781e-04
9.865288251298527341e-05
2.030553418814927066e-04
2.356723199301079079e-04
9.885828657290582138e-05
6.587000346563383108e-05
9.250819655205615481e-05
6.857873406293556531e-05
6.795599861772946555e-05
3.819720035825985001e-05
1.869492094202848602e-05
9.775591804549642612e-06
7.554071668764274812e-06
1.037892712595396735e-05
1.705501807159149347e-05
1.233357336304118020e-05
1.056436122948990256e-05
9.988275925170791869e-06
1.000000000000000082e-05
1.000000000000000082e-05
1.000000000000000082e-05
1.000000000000000082e-05
1.000000000000000082e-05
1.000000000000000082e-05
1.000000000000000082e-05
1.000000000000000082e-05
1.000000000000000082e-05
1.000000000000000082e-05
1.000000000000000082e-05
1.000000000000000082e-05
1.000000000000000082e-05
1.000000000000000082e-05
1.000000000000000082e-05
1.000000000000000082e-05
1.000000000000000082e-05
1.000000000000000082e-05
1.000000000000000082e-05
1.000000000000000082e-05
1.000000000000000082e-05
1.000000000000000082e-05
1.000000000000000082e-05
1.000000000000000082e-05
1.000000000000000082e-05
1.000000000000000082e-05
1.000000000000000082e-05
1.000000000000000082e-05
1.000000000000000082e-05
1.000000000000000082e-05
1.000000000000000082e-05
1.000000000000000082e-05
1.000000000000000082e-05
1.000000000000000082e-05
1.000000000000000082e-05
1.000000000000000082e-05
1.000000000000000082e-05
1.000000000000000082e-05
1.000000000000000082e-05
1.000000000000000082e-05
1.000000000000000082e-05
1.000000000000000082e-05
1.000000000000000082e-05
1.000000000000000082e-05
1.000000000000000082e-05
1.000000000000000082e-05
1.000000000000000082e-05
1.000000000000000082e-05
1.000000000000000082e-05
1.000000000000000082e-05
1.000000000000000082e-05
1.000000000000000082e-05
1.000000000000000082e-05
1.000000000000000082e-05
1.000000000000000082e-05
1.000000000000000082e-05
1.000000000000000082e-05
1.000000000000000082e-05
1.000000000000000082e-05
1.000000000000000082e-05
1.000000000000000082e-05
1.000000000000000082e-05
1.000000000000000082e-05
1.000000000000000082e-05
1.000000000000000082e-05
