2.291078669430744990e-03
2.677871507489370043e-03
6.572421475552527861e-04
2.083633943820364790e-04
1.990706044431170079e-04
2.767504676889209346e-04
4.289960042230303968e-05
5.191010203940597345e-05
2.938750361576500833e-05
4.794227353985894551e-05
1.883281237755314198e-05
3.101938027710800960e-05
1.278767253942491577e-05
1.310285981588209161e-05
1.458931963349935957e-05
7.021131186808232743e-06
4.929010484483720259e-06
6.986568892302300523e-06
5.585727754177307960e-06
4.600584904175584769e-06
4.686217191780728391e-06
4.639953718975723167e-06
5.472484958897896830e-06
5.151658452346704777e-06
5.188955931560774048e-06
5.323747089221919652e-06
4.960151674957115248e-06
4.822355675600732732e-06
5.928435280005549691e-06
5.348434423808007115e-06
5.767755869299052575e-06
6.051186131540140587e-06
9.973984115728188089e-06
1.000000000000000251e-05
1.000000000000000251e-05
1.000000000000000251e-05
1.000000000000000251e-05
1.000000000000000251e-05
1.000000000000000251e-05
1.000000000000000251e-05
1.000000000000000251e-05
1.000000000000000251e-05
1.000000000000000251e-05
1.000000000000000251e-05
1.000000000000000251e-05
1.000000000000000251e-05
1.000000000000000251e-05
1.000000000000000251e-05
1.000000000000000251e-05
1.000000000000000251e-05
1.000000000000000251e-05
1.000000000000000251e-05
1.000000000000000251e-05
1.000000000000000251e-05
1.000000000000000251e-05
1.000000000000000251e-05
1.000000000000000251e-05
1.000000000000000251e-05
1.000000000000000251e-05
1.000000000000000251e-05
1.000000000000000251e-05
1.000000000000000251e-05
1.000000000000000251e-05
1.000000000000000251e-05
1.000000000000000251e-05
1.000000000000000251e-05
1.000000000000000251e-05
1.000000000000000251e-05
1.000000000000000251e-05
1.000000000000000251e-05
1.000000000000000251e-05
1.000000000000000251e-05
1.000000000000000251e-05
1.000000000000000251e-05
1.000000000000000251e-05
1.000000000000000251e-05
1.000000000000000251e-05
1.000000000000000251e-05
1.000000000000000251e-05
1.000000000000000251e-05
1.000000000000000251e-05
1.000000000000000251e-05
1.000000000000000251e-05
1.000000000000000251e-05
1.000000000000000251e-05
1.000000000000000251e-05
1.000000000000000251e-05
1.000000000000000251e-05
1.000000000000000251e-05
1.000000000000000251e-05
1.000000000000000251e-05
1.000000000000000251e-05
1.000000000000000251e-05
1.000000000000000251e-05
1.000000000000000251e-05
1.000000000000000251e-05
1.000000000000000251e-05
1.000000000000000251e-05
1.000000000000000251e-05
1.000000000000000251e-05
