3.333818211293458535e-03
3.391194463316410130e-03
1.277054064664995920e-03
9.364777129129455953e-04
4.580962182277542399e-04
1.631211200010489865e-04
1.252869551725869460e-04
1.013212555927347493e-04
5.102654822302303783e-05
6.813992830812006375e-05
5.398300080488296963e-05
2.310523217026280542e-05
3.789224787791237842e-05
6.015943755737017639e-05
3.915312515954006979e-05
2.752970453257247649e-05
1.747686442579009320e-05
9.157380713580648291e-06
6.647912222042809035e-06
1.121192638007885172e-05
6.083650388125944385e-06
5.724964182864208356e-06
6.389504658150556020e-06
1.145673134308062549e-05
7.510743050726179166e-06
4.790414509343110942e-06
4.585607479026390482e-06
4.681813772644325460e-06
5.872607733371353112e-06
5.160747246875479762e-06
5.676506707367874527e-06
6.018715830268719196e-06
9.985284239532899800e-06
1.000000000000000251e-05
9.997154495668824384e-06
1.000000000000000251e-05
1.000000000000000251e-05
1.000000000000000251e-05
1.000000000000000251e-05
1.000000000000000251e-05
1.000000000000000251e-05
1.000000000000000251e-05
1.000000000000000251e-05
1.000000000000000251e-05
1.000000000000000251e-05
1.000000000000000251e-05
1.000000000000000251e-05
1.000000000000000251e-05
1.000000000000000251e-05
1.000000000000000251e-05
1.000000000000000251e-05
1.000000000000000251e-05
1.000000000000000251e-05
1.000000000000000251e-05
1.000000000000000251e-05
1.000000000000000251e-05
1.000000000000000251e-05
1.000000000000000251e-05
1.000000000000000251e-05
1.000000000000000251e-05
1.000000000000000251e-05
1.000000000000000251e-05
1.000000000000000251e-05
1.000000000000000251e-05
1.000000000000000251e-05
1.000000000000000251e-05
1.000000000000000251e-05
1.000000000000000251e-05
1.000000000000000251e-05
1.000000000000000251e-05
1.000000000000000251e-05
1.000000000000000251e-05
1.000000000000000251e-05
1.000000000000000251e-05
1.000000000000000251e-05
1.000000000000000251e-05
1.000000000000000251e-05
1.000000000000000251e-05
1.000000000000000251e-05
1.000000000000000251e-05
1.000000000000000251e-05
1.000000000000000251e-05
1.000000000000000251e-05
1.000000000000000251e-05
1.000000000000000251e-05
1.000000000000000251e-05
1.000000000000000251e-05
1.000000000000000251e-05
1.000000000000000251e-05
1.000000000000000251e-05
1.000000000000000251e-05
1.000000000000000251e-05
1.000000000000000251e-05
1.000000000000000251e-05
1.000000000000000251e-05
1.000000000000000251e-05
1.000000000000000251e-05
1.000000000000000251e-05
1.000000000000000251e-05
1.000000000000000251e-05
