8.791025808791961410e-03
1.055949215082560913e-02
5.169836155074611708e-03
2.762444726404060785e-03
2.334386601702632524e-03
5.890333629353143802e-04
2.131277647039669183e-04
5.753723281555398437e-04
4.708393772034875436e-04
3.775047980077333217e-04
1.202352248628021149e-04
1.407714147146701955e-04
2.027147897957919424e-04
2.859843701556665668e-04
9.951255730467118050e-05
9.833579768721443170e-05
8.885464196963955706e-05
8.109571467517716044e-05
3.224458208305432859e-05
9.065540406660517242e-05
2.753986702228515912e-05
5.666134422924572612e-05
3.817950085809608112e-05
3.860902845437212791e-05
2.144544359045476569e-05
9.382349046004079498e-06
7.184228742890098689e-06
5.334608304282946463e-06
5.071611730040359272e-06
5.071537037846651837e-06
4.983729347481343492e-06
5.496556765489312085e-06
1.000000000000000251e-05
1.000000000000000251e-05
1.000000000000000251e-05
1.000000000000000251e-05
1.000000000000000251e-05
1.000000000000000251e-05
1.000000000000000251e-05
1.000000000000000251e-05
1.000000000000000251e-05
1.000000000000000251e-05
1.000000000000000251e-05
1.000000000000000251e-05
1.000000000000000251e-05
1.000000000000000251e-05
1.000000000000000251e-05
1.000000000000000251e-05
1.000000000000000251e-05
1.000000000000000251e-05
1.000000000000000251e-05
1.000000000000000251e-05
1.000000000000000251e-05
1.000000000000000251e-05
1.000000000000000251e-05
1.000000000000000251e-05
1.000000000000000251e-05
1.000000000000000251e-05
1.000000000000000251e-05
1.000000000000000251e-05
1.000000000000000251e-05
1.000000000000000251e-05
1.000000000000000251e-05
1.000000000000000251e-05
1.000000000000000251e-05
1.000000000000000251e-05
1.000000000000000251e-05
1.000000000000000251e-05
1.000000000000000251e-05
1.000000000000000251e-05
1.000000000000000251e-05
1.000000000000000251e-05
1.000000000000000251e-05
1.000000000000000251e-05
1.000000000000000251e-05
1.000000000000000251e-05
1.000000000000000251e-05
1.000000000000000251e-05
1.000000000000000251e-05
1.000000000000000251e-05
1.000000000000000251e-05
1.000000000000000251e-05
1.000000000000000251e-05
1.000000000000000251e-05
1.000000000000000251e-05
1.000000000000000251e-05
1.000000000000000251e-05
1.000000000000000251e-05
1.000000000000000251e-05
1.000000000000000251e-05
1.000000000000000251e-05
1.000000000000000251e-05
1.000000000000000251e-05
1.000000000000000251e-05
1.000000000000000251e-05
1.000000000000000251e-05
1.000000000000000251e-05
1.000000000000000251e-05
1.000000000000000251e-05
1.000000000000000251e-05
