1.826218131109088455e-02
2.234371275527589212e-02
1.074859767283105859e-02
3.088450076820580242e-03
4.525464128527825411e-03
3.293416186583773570e-03
8.758784820211881197e-04
5.951970444846551092e-04
9.656503108630581401e-04
2.188541877164234921e-03
8.354812648175233844e-04
5.584359411651919260e-04
6.311267767187618734e-04
4.017009457703833481e-04
5.539994791849819564e-04
2.045674029549764692e-04
1.646068592115118643e-04
1.079039542993967478e-04
1.364746731092155363e-04
1.780494865856292134e-04
8.070766299763450658e-05
7.383846255754737979e-05
6.425086553554254672e-05
4.541637024137090743e-05
2.678895382190904059e-05
2.411922277174692884e-05
2.122897044188866311e-05
8.801436407478728364e-06
5.139608461536384440e-06
1.807230555690244838e-05
5.232283077857520264e-06
5.247903739873237909e-06
1.000000000000000082e-05
1.000000000000000082e-05
1.000000000000000082e-05
1.000000000000000082e-05
1.000000000000000082e-05
1.000000000000000082e-05
1.000000000000000082e-05
1.000000000000000082e-05
1.000000000000000082e-05
1.000000000000000082e-05
1.000000000000000082e-05
1.000000000000000082e-05
1.000000000000000082e-05
1.000000000000000082e-05
1.000000000000000082e-05
1.000000000000000082e-05
1.000000000000000082e-05
1.000000000000000082e-05
1.000000000000000082e-05
1.000000000000000082e-05
1.000000000000000082e-05
1.000000000000000082e-05
1.000000000000000082e-05
1.000000000000000082e-05
1.000000000000000082e-05
1.000000000000000082e-05
1.000000000000000082e-05
1.000000000000000082e-05
1.000000000000000082e-05
1.000000000000000082e-05
1.000000000000000082e-05
1.000000000000000082e-05
1.000000000000000082e-05
1.000000000000000082e-05
1.000000000000000082e-05
1.000000000000000082e-05
1.000000000000000082e-05
1.000000000000000082e-05
1.000000000000000082e-05
1.000000000000000082e-05
1.000000000000000082e-05
1.000000000000000082e-05
1.000000000000000082e-05
1.000000000000000082e-05
1.000000000000000082e-05
1.000000000000000082e-05
1.000000000000000082e-05
1.000000000000000082e-05
1.000000000000000082e-05
1.000000000000000082e-05
1.000000000000000082e-05
1.000000000000000082e-05
1.000000000000000082e-05
1.000000000000000082e-05
1.000000000000000082e-05
1.000000000000000082e-05
1.000000000000000082e-05
1.000000000000000082e-05
1.000000000000000082e-05
1.000000000000000082e-05
1.000000000000000082e-05
1.000000000000000082e-05
1.000000000000000082e-05
1.000000000000000082e-05
1.000000000000000082e-05
1.000000000000000082e-05
1.000000000000000082e-05
1.000000000000000082e-05
