3.825503104885279778e-03
1.045079622747326249e-02
3.325893972978444246e-03
1.409355616507247102e-03
1.773567930349047674e-04
2.960456189942007200e-04
2.951935752756353602e-04
3.058250881235916692e-04
2.239208111107283982e-04
9.131365552340829877e-05
6.108430368790431875e-05
1.423666849491414033e-04
6.157326398014330174e-05
9.164785277398727469e-05
1.908158754938981644e-05
3.085181419719847898e-05
1.286381779845586038e-05
2.114310103834261701e-05
2.419172716408602450e-05
7.939235367980190141e-06
2.453898289487888818e-05
2.044194244185626477e-05
1.722313084308246678e-05
5.000323289427069245e-06
4.717323200337013246e-06
5.050091365067601760e-06
5.178592394088422617e-06
4.960020698643232014e-06
5.588961886807735064e-06
6.991343749541424805e-06
9.989550181563477287e-06
9.997300791256430745e-06
9.999999999999999124e-06
9.999999999999999124e-06
9.999999999999999124e-06
9.999999999999999124e-06
9.999999999999999124e-06
9.999999999999999124e-06
9.999999999999999124e-06
9.999999999999999124e-06
9.999999999999999124e-06
9.999999999999999124e-06
9.999999999999999124e-06
9.999999999999999124e-06
9.999999999999999124e-06
9.999999999999999124e-06
9.999999999999999124e-06
9.999999999999999124e-06
9.999999999999999124e-06
9.999999999999999124e-06
9.999999999999999124e-06
9.999999999999999124e-06
9.999999999999999124e-06
9.999999999999999124e-06
9.999999999999999124e-06
9.999999999999999124e-06
9.999999999999999124e-06
9.999999999999999124e-06
9.999999999999999124e-06
9.999999999999999124e-06
9.999999999999999124e-06
9.999999999999999124e-06
9.999999999999999124e-06
9.999999999999999124e-06
9.999999999999999124e-06
9.999999999999999124e-06
9.999999999999999124e-06
9.999999999999999124e-06
9.999999999999999124e-06
9.999999999999999124e-06
9.999999999999999124e-06
9.999999999999999124e-06
9.999999999999999124e-06
9.999999999999999124e-06
9.999999999999999124e-06
9.999999999999999124e-06
9.999999999999999124e-06
9.999999999999999124e-06
9.999999999999999124e-06
9.999999999999999124e-06
9.999999999999999124e-06
9.999999999999999124e-06
9.999999999999999124e-06
9.999999999999999124e-06
9.999999999999999124e-06
9.999999999999999124e-06
9.999999999999999124e-06
9.999999999999999124e-06
9.999999999999999124e-06
9.999999999999999124e-06
9.999999999999999124e-06
9.999999999999999124e-06
9.999999999999999124e-06
9.999999999999999124e-06
9.999999999999999124e-06
9.999999999999999124e-06
9.999999999999999124e-06
9.999999999999999124e-06
9.999999999999999124e-06
9.999999999999999124e-06
