7.916985576954825576e-02
3.673958836137967976e-02
2.198559589064520356e-02
1.402756471495123988e-02
1.087146525873500767e-02
3.985574757879993546e-03
1.287807188859549888e-02
3.714684095880258809e-03
1.334534802608769791e-02
1.555585867284619075e-02
5.998856381322916279e-03
3.298863006432926643e-03
3.662917005053945452e-03
3.156871538580432318e-03
1.117811415499948054e-03
2.838251629540140038e-03
6.021496270545382418e-04
9.124537374185757738e-04
1.350943794598249027e-03
1.148191170440986857e-03
4.431458042813900635e-04
3.465200742457377140e-04
2.484874217597759019e-04
2.691321358749624833e-04
2.167747307297966674e-04
2.014068553198965358e-04
1.552483065310768901e-04
1.561158592707135478e-04
1.285656094872451513e-04
9.643681660505444694e-05
2.266228700081182547e-04
1.106083197874197524e-04
1.434410597195567307e-04
1.088936933406892262e-04
8.442934602844675521e-05
5.735430756978563972e-05
6.879836658095991072e-05
8.905534289610501756e-05
8.528141228096641822e-05
9.808001596817745996e-05
5.913119106071826526e-05
4.049414673628274730e-05
4.817538889095895113e-05
4.680669584584751442e-05
5.190127618696872489e-05
6.079988357717668051e-05
4.718563516181923431e-05
4.544011535912704819e-05
4.742125290385243387e-05
4.263045366604453339e-05
4.588651605403854612e-05
4.432460086646317744e-05
5.257682248504236651e-05
4.053030736225490349e-05
6.351607042726930175e-05
6.624476678348853562e-05
5.094209042981572282e-05
6.295804856551395843e-05
4.177577890727832881e-05
4.163218882244755655e-05
5.327591327590420946e-05
6.458111231082323627e-05
5.674637102084194702e-05
5.376488855275503753e-05
4.856139425676241447e-05
3.127368491159610378e-05
2.990910225221744329e-05
2.211852290922826443e-05
2.644617968630955703e-05
3.325121791998062837e-05
3.143539102105004536e-05
3.137005913236279027e-05
2.839500968956072980e-05
2.462986094140059656e-05
2.370920163734087724e-05
3.160710081643869758e-05
2.771974571004693486e-05
2.762457509179677015e-05
3.052579448460176771e-05
2.613033114954158075e-05
2.622190422850308349e-05
2.444000093843955886e-05
2.524132391273747726e-05
2.736143513198484092e-05
2.565894991155897185e-05
2.503718449116608234e-05
2.110120455067141112e-05
1.730911880185943597e-05
1.698762751912612085e-05
2.075933108773410506e-05
1.439692811696614028e-05
1.685004838260855759e-05
1.827297826755753767e-05
2.243945824708352835e-05
2.191335360187969861e-05
2.193876785987545800e-05
1.847700997961285901e-05
1.914656617847493531e-05
1.792764079335392187e-05
1.472053317396436128e-05
