2.217523276866056881e-02
3.352846251201954675e-02
1.200458305613353108e-02
3.076866206602279271e-03
2.209296559627256778e-03
1.368704650241014779e-03
8.076719027989644238e-04
1.248328291851367663e-03
1.463360710654776266e-03
1.598705863466051442e-03
1.586346252201019597e-03
9.601368925021029274e-04
3.491454894781573118e-04
6.960093158706144242e-04
3.188088788955688595e-04
2.689535886968714138e-04
2.026104602041901989e-04
1.084483317761657066e-04
7.213926766642523344e-05
1.261942897469225456e-04
1.014102011077225090e-04
6.392248064657903115e-05
7.639935522155346401e-05
2.016711225204229530e-05
2.743539393167016574e-05
1.191182714063341782e-05
5.809621478297363218e-06
1.115421106808112097e-05
6.505533718380005590e-06
8.374572011380920506e-06
1.000000000000000082e-05
1.000000000000000082e-05
1.000000000000000082e-05
1.000000000000000082e-05
1.000000000000000082e-05
1.000000000000000082e-05
1.000000000000000082e-05
1.000000000000000082e-05
1.000000000000000082e-05
1.000000000000000082e-05
1.000000000000000082e-05
1.000000000000000082e-05
1.000000000000000082e-05
1.000000000000000082e-05
1.000000000000000082e-05
1.000000000000000082e-05
1.000000000000000082e-05
1.000000000000000082e-05
1.000000000000000082e-05
1.000000000000000082e-05
1.000000000000000082e-05
1.000000000000000082e-05
1.000000000000000082e-05
1.000000000000000082e-05
1.000000000000000082e-05
1.000000000000000082e-05
1.000000000000000082e-05
1.000000000000000082e-05
1.000000000000000082e-05
1.000000000000000082e-05
1.000000000000000082e-05
1.000000000000000082e-05
1.000000000000000082e-05
1.000000000000000082e-05
1.000000000000000082e-05
1.000000000000000082e-05
1.000000000000000082e-05
1.000000000000000082e-05
1.000000000000000082e-05
1.000000000000000082e-05
1.000000000000000082e-05
1.000000000000000082e-05
1.000000000000000082e-05
1.000000000000000082e-05
1.000000000000000082e-05
1.000000000000000082e-05
1.000000000000000082e-05
1.000000000000000082e-05
1.000000000000000082e-05
1.000000000000000082e-05
1.000000000000000082e-05
1.000000000000000082e-05
1.000000000000000082e-05
1.000000000000000082e-05
1.000000000000000082e-05
1.000000000000000082e-05
1.000000000000000082e-05
1.000000000000000082e-05
1.000000000000000082e-05
1.000000000000000082e-05
1.000000000000000082e-05
1.000000000000000082e-05
1.000000000000000082e-05
1.000000000000000082e-05
1.000000000000000082e-05
1.000000000000000082e-05
1.000000000000000082e-05
1.000000000000000082e-05
1.000000000000000082e-05
1.000000000000000082e-05
