1.685541794744522832e-03
4.888212676210150660e-03
1.040890026322618608e-03
5.268201301533177033e-04
3.816461295923797127e-04
8.637800736905406219e-05
1.483263566971370804e-04
1.071675167602369498e-04
5.696485981171294920e-05
5.731932907856895123e-05
5.993067256988368770e-05
3.421073114669888880e-05
1.131688951727472497e-05
1.015218466716699714e-05
1.420872368632382044e-05
1.186330728155946021e-05
7.714375184651639357e-06
6.112312344968639565e-06
7.179424651683826625e-06
6.618302113747949739e-06
5.907654512218774580e-06
5.084517547706181955e-06
4.907939574565864420e-06
5.471395746882663665e-06
5.185203968182122166e-06
5.547645099174916809e-06
6.703551289925351606e-06
9.974140796155870267e-06
1.000000000000000251e-05
9.991049284232239689e-06
9.997110939099111690e-06
1.000000000000000251e-05
1.000000000000000251e-05
1.000000000000000251e-05
1.000000000000000251e-05
1.000000000000000251e-05
1.000000000000000251e-05
1.000000000000000251e-05
1.000000000000000251e-05
1.000000000000000251e-05
1.000000000000000251e-05
1.000000000000000251e-05
1.000000000000000251e-05
1.000000000000000251e-05
1.000000000000000251e-05
1.000000000000000251e-05
1.000000000000000251e-05
1.000000000000000251e-05
1.000000000000000251e-05
1.000000000000000251e-05
1.000000000000000251e-05
1.000000000000000251e-05
1.000000000000000251e-05
1.000000000000000251e-05
1.000000000000000251e-05
1.000000000000000251e-05
1.000000000000000251e-05
1.000000000000000251e-05
1.000000000000000251e-05
1.000000000000000251e-05
1.000000000000000251e-05
1.000000000000000251e-05
1.000000000000000251e-05
1.000000000000000251e-05
1.000000000000000251e-05
1.000000000000000251e-05
1.000000000000000251e-05
1.000000000000000251e-05
1.000000000000000251e-05
1.000000000000000251e-05
1.000000000000000251e-05
1.000000000000000251e-05
1.000000000000000251e-05
1.000000000000000251e-05
1.000000000000000251e-05
1.000000000000000251e-05
1.000000000000000251e-05
1.000000000000000251e-05
1.000000000000000251e-05
1.000000000000000251e-05
1.000000000000000251e-05
1.000000000000000251e-05
1.000000000000000251e-05
1.000000000000000251e-05
1.000000000000000251e-05
1.000000000000000251e-05
1.000000000000000251e-05
1.000000000000000251e-05
1.000000000000000251e-05
1.000000000000000251e-05
1.000000000000000251e-05
1.000000000000000251e-05
1.000000000000000251e-05
1.000000000000000251e-05
1.000000000000000251e-05
1.000000000000000251e-05
1.000000000000000251e-05
1.000000000000000251e-05
1.000000000000000251e-05
1.000000000000000251e-05
