1.103549435986018318e-02
3.087169148263847231e-03
2.793157667508863826e-03
7.282487839846618280e-04
3.651896582823374701e-04
1.147643185750864102e-04
4.442433001725604549e-04
1.186560732762763061e-04
4.151376853402101940e-04
2.348214569304343737e-04
1.015215144709128445e-04
9.012367886333787638e-05
1.155287410912050005e-04
1.601460063481787181e-04
4.393484631329632904e-05
2.994068103121785076e-05
1.724686297492943204e-05
2.436183015820560853e-05
2.312094733666826386e-05
1.758494503512953079e-05
2.133786991013351334e-05
1.979659539754689322e-05
1.835771238385147747e-05
1.763452122049449677e-05
1.178215533446596088e-05
1.046836583201261417e-05
1.090272013983368892e-05
9.237712220844385491e-06
9.499883132243991754e-06
9.994301483806052380e-06
9.623745089373543488e-06
8.886334074521675403e-06
8.702986290990679115e-06
8.244248491154645790e-06
7.690275768922436733e-06
8.090706707515351968e-06
8.445398667891987522e-06
8.949069596766236843e-06
8.823939649917703087e-06
8.589861273810903746e-06
7.588461806560449518e-06
7.225761404466003318e-06
7.020530420666617234e-06
7.153221422702083973e-06
6.607724639711796915e-06
6.302914647392785820e-06
6.435584821738485408e-06
6.324309432244136992e-06
6.420526284254966904e-06
7.165806314079331304e-06
6.980088036641753347e-06
6.570556260783700691e-06
7.290987719571063021e-06
7.893691499533342861e-06
7.907320572485861658e-06
6.728429301178114211e-06
6.523400556714723000e-06
6.945486739518339377e-06
6.699660333336876428e-06
6.884060509688438392e-06
6.555181285290454501e-06
6.309027828772005109e-06
5.622438282163363334e-06
5.542472950220379556e-06
5.469126607368538455e-06
5.569306221276010552e-06
5.792684583041324318e-06
5.834237592132666505e-06
5.796703304454487426e-06
5.815264338014198027e-06
5.638153824937231653e-06
5.746389543610645981e-06
5.801429308037957307e-06
6.562700711804237039e-06
6.167309602046755490e-06
5.634615802008717403e-06
5.909644567308545853e-06
5.855882621058272984e-06
5.494894080022660059e-06
5.570972274820833913e-06
5.694408434453210859e-06
5.593062464927044601e-06
5.640089851125087427e-06
5.694484253459324596e-06
5.598074346153150898e-06
5.613606661292895784e-06
5.537064452441433875e-06
5.630474751969146426e-06
5.878511422273677039e-06
5.781099100627560069e-06
5.606872448851394802e-06
5.506376673885963322e-06
5.590846829736499645e-06
5.601242055310337233e-06
5.653619542393334483e-06
5.911039961547127631e-06
6.006964876846412393e-06
6.052840489246275368e-06
5.989988970790279034e-06
6.091499357611005663e-06
