1.776535236119569303e-02
7.049988786281540833e-03
6.488600709358758115e-03
6.774036735855042471e-03
1.490761980984632020e-03
1.374528715628629133e-03
5.982420412224914805e-04
6.802045831396070314e-04
8.139688380863943206e-04
8.726487417725104509e-04
1.303719330968115169e-03
2.640455808640417316e-04
2.941310451195709415e-04
2.399144557431430740e-04
3.176964766514242923e-04
7.810516425447053767e-05
6.825587819322375121e-05
1.174515873672139733e-04
7.844393133338468807e-05
6.444527890962588779e-05
3.047864352793465078e-05
5.519608370981055214e-05
5.062030779543606366e-05
6.150163867583199450e-05
3.628656892120705828e-05
3.023933414231437614e-05
3.444487114307552691e-05
1.992993465173716175e-05
1.956314593359628792e-05
1.849671508170607845e-05
1.941432383944138840e-05
1.803482288762726116e-05
1.860519281302199009e-05
1.529227721159322431e-05
1.662722063484787057e-05
1.579050308142598759e-05
1.668445875684315352e-05
1.712137163275416986e-05
1.523102106754632336e-05
1.366054090699793172e-05
1.315437721711138107e-05
1.330044277997824685e-05
1.300385623756375515e-05
1.307671037528920641e-05
1.227866027163852504e-05
1.002440562863551758e-05
9.654748709672535321e-06
1.037996614861408127e-05
1.012392101604003985e-05
1.256744762405510469e-05
1.003243286772603829e-05
9.663316731477878310e-06
1.006603582216639664e-05
1.126146146243148520e-05
1.253583141102335526e-05
1.375547901547569503e-05
1.327056286553854261e-05
1.231333298185429415e-05
1.079010057150841024e-05
9.858992662926207475e-06
1.048029161871440552e-05
1.053926968023681449e-05
8.761900806470611169e-06
8.040181266347795250e-06
8.002089757557633991e-06
8.127871680279032460e-06
8.250207958512212339e-06
7.089103043882575878e-06
6.672912685076465317e-06
6.671727017993182625e-06
6.813781517381889531e-06
6.876886359885043901e-06
6.869189982523778596e-06
7.645870941668037388e-06
7.863884266678903361e-06
7.114035980618511568e-06
7.326818247996063847e-06
7.118106263454860121e-06
6.785894139184371680e-06
7.000883676324982653e-06
7.005415753070138304e-06
7.317436169046382508e-06
7.037470959830052653e-06
6.998935743616427995e-06
7.569199241769445989e-06
7.196315412472969256e-06
8.159839539590295313e-06
7.134532265069695233e-06
6.958287263863671220e-06
7.473949784551975681e-06
6.890043218605614966e-06
6.896471511083833870e-06
6.706333729968243699e-06
5.844808406171733951e-06
6.059516481143706054e-06
5.789750645286811745e-06
6.341139181579322979e-06
5.605133510843680105e-06
5.497805737753401993e-06
5.499605877418812764e-06
