1.954067019996764271e-02
1.015776971583379727e-02
2.083585696064428963e-03
6.472270874639316071e-04
1.173855423819469227e-03
1.203647311313672721e-03
3.799767517857435438e-04
5.136438185317152147e-04
2.613111511837408929e-04
1.392623072075130863e-04
1.194108086776595281e-04
1.271293733944828090e-04
6.421348271104462835e-05
6.112854456679323132e-05
5.051768770397964354e-05
2.901629830283277431e-05
7.690849389555094178e-06
5.069668502941879692e-06
5.669392248181654819e-06
5.671465095441769978e-06
1.000000000000000251e-05
1.000000000000000251e-05
1.000000000000000251e-05
1.000000000000000251e-05
1.000000000000000251e-05
1.000000000000000251e-05
1.000000000000000251e-05
1.000000000000000251e-05
1.000000000000000251e-05
1.000000000000000251e-05
1.000000000000000251e-05
1.000000000000000251e-05
1.000000000000000251e-05
1.000000000000000251e-05
1.000000000000000251e-05
1.000000000000000251e-05
1.000000000000000251e-05
1.000000000000000251e-05
1.000000000000000251e-05
1.000000000000000251e-05
1.000000000000000251e-05
1.000000000000000251e-05
1.000000000000000251e-05
1.000000000000000251e-05
1.000000000000000251e-05
1.000000000000000251e-05
1.000000000000000251e-05
1.000000000000000251e-05
1.000000000000000251e-05
1.000000000000000251e-05
1.000000000000000251e-05
1.000000000000000251e-05
1.000000000000000251e-05
1.000000000000000251e-05
1.000000000000000251e-05
1.000000000000000251e-05
1.000000000000000251e-05
1.000000000000000251e-05
1.000000000000000251e-05
1.000000000000000251e-05
1.000000000000000251e-05
1.000000000000000251e-05
1.000000000000000251e-05
1.000000000000000251e-05
1.000000000000000251e-05
1.000000000000000251e-05
1.000000000000000251e-05
1.000000000000000251e-05
1.000000000000000251e-05
1.000000000000000251e-05
1.000000000000000251e-05
1.000000000000000251e-05
1.000000000000000251e-05
1.000000000000000251e-05
1.000000000000000251e-05
1.000000000000000251e-05
1.000000000000000251e-05
1.000000000000000251e-05
1.000000000000000251e-05
1.000000000000000251e-05
1.000000000000000251e-05
1.000000000000000251e-05
1.000000000000000251e-05
1.000000000000000251e-05
1.000000000000000251e-05
1.000000000000000251e-05
1.000000000000000251e-05
1.000000000000000251e-05
1.000000000000000251e-05
1.000000000000000251e-05
1.000000000000000251e-05
1.000000000000000251e-05
1.000000000000000251e-05
1.000000000000000251e-05
1.000000000000000251e-05
1.000000000000000251e-05
1.000000000000000251e-05
1.000000000000000251e-05
1.000000000000000251e-05
1.000000000000000251e-05
