3.229520362820651608e-02
1.238790199141817476e-02
1.307327274092748466e-02
1.178121076008922449e-02
3.572792364868043313e-03
1.970146390479200500e-03
1.279805650008441348e-03
1.659209846932547128e-03
9.702038577391496662e-04
2.100296284003762542e-03
1.644292128505238457e-03
4.147917732262416273e-04
7.946167670138806283e-04
5.749232210500333914e-04
2.949133168380209890e-04
2.627902252846094316e-04
1.008477017226350013e-04
4.947160871108288293e-04
2.206403038064025086e-04
2.247868979402547975e-04
1.392758758673644324e-04
9.863893229485512612e-05
1.181161318054325542e-04
1.822307084604291515e-04
9.663860248858130149e-05
9.680557755739052292e-05
9.614043562792008702e-05
5.221347742649781395e-05
4.328742707361848843e-05
4.826469506385785985e-05
3.860360172212698221e-05
4.314282654897702948e-05
6.047236795423231590e-05
3.857019808248557272e-05
3.830078067775934494e-05
3.376003196417560499e-05
3.360212572769575239e-05
3.039183130111165510e-05
3.619137410178146710e-05
2.524286481104716587e-05
2.634981723828858896e-05
2.366111871130165229e-05
2.784164164059973556e-05
3.851959838398501653e-05
3.635194370478681247e-05
2.204328373958168455e-05
1.669139311758152062e-05
1.940727520688753440e-05
2.328684297698364116e-05
2.175312818183579514e-05
1.935285854209589640e-05
1.551931459054689232e-05
2.021094493905489491e-05
1.855075322631440663e-05
2.137971713895709107e-05
2.513648633688270341e-05
2.240413256739417315e-05
2.176913876345442617e-05
2.347776386812354201e-05
2.134792318114008856e-05
2.067750828905370837e-05
2.116372541783465494e-05
1.844305042443756390e-05
1.694093373586178313e-05
1.512779768713302145e-05
1.465398768710621510e-05
1.095041116690544293e-05
1.023945222824233093e-05
1.028407927586327886e-05
1.018348450211648555e-05
1.194040764414475057e-05
1.020528755757434679e-05
1.101959850575246966e-05
1.159765460824724767e-05
1.438939695860424282e-05
1.345072333175787326e-05
1.485023491769859218e-05
1.370408323102854464e-05
1.511951923604611559e-05
1.415542031099875625e-05
1.421145899322351677e-05
1.310712506227647823e-05
1.312191009771355769e-05
1.300735444509890973e-05
1.330771554056122510e-05
1.221224445084976445e-05
1.099819617752837492e-05
1.109080419719525174e-05
1.072660458452910806e-05
1.145435008420188327e-05
1.575529985166121186e-05
1.313828306274553704e-05
1.014601712264563646e-05
8.963160792239624006e-06
8.334256429853749285e-06
8.039470894883803009e-06
8.955176446971384731e-06
9.364553831051092189e-06
8.089199652396245819e-06
8.158277453009710114e-06
