7.473591211799772947e-03
3.136085361933372423e-03
1.984278957063816996e-03
1.218111041037681736e-03
1.258718514171762058e-03
7.635676586078871293e-04
2.594117893177001494e-04
2.529259254530093464e-04
2.020495253860654802e-04
6.380011802675033910e-05
5.844449961707557381e-05
6.913934776880320597e-05
1.921766181537854401e-05
2.703527892085055229e-05
1.028742333980057407e-05
6.560060816162991416e-06
5.394346803771885683e-06
5.117372937336628572e-06
5.230192030158537902e-06
9.942694180035064800e-06
9.921904869896744901e-06
9.908367723686516593e-06
9.914983442319103371e-06
9.918155716863052932e-06
9.921679864462900996e-06
9.958361531078127485e-06
9.980820432450303691e-06
9.992607231265352046e-06
9.999999999999999124e-06
9.999999999999999124e-06
9.999999999999999124e-06
9.999999999999999124e-06
9.999999999999999124e-06
9.999999999999999124e-06
9.999999999999999124e-06
9.999999999999999124e-06
9.999999999999999124e-06
9.999999999999999124e-06
9.999999999999999124e-06
9.999999999999999124e-06
9.999999999999999124e-06
9.999999999999999124e-06
9.999999999999999124e-06
9.999999999999999124e-06
9.999999999999999124e-06
9.999999999999999124e-06
9.999999999999999124e-06
9.999999999999999124e-06
9.999999999999999124e-06
9.999999999999999124e-06
9.999999999999999124e-06
9.999999999999999124e-06
9.999999999999999124e-06
9.999999999999999124e-06
9.999999999999999124e-06
9.999999999999999124e-06
9.999999999999999124e-06
9.999999999999999124e-06
9.999999999999999124e-06
9.999999999999999124e-06
9.999999999999999124e-06
9.999999999999999124e-06
9.999999999999999124e-06
9.999999999999999124e-06
9.999999999999999124e-06
9.999999999999999124e-06
9.999999999999999124e-06
9.999999999999999124e-06
9.999999999999999124e-06
9.999999999999999124e-06
9.999999999999999124e-06
9.999999999999999124e-06
9.999999999999999124e-06
9.999999999999999124e-06
9.999999999999999124e-06
9.999999999999999124e-06
9.999999999999999124e-06
9.999999999999999124e-06
9.999999999999999124e-06
9.999999999999999124e-06
9.999999999999999124e-06
9.999999999999999124e-06
9.999999999999999124e-06
9.999999999999999124e-06
9.999999999999999124e-06
9.999999999999999124e-06
9.999999999999999124e-06
9.999999999999999124e-06
9.999999999999999124e-06
9.999999999999999124e-06
9.999999999999999124e-06
9.999999999999999124e-06
9.999999999999999124e-06
9.999999999999999124e-06
9.999999999999999124e-06
9.999999999999999124e-06
9.999999999999999124e-06
9.999999999999999124e-06
9.999999999999999124e-06
9.999999999999999124e-06
