6.096189167206046700e-02
2.289405798571103948e-02
3.576077629010718240e-02
1.920601871792071424e-02
7.251479810946283126e-03
4.245091919308267847e-03
1.743862051492989880e-03
2.515820269520019793e-03
4.650682021747516715e-03
5.043627893733258587e-03
9.242762022432835607e-04
2.816060137132906163e-03
4.807018926438107360e-03
2.050432066516899663e-03
8.683614761808302294e-04
1.299994120407347350e-03
3.409804034789736525e-04
1.115016654317645562e-03
8.627188803739749496e-04
1.160673714568143675e-03
8.500949184960975621e-04
3.098815813005775755e-04
2.950414085042224834e-04
5.313143996516046319e-04
2.632584642571468244e-04
2.175218189316814534e-04
2.009429723600909790e-04
1.458956588832740564e-04
1.546589763913131064e-04
1.385211901881319100e-04
1.258784051788920417e-04
9.968714431719409618e-05
1.093049161823286613e-04
1.302619542352591471e-04
1.237034017261847525e-04
8.649220437666490884e-05
9.558719573967848536e-05
8.328377990132166016e-05
8.974539071448413828e-05
8.054635531950764672e-05
5.761305533192707473e-05
7.518703456168932279e-05
6.411485724263717601e-05
9.339246004098740385e-05
8.432488421362842378e-05
6.430050191872764022e-05
5.629346462075510935e-05
5.057256980297986088e-05
4.486883468215834263e-05
3.578542174181116239e-05
3.168112299985129511e-05
4.569672828691148815e-05
8.040780401846097172e-05
4.527258133919108998e-05
7.093816251229233727e-05
5.863676338511351042e-05
4.549747871330940541e-05
4.175222986264045340e-05
4.224526569745786343e-05
5.605588512000759957e-05
5.584978666465058235e-05
3.981212767401523110e-05
2.658234500519200807e-05
2.914624125073227360e-05
3.362340861138410131e-05
2.592817889851768673e-05
1.975873413294541324e-05
2.585503590177770785e-05
2.623906367117440248e-05
2.098276310265260105e-05
2.500932136045982282e-05
2.452151699505533211e-05
2.327367170325651206e-05
2.506700132654139787e-05
3.569748812181604552e-05
2.894669182414962770e-05
2.983055470951640235e-05
3.131333375704937870e-05
2.531730425877253284e-05
2.298759549958983713e-05
2.302193077992458275e-05
2.191200266165018994e-05
2.208892797188173959e-05
2.113429558143272393e-05
2.712251276925311291e-05
3.154216948626474841e-05
2.732118754178342146e-05
2.549408443178663902e-05
2.293007870213606493e-05
2.396421051969364690e-05
2.681155453053609488e-05
2.835776224135706200e-05
2.607142708438720539e-05
2.452877216757698618e-05
2.081310412010045594e-05
2.104953492182744590e-05
1.793744245983308269e-05
1.933580859064366420e-05
1.933109832973212155e-05
1.673687548001015317e-05
