7.483563514132195518e-03
2.495399773795589811e-03
1.379355631453369488e-03
4.312053854489578965e-04
3.364593877342764335e-04
4.875303304062431802e-04
9.368500207492350433e-04
1.004812180235998274e-04
5.151443276676383968e-04
3.181563138863925666e-04
9.339423005116277861e-05
1.048203255217446128e-04
1.184843589161058602e-04
6.255309282143866831e-05
7.314065275609259447e-05
2.296242779533190549e-05
3.455083027675417501e-05
2.262306473949485567e-05
3.562618530194764212e-05
3.046379095772356916e-05
2.185185605864687017e-05
1.981229659401355947e-05
2.513390829784957654e-05
1.740827286508846156e-05
1.681783351031321071e-05
1.315484744356843203e-05
1.311583683170970026e-05
1.678384643257919013e-05
1.498079974353155321e-05
1.180462840986878777e-05
1.536642473922304243e-05
1.173797762417494389e-05
1.067771210006971983e-05
1.193742876912123234e-05
1.477549179723834663e-05
1.018572660375148741e-05
9.297124432756039589e-06
9.297341701962006109e-06
9.240836172139539392e-06
9.004585665443575197e-06
9.189843992735003526e-06
9.180525077905421299e-06
8.639511187877888730e-06
8.501130982831464229e-06
8.359748502275950367e-06
7.739144426326416166e-06
7.809977900273735278e-06
7.835090828980870859e-06
7.534103636049596803e-06
7.535134079475029340e-06
8.077463632232097571e-06
8.974439505924197274e-06
9.405918553525810822e-06
7.070293794820548797e-06
6.290076422277551890e-06
6.274680085561429431e-06
6.269597787517337858e-06
6.380572033675933174e-06
6.028809075425644833e-06
5.565901939673787482e-06
5.494962147346117910e-06
5.691247344443307860e-06
5.776459969208097822e-06
5.596852460332838701e-06
5.592051386942301967e-06
5.937235753097031097e-06
6.368230357204590830e-06
5.724278621100748465e-06
5.543186443959158704e-06
5.730410965472486074e-06
5.463920787261189831e-06
5.705653189251665117e-06
5.753157667355424443e-06
5.524595636472281282e-06
5.575896870700574309e-06
5.638944345701362497e-06
5.656018501459580405e-06
5.540620787574770367e-06
5.536549190389173717e-06
5.648930412253237466e-06
5.606891399716062471e-06
5.383805533182871529e-06
5.290928656134275268e-06
5.485241972125142145e-06
5.596022358863501255e-06
5.799397528949871472e-06
6.134900232986411700e-06
5.829003900612300394e-06
5.509163901243753996e-06
5.357724832341381218e-06
5.353800762126352224e-06
5.352073376344866875e-06
5.490943394007408034e-06
5.359275956326335648e-06
5.416806437347988150e-06
5.435225986597824945e-06
5.323969240422716441e-06
5.316958810730360469e-06
5.537311363748186894e-06
5.690617876534859202e-06
