1.256415876667874368e-02
4.602714776737941264e-03
4.353064456604039539e-03
2.453558997277957478e-03
2.458083502384146232e-03
5.282365684604252865e-04
8.164919382721412154e-04
1.458435963404911516e-03
2.509288546684600510e-03
2.764876511448024219e-04
2.303945994102836188e-04
1.932994780648964470e-04
2.181378970405106678e-04
1.223540738534972122e-04
9.978435376651399974e-05
3.929857290178448632e-05
8.756702046276326247e-05
5.198760065131324891e-05
1.246676451040516027e-04
5.027136836195540681e-05
4.646660043336181534e-05
4.468503811309053385e-05
4.449266959885256166e-05
3.747929682659326416e-05
3.061962143440023526e-05
1.846602753579563026e-05
1.913335147322858465e-05
1.944277217137481585e-05
1.876932361058229694e-05
1.968548899816747783e-05
2.345977145599993907e-05
1.520808921833167585e-05
1.623189484708678108e-05
1.645002953390698375e-05
1.726615025467982285e-05
1.653109218794835729e-05
1.415020233145657844e-05
1.497289253148786847e-05
1.499401089145061787e-05
1.373780931116252233e-05
1.461769825708769137e-05
1.143902817285083210e-05
1.001148651195318023e-05
9.627255572779369746e-06
1.045214709532144869e-05
1.040993837072737357e-05
1.053996928425596897e-05
9.822625330844125048e-06
1.093158547180122371e-05
1.074592681188152144e-05
1.221238175351510736e-05
1.229431969157606428e-05
1.232105106007618341e-05
9.306553611627447638e-06
8.332723095938045251e-06
8.662939346124365504e-06
9.718774265196264468e-06
1.045888182588706326e-05
8.467982615660671515e-06
7.454505022306955589e-06
8.118818407870933307e-06
8.757338763359143768e-06
8.275896170580733532e-06
7.514379397170955086e-06
6.832817380767461806e-06
7.356814981967393411e-06
7.455277055815621468e-06
7.235085664415940682e-06
7.218644622947247205e-06
7.915499060055336918e-06
7.015828263672511500e-06
6.779736424939045776e-06
6.426174179214375591e-06
6.659052650180074426e-06
6.982020794101384831e-06
7.102088113567587164e-06
6.683919319317779614e-06
7.193479542658677744e-06
7.189173897867187456e-06
6.799566266093097715e-06
7.366375889494648176e-06
8.496545242949837644e-06
7.875101531301295486e-06
6.899215086975718252e-06
7.631287288839460202e-06
7.686277460121947731e-06
7.852713645317565839e-06
6.296586794794218055e-06
5.785187066513602228e-06
5.557427860739336295e-06
5.491302501222843268e-06
5.595001595916016762e-06
5.553488708793383123e-06
5.486403735617983588e-06
5.437939915347078643e-06
5.387412202350606715e-06
5.544172532103917490e-06
5.478925699727767653e-06
5.607493333301731295e-06
5.617099075620935401e-06
