3.774554754944095536e-02
1.326592469915406809e-02
5.415294420820167959e-03
1.275159766535724666e-02
5.863919277751513184e-03
6.709213535907976311e-03
6.916299671786556823e-03
4.505809130764819488e-03
1.262428477983930722e-02
1.660814241889450784e-03
5.540504204868181362e-03
1.631239864170878559e-03
1.852164027576412401e-03
5.063538162833112035e-04
8.298568337017851433e-04
3.052102354250694539e-04
3.831067616493154227e-04
3.763970943481344971e-04
8.925858583177441290e-04
1.003610330374262718e-03
2.019425591820788542e-04
1.876870468772194394e-04
3.604458361261746809e-04
1.754550081145791378e-04
2.356243924921827494e-04
1.656366163559410960e-04
2.189885397123308010e-04
2.208158105216371039e-04
1.772295728074153170e-04
1.548959285937730830e-04
1.556976452851258129e-04
1.131655093852255197e-04
9.397888610138423041e-05
7.242705782834988617e-05
1.254210954114985709e-04
9.070680588039736227e-05
5.172143033640786748e-05
8.690129261691767590e-05
9.528695303257654398e-05
8.037938434594229045e-05
7.540243652907793444e-05
6.500794059149161215e-05
4.510404019969406502e-05
5.051799274727521188e-05
4.680420685710651152e-05
5.769842496859617023e-05
6.660943998643190339e-05
8.048371524601947026e-05
8.540827168386777850e-05
1.032795976322341855e-04
6.181410601039137110e-05
5.330236363050116333e-05
4.820320591230831472e-05
3.049482350209880443e-05
2.969647492450695967e-05
3.042369974635470131e-05
4.779462834909752907e-05
4.890672599909158254e-05
4.122223471799099409e-05
3.645555314436824319e-05
2.020775782400658250e-05
2.134239503391835067e-05
2.123750803270560542e-05
1.922844501619697097e-05
2.116899699032297576e-05
2.405976703884763062e-05
2.269798661814875142e-05
2.163190179941897702e-05
1.960331128495517773e-05
1.686000907878595895e-05
1.660216207237715720e-05
1.402616439667932347e-05
1.729983965488741271e-05
1.485442998819651796e-05
1.699741531777260804e-05
1.992537504988872843e-05
2.349818302068083957e-05
1.898450535220147444e-05
1.714335569175991851e-05
1.808649645324286056e-05
1.585648773001252073e-05
1.496344812696333655e-05
1.956088461357213113e-05
2.577209796546415399e-05
2.348292675571307452e-05
2.634995268806661706e-05
1.496436173874845371e-05
1.501591455201658061e-05
1.175125798843107889e-05
1.183961863403366844e-05
1.134870559938547787e-05
1.148246322507862040e-05
1.248946810202880350e-05
1.240353185275164671e-05
1.280112641921971902e-05
1.284475253800883098e-05
1.316992955823946105e-05
1.420599657720190279e-05
1.500468500298498085e-05
1.490844362436168912e-05
