5.980712963213627789e-03
4.759029828216381451e-04
1.110414166403590015e-03
3.751552713979521892e-04
4.542961853468155072e-04
5.735607065786560215e-04
3.828303699331576937e-04
1.274998378952549630e-04
6.043668781534700324e-04
2.972566927341140238e-04
1.278830825553693284e-04
5.763203813917378509e-05
1.848524071056500246e-05
5.863196593331367615e-05
1.364068990800612736e-05
1.790588944105490476e-05
1.233014966617600865e-05
2.264876885761654416e-05
2.425262356580988244e-05
9.428613357536957785e-06
7.379684155840278767e-06
8.798805809035342175e-06
8.209816473413884526e-06
8.750274737529475260e-06
7.116574900748173805e-06
8.983492554267577215e-06
6.959273737155954366e-06
6.347265650288655172e-06
6.562457923847123790e-06
5.617175915639916625e-06
6.959258109779438862e-06
6.224032818766888675e-06
7.200798519197168915e-06
6.479730216929520726e-06
5.259403183599081202e-06
5.625675624357051355e-06
5.489206427726478579e-06
5.306150230454705283e-06
6.101882202805759993e-06
5.671169522279630344e-06
4.721355308869937882e-06
5.300778598899626711e-06
5.220297627505845311e-06
5.390546419898070314e-06
4.834606962415450075e-06
4.657892977273849299e-06
5.399723085180210430e-06
5.547222064529344354e-06
5.086989609447015348e-06
5.303993338866531363e-06
4.842663551053249412e-06
4.935049291194725620e-06
4.706792100127167720e-06
4.904591454744967317e-06
4.930105852617450676e-06
5.159395649173752599e-06
5.402245775087740176e-06
5.583935691626586692e-06
6.034265069872009621e-06
6.195680789687454811e-06
6.798061669361604241e-06
8.425474038973996519e-06
9.901248260987509448e-06
9.989174151829813557e-06
9.992801206321577534e-06
9.992702994832797407e-06
1.000000000000000082e-05
1.000000000000000082e-05
1.000000000000000082e-05
1.000000000000000082e-05
1.000000000000000082e-05
1.000000000000000082e-05
1.000000000000000082e-05
1.000000000000000082e-05
1.000000000000000082e-05
1.000000000000000082e-05
1.000000000000000082e-05
1.000000000000000082e-05
1.000000000000000082e-05
1.000000000000000082e-05
1.000000000000000082e-05
1.000000000000000082e-05
1.000000000000000082e-05
1.000000000000000082e-05
1.000000000000000082e-05
1.000000000000000082e-05
1.000000000000000082e-05
1.000000000000000082e-05
1.000000000000000082e-05
1.000000000000000082e-05
1.000000000000000082e-05
1.000000000000000082e-05
1.000000000000000082e-05
1.000000000000000082e-05
1.000000000000000082e-05
1.000000000000000082e-05
1.000000000000000082e-05
1.000000000000000082e-05
1.000000000000000082e-05
1.000000000000000082e-05
