1.078075969850174169e-02
1.299459004027664908e-03
3.718295328339734241e-03
4.200853501250149946e-03
1.739328571819152413e-03
2.355777875829923648e-03
6.187570638538464167e-04
6.231929725825800705e-04
2.247656241189228965e-03
7.561271670147360182e-04
6.311049281220895528e-04
2.618726381569859841e-04
9.285633643915139313e-05
1.959716764066326612e-04
3.886277875435980076e-05
7.636767900067093807e-05
4.400961448777361736e-05
8.478013161519940932e-05
1.035305434188261254e-04
6.621462796933877393e-05
5.080659953877724729e-05
4.326822818819570820e-05
3.003314978333905747e-05
3.339363375212730519e-05
2.220619488593283491e-05
2.326472753180245469e-05
2.154228678410414938e-05
2.025304659653784045e-05
2.706688615506423290e-05
1.601052680448798637e-05
1.573700979356925750e-05
1.501469150457081391e-05
1.699462295197567250e-05
1.416655952694138221e-05
1.354581008964719462e-05
1.833300857146383982e-05
1.526858924917337079e-05
1.452586540422745163e-05
1.463712603226923323e-05
1.487587364386398923e-05
9.950114336340787769e-06
1.021732501954207124e-05
9.734874329178663083e-06
1.087861868718835730e-05
9.902112054174423908e-06
8.023557933989662610e-06
8.547874891622539158e-06
8.614927533697291201e-06
1.092317189840343523e-05
1.145926939814371934e-05
7.150368073016985434e-06
7.808589744144165155e-06
8.460006172050257264e-06
8.861253449484076986e-06
8.586790931293831415e-06
7.285522033406441714e-06
6.002418384711868616e-06
8.735533249915661527e-06
7.634412135088238589e-06
6.232248712227954259e-06
5.597152391148906010e-06
5.386885589853961853e-06
6.442054043522353320e-06
5.508479225565380295e-06
6.377616986454382494e-06
6.619705644091046780e-06
5.835035702846341931e-06
6.524651961618666184e-06
5.977774526503335663e-06
7.122136777819340757e-06
6.468598011773816139e-06
6.349744506257223406e-06
6.301222488789024067e-06
5.548372210609053841e-06
5.282603855527965955e-06
6.843433762421560526e-06
8.285228164083536070e-06
6.612757763491095959e-06
5.258413612948007911e-06
7.589558212314440408e-06
7.098488114974521324e-06
4.954252965324392971e-06
5.068605664461507870e-06
5.266820576924707788e-06
5.029784019434176647e-06
4.954694995515431327e-06
5.165603613273575988e-06
5.178889627018250428e-06
5.139688559136243345e-06
5.352432280418024296e-06
5.318590299670287513e-06
5.198847925779217993e-06
5.081538718706646151e-06
5.152369124368730612e-06
5.278414635698923287e-06
5.294934453543479474e-06
5.125096555519480818e-06
5.070541999936413961e-06
4.909373025517100739e-06
4.866647739489189244e-06
