2.027644328508067945e-02
1.406695359502552201e-03
5.908472149195577450e-03
1.042105508023752000e-02
5.776326013781377111e-03
4.869119452966039555e-03
3.400063059642517965e-03
2.546855228996290892e-03
4.102332479239871078e-03
2.378633414544119307e-03
1.418351301073383442e-03
5.025350499091103991e-04
3.543150117947903082e-04
7.730626042436381223e-04
2.249479929235316436e-04
1.798711379821807345e-04
2.980474859286112743e-04
6.515056176223174697e-04
5.391488312327433717e-04
2.775996389768804772e-04
1.744587805633061590e-04
1.178771538727116472e-04
1.502335142346839382e-04
8.762339596299502896e-05
5.864797149545260225e-05
8.060266031526486729e-05
6.921484940585728761e-05
6.861814974689644142e-05
9.033798718106459443e-05
5.366841022497733456e-05
4.834434972799697922e-05
3.899300699279141421e-05
4.152256439633131307e-05
4.788836446425472852e-05
3.209157102001693711e-05
3.338834617847993115e-05
3.237998609771969749e-05
2.765567841087401900e-05
2.572932811629470755e-05
3.022155864388271045e-05
3.270435117265629312e-05
3.147094529662908171e-05
2.187264218731201502e-05
2.077617618046610255e-05
1.806570913236485963e-05
2.573671115919642094e-05
3.611165538172605549e-05
2.073519163273513253e-05
2.279320733795301665e-05
2.325029169192618692e-05
1.737421336609422566e-05
2.225893868620573623e-05
2.404243774182729791e-05
2.489061619574589102e-05
2.270183944678185991e-05
1.958349136892512072e-05
1.866135252951077084e-05
1.575229403099669487e-05
1.383130264806913939e-05
1.692767244267241576e-05
1.685807291047523100e-05
1.283430948601647816e-05
1.062870408436669875e-05
1.212371839904933374e-05
1.727144731592678633e-05
2.752807024552477108e-05
2.426593650517640542e-05
2.071327680932303508e-05
1.750370337103030542e-05
1.288900159483697721e-05
1.158575853781831847e-05
1.330204927722680557e-05
1.430429602754374145e-05
1.345941769930978809e-05
1.707721449857056353e-05
1.996304428070383422e-05
1.516260623366383957e-05
1.325084050700749616e-05
1.428700772817484946e-05
1.502076679004416626e-05
1.813819614950429096e-05
1.929415027008362681e-05
1.758377637596344117e-05
1.328688527873908703e-05
1.140290873169114175e-05
9.691898463122601608e-06
8.135105797842950254e-06
8.037301007603468681e-06
8.227008909407267193e-06
8.505099560352487881e-06
8.771312573135233006e-06
8.832186030043447122e-06
9.805817557573278087e-06
9.977764227633646222e-06
9.802057329299848219e-06
1.017242620863179806e-05
1.023825286807098264e-05
9.469058560318155025e-06
8.728297612727422742e-06
8.108402127465399645e-06
