3.980169696093494025e-02
3.531842670420050519e-03
1.500421166270954690e-02
2.246848899678838274e-02
9.814234315867045866e-03
9.194763293477075869e-03
5.308305282538072940e-03
7.780153900018881193e-03
1.218858021405521720e-02
6.939577827248856814e-03
3.400615038627750799e-03
2.064988334441296945e-03
9.113214405570674824e-04
1.067333488912093706e-03
2.361280707932527159e-04
4.531625923135607840e-04
8.319558329471556926e-04
1.563614903593821140e-03
8.545529105267664653e-04
7.617226563543383344e-04
6.022095504596582495e-04
4.381610093985508479e-04
3.045550552426777016e-04
2.150874522993034886e-04
9.152834593488988685e-05
1.359926493315498548e-04
1.381103124433347585e-04
1.195085135205057220e-04
1.538701967239449028e-04
1.151319081512571500e-04
1.014226389070004041e-04
1.008829762092048634e-04
1.068379126605316153e-04
8.920951414248979184e-05
9.181404354530188462e-05
1.171240603456900729e-04
8.990642965602897903e-05
7.743234533357437198e-05
9.211489071160201543e-05
6.341578402248765388e-05
5.618146637328156961e-05
5.980290457710311740e-05
6.265982949409518090e-05
6.311039985345497691e-05
5.289950663089463569e-05
4.035054427298247589e-05
5.814645355171951921e-05
4.037365718496114853e-05
4.270857458889839811e-05
6.027209192848735278e-05
5.094862967416465075e-05
5.532886414086405887e-05
6.280781618568393593e-05
5.101232458908814356e-05
4.025299313720849867e-05
3.689509896544367388e-05
3.086056909884150363e-05
3.147628946027708561e-05
2.595763384732700378e-05
2.759539684264219526e-05
3.041422398732346070e-05
2.900381724239475261e-05
2.730196908558945961e-05
2.422389915879728583e-05
2.632822760895378871e-05
3.036333541159628083e-05
2.924971125676865852e-05
3.269343106785563242e-05
3.037556028169878565e-05
2.898283039571991022e-05
2.789863303355220945e-05
2.756161727717058353e-05
2.545124383966800136e-05
2.268615084038730256e-05
2.757257720788911702e-05
3.268996745394026754e-05
2.838365111148641887e-05
2.539455340399278147e-05
2.231582643587363924e-05
2.486642747612135334e-05
2.921242317821690909e-05
1.833661003213058949e-05
1.855791753437852133e-05
1.916833705045307905e-05
1.608133597663617144e-05
1.865693082343678074e-05
1.999125049721508520e-05
1.818978736380697073e-05
1.698607892040661019e-05
1.685435954625687412e-05
1.712523623679839939e-05
1.683244651065999317e-05
1.633133800785424643e-05
1.768986085308717833e-05
1.930824498658138773e-05
1.927208703706427030e-05
1.896006789905278929e-05
1.666912042162752993e-05
1.325016867752470852e-05
1.207391932205108469e-05
