5.772588708853521391e-03
3.686103742630932479e-03
1.049731314410347512e-03
4.405644930949990283e-04
1.491306038895560406e-04
2.578002768675521916e-04
1.188846613462178701e-04
5.356948862184061390e-04
1.236931591068582458e-04
1.228085207394106245e-04
1.465447574965637911e-04
7.876600756239301093e-05
4.816449030646357648e-05
3.823334665384131809e-05
3.651286438074550654e-05
1.289465270330028126e-05
3.144040608398348727e-05
1.476424042376223459e-05
1.863347388694191410e-05
1.514640826817874881e-05
1.421806238199913136e-05
1.100316379768155386e-05
9.501266401468001346e-06
1.205466653830229624e-05
1.208916133163980531e-05
1.164097991074285741e-05
9.779891725579838632e-06
8.902957824127863472e-06
8.890439873957729720e-06
9.789304490080693870e-06
1.083241978115802788e-05
1.025567598346014020e-05
9.439895857563446036e-06
9.171663042281802121e-06
9.247840155398432305e-06
8.791563785767075634e-06
1.016023790218238758e-05
9.975863691180912013e-06
8.133641747674671342e-06
8.380805263369324587e-06
8.630081844054964354e-06
8.817061249089373171e-06
7.663786070975085564e-06
6.933192265125533841e-06
7.010934656905256730e-06
8.603940265015023569e-06
8.477414283607487549e-06
7.196662052030116305e-06
6.743994829910267260e-06
6.973471254763437926e-06
7.319404833595024364e-06
6.921679997362053553e-06
6.182324507921743097e-06
5.567159738898141319e-06
5.714366134788210798e-06
5.903509878034389473e-06
5.799271653845643055e-06
5.584523511020952113e-06
5.279754252285005733e-06
5.391402296125381655e-06
5.356578433505447111e-06
5.570038817743172014e-06
5.763038396038256745e-06
5.362706909007893387e-06
5.138940609611507253e-06
5.174823630931587532e-06
5.288406625130530157e-06
5.265539848021439619e-06
5.154590510286166950e-06
5.176267179361945171e-06
5.394056460881076662e-06
5.473355064502686551e-06
5.576741977670696383e-06
5.434287923703889595e-06
5.480650533765400060e-06
5.338808142602647554e-06
5.371194652648636658e-06
5.440072477771756937e-06
5.425146808441281632e-06
5.380415012433072711e-06
5.400258051320287055e-06
5.431405854716158367e-06
5.514960763507875662e-06
5.555064993868654245e-06
5.530085138739637515e-06
5.646965174347189042e-06
5.554209355432391115e-06
5.646597600100989245e-06
5.777003808039576097e-06
6.008963735692691512e-06
5.834758398781375707e-06
5.907981484322765482e-06
5.800233165160337293e-06
5.768238999150310876e-06
5.836700744955553649e-06
5.948771616541334590e-06
5.950023093384482246e-06
6.042020296270677700e-06
6.206436120236497675e-06
6.128542423654992902e-06
