9.794200920719876510e-03
6.873475510892575191e-03
1.376857095204105227e-03
2.445681941975121499e-03
5.551927324828329936e-04
5.865102334013401865e-04
4.565896815285279777e-04
1.559044106205685837e-03
2.321722136961191488e-04
2.658206894600911234e-04
1.743495192856023594e-04
1.050474049629927716e-04
1.958699416815402991e-04
2.011856813083151769e-04
1.338878351916311465e-04
7.593972081210148680e-05
9.793788518375917164e-05
8.123180585503506817e-05
2.733365180918341368e-05
3.783365316614802125e-05
2.168927350955436904e-05
2.356432640235180551e-05
2.776098800680509439e-05
2.561736644319971350e-05
2.070128153148701041e-05
1.497229458097450550e-05
1.509064061412706948e-05
1.484341766255013938e-05
1.505261148570697323e-05
1.483549819577977684e-05
1.711948002593917067e-05
1.882552057885110073e-05
1.573272472681794357e-05
1.830168943206700140e-05
1.663466271363968935e-05
1.659140638341488949e-05
1.761662424467114093e-05
1.549361842915886444e-05
1.371587045078696180e-05
1.599018201051920619e-05
1.885233088504785823e-05
1.665605301339440246e-05
1.418705094832331208e-05
1.390142820178150703e-05
1.280120451609034391e-05
1.621047741030101185e-05
1.698205313524187401e-05
1.420190961130254466e-05
1.010893012025054969e-05
9.931194249484951442e-06
1.110808322977882016e-05
1.102955789865339252e-05
9.507913166966986960e-06
8.086936835373132755e-06
1.016875919970025639e-05
1.003717430670010490e-05
8.637323920426560531e-06
8.697942574940120005e-06
9.674116880532520804e-06
8.772953602617457103e-06
7.551413046523993558e-06
7.434106664691997261e-06
9.635968314117406163e-06
9.376156384047933042e-06
7.425169061629880776e-06
6.807164402885247748e-06
7.018941538061926954e-06
8.836948704812006976e-06
8.751901401627857572e-06
8.705657862386731701e-06
7.973283190600430074e-06
9.218505506717513334e-06
9.084700446099100053e-06
8.250701404661816548e-06
8.952439110997202393e-06
8.025301728739412725e-06
8.178683668854252827e-06
7.074179481730420615e-06
6.739100588644495090e-06
6.881782634302456213e-06
6.096706247927227388e-06
5.681272386728765678e-06
5.578444391579018609e-06
5.391233780019892863e-06
5.212897675196793523e-06
5.155110568864831014e-06
5.199158156936620616e-06
5.194896572754174283e-06
5.165030020505427678e-06
5.366721730813740799e-06
5.600113799761839797e-06
5.996922570778968397e-06
6.028445307623274672e-06
5.799511296390188710e-06
5.577226828610804836e-06
5.606450666531881634e-06
5.496114545848715494e-06
5.420489396941088432e-06
5.387311042305677355e-06
5.199431654068509278e-06
