1.878629523710824770e-02
1.290590398616223156e-02
4.293753977213954701e-03
6.330494200272324644e-03
1.795242280225470494e-03
4.003686603590350668e-03
3.034872634451827537e-03
5.927711464122164750e-03
1.013987630571296615e-03
8.109893272575718686e-04
1.007075173659726427e-03
4.744590093385930418e-04
3.698238007969703741e-04
2.194466088552971385e-04
2.800519872324372579e-04
1.661346066457132834e-04
2.540834556614227644e-04
1.813288294073893902e-04
1.500295513789408331e-04
1.931237109554110123e-04
1.040147557117956153e-04
6.081141076752786585e-05
6.687902606068409561e-05
6.070459071395318260e-05
8.658500036871868532e-05
6.153654391331805982e-05
6.313568757418911044e-05
3.636818761651996405e-05
4.602418644790564955e-05
4.695843699564449094e-05
5.469552187991442998e-05
4.978739437070126629e-05
3.062485634694178660e-05
3.126779885477192839e-05
3.117799761250184047e-05
3.632508812137131990e-05
3.837921333663287101e-05
2.764672719483293080e-05
2.467129845830434712e-05
3.331285086563992402e-05
2.347323945169917832e-05
2.775035586159941490e-05
2.239779776042286215e-05
2.119694791455203618e-05
1.899179314675614665e-05
3.013408498592482878e-05
3.461400726731464342e-05
2.638106564857104212e-05
2.234659033016170274e-05
2.560096391926684954e-05
2.248743560021047372e-05
1.950155377434196669e-05
1.784614735281140499e-05
1.861497897721399350e-05
1.741387149503526016e-05
1.471613765329595216e-05
1.531642434741080751e-05
1.447243402515930466e-05
1.593002552950652286e-05
1.248550423864183292e-05
1.278343400282193935e-05
1.670748467389192009e-05
1.639077416996271186e-05
1.675820021794007121e-05
1.469761621933027781e-05
1.444707831921493964e-05
1.447185662181103444e-05
1.369339863885452027e-05
1.269344012060335866e-05
1.161820839651631948e-05
1.453411870482130727e-05
1.646737672291401645e-05
1.511441919338441249e-05
1.121597343933440411e-05
1.217763357769638245e-05
1.254862874614709691e-05
1.467662396676961511e-05
1.286307460059702176e-05
1.093039130794754729e-05
8.948726598428647484e-06
9.468493295872964000e-06
9.908655731781576068e-06
9.757861176091607439e-06
1.037399719362141089e-05
9.892743332737012068e-06
1.019339674000513569e-05
1.105767895845884805e-05
1.177170154549487845e-05
1.091515102143635348e-05
1.097406580403747839e-05
1.161245518753774263e-05
1.136970039873791957e-05
9.454054751519373192e-06
8.543687941911821886e-06
8.128468908856527819e-06
7.565953224629588372e-06
6.749542891503459627e-06
6.458335141005426897e-06
6.103483436435312824e-06
5.957778797940211660e-06
