3.217206819093795106e-02
1.922506657596714102e-02
8.605189613967613796e-03
1.221439698237871026e-02
4.006136954249802859e-03
5.936037412806270848e-03
6.434100254744642804e-03
1.645180727108678381e-02
3.447725255515579623e-03
2.900608209556996154e-03
2.923848149858377168e-03
1.506095296415065283e-03
1.452603006754276402e-03
5.384597235381533573e-04
5.442615155830902041e-04
5.381873777535303629e-04
1.219164968708407555e-03
3.360929339675996228e-04
3.154777072280943269e-04
8.316062109629371486e-04
3.129989748026601828e-04
2.346421600971417552e-04
1.677507100167290705e-04
1.993403572424010518e-04
1.487245254295454751e-04
7.142783523890233917e-05
9.156428760039860785e-05
8.260101745234797483e-05
9.583947290620031237e-05
1.228501963260958743e-04
1.068639101096307078e-04
8.058585312897156264e-05
6.245412933440014564e-05
7.765997911965108913e-05
9.571836711196136179e-05
7.249059160758107210e-05
1.166198597869621422e-04
4.351132717087607488e-05
4.544000879330504486e-05
5.356879994845245590e-05
3.586754256182198171e-05
3.495654824135537838e-05
4.085919791515019357e-05
5.454011707698434749e-05
4.289065192666478989e-05
5.474694878757575470e-05
5.440956534683305545e-05
5.051319049700014148e-05
5.553696741370350555e-05
4.807924755660586880e-05
4.606767842140734726e-05
4.006956885588389860e-05
3.285082252723954164e-05
2.404181180300550707e-05
2.255860653151419852e-05
2.015920473779078548e-05
2.656107101748315596e-05
2.303214782721451877e-05
2.452708521037118308e-05
2.068624743142741625e-05
2.973979951906219330e-05
2.831613589055956881e-05
2.829096036607409533e-05
2.342327723917902462e-05
2.448766513007489604e-05
2.342867281125943389e-05
2.230342754589602540e-05
2.193773780760256025e-05
2.297431125627968579e-05
2.455727822180769589e-05
2.762915530147404882e-05
2.392987665944927510e-05
2.454197173614087492e-05
2.509057005754569174e-05
2.290155605352177650e-05
2.043309590194009173e-05
1.759154355146161364e-05
2.054024975628526708e-05
1.933518249413891107e-05
1.762490592653949997e-05
1.858496690329205172e-05
1.621246530061468176e-05
1.412692870969531671e-05
1.347391036422792363e-05
1.432080233486726302e-05
1.478515343059663070e-05
1.553778681145796047e-05
1.669356234329289723e-05
1.752118020248095211e-05
1.793920262465065885e-05
1.742539515575830409e-05
1.468318348066512805e-05
1.211121697145010232e-05
1.134765238801363160e-05
1.103576323100373922e-05
1.050597875816813953e-05
9.498575704425120706e-06
8.447016385254597153e-06
8.392078873945002046e-06
8.198738707706341484e-06
