5.040406642942626102e-03
2.432301920944082273e-03
1.458243950776536187e-03
1.770162337436930215e-04
4.622895131542135170e-04
5.795299606697519330e-04
3.375479062355249893e-04
3.412711708759925337e-04
3.211739768944144383e-04
1.514693287721593140e-04
1.264705085166980972e-04
2.164978989722739927e-04
3.394731592222499075e-05
9.096289057868969298e-05
5.904718647806791733e-05
2.202481415901825338e-05
1.223382089903773042e-05
1.575536806173957500e-05
2.327996614659261188e-05
1.494293479115807350e-05
1.244327478261043393e-05
9.700188340825356052e-06
1.163003868905510170e-05
1.025881343907780006e-05
8.473992629369549398e-06
9.357179788025413438e-06
7.276689757650373222e-06
7.539562138021611486e-06
8.212647264978667239e-06
8.597123641624115816e-06
7.340599777423356390e-06
6.095985933306982804e-06
6.200304004792221736e-06
6.314224683045932378e-06
6.408113931286095892e-06
6.202558640395264978e-06
5.360150246625021466e-06
5.625328371847803596e-06
5.409280598224768829e-06
5.770511207899635128e-06
5.260096561701731603e-06
5.542841714511408865e-06
5.475525627768780895e-06
5.553855349883764544e-06
5.629950007226763330e-06
5.548697000859875706e-06
4.983500637633896056e-06
4.870286097558755078e-06
5.028340629070172119e-06
4.891760026961159578e-06
4.920468762580949111e-06
5.079361097782100922e-06
5.219017061877884723e-06
5.144174371540423232e-06
5.047239984408933873e-06
5.021818883414625092e-06
4.941856008567573637e-06
5.148960682815201928e-06
5.074729318290264355e-06
5.244792234460134290e-06
5.246595209437022171e-06
5.854068333567422075e-06
6.044647736583882739e-06
6.083724076513929161e-06
5.975035890172083988e-06
5.961375150424710861e-06
5.769900516739763196e-06
5.427932552655426127e-06
5.465621687840671968e-06
5.436594530267277886e-06
5.244411839130709455e-06
5.493360542197797451e-06
5.387326047981254854e-06
5.723061036252697035e-06
6.071067964580744033e-06
6.885494438597629941e-06
7.356575897805907937e-06
7.729560318326401518e-06
7.816404031111187623e-06
7.670137786272787921e-06
7.642866707791524925e-06
7.683650362685952640e-06
7.870852259508650097e-06
7.833568570413872124e-06
7.868782798747069097e-06
7.813259028630389276e-06
7.579902055922737776e-06
7.427983479877895195e-06
7.460160839836339248e-06
7.628509115443831739e-06
7.883778016879927148e-06
7.981006795238735908e-06
7.730800097868330308e-06
7.599762853200634463e-06
7.761688424909213730e-06
7.926148456316972252e-06
8.194137988614326083e-06
8.522338963758692185e-06
8.548267660684728692e-06
8.489300944658422651e-06
