1.460420706261492986e-02
7.177399147931611510e-03
5.303220912217851586e-03
1.939719564070622581e-03
1.244337841074395551e-03
7.603108932466403269e-04
9.844389122177932966e-04
1.955644799955115476e-03
1.759422305777932124e-03
5.042372404015324928e-04
3.058543092113693890e-04
4.362761460809333556e-04
1.410794058130458554e-04
2.841119990904015331e-04
1.269689406466544890e-04
7.183947924296448721e-05
3.770992378883967550e-05
5.745440553205273136e-05
9.306116144822988907e-05
4.428650696610871024e-05
4.217083317084037545e-05
3.225966310869621202e-05
3.501342363352885574e-05
3.625339943772668271e-05
3.340108457996259568e-05
4.465354328402398393e-05
2.731807283888670136e-05
2.817765151324651474e-05
3.595159470206510155e-05
3.273117092392750679e-05
2.139242888552926177e-05
2.529345340277850746e-05
2.670061846355360925e-05
2.460180772341431752e-05
2.758500076229349540e-05
1.938686182417352936e-05
1.425363969669244117e-05
1.856093520500332815e-05
2.393424310536724584e-05
2.119475683354372266e-05
1.910466435118331083e-05
1.710282834298290685e-05
1.761892593329563307e-05
1.871754741324524725e-05
1.596487684142266984e-05
1.479433458219162791e-05
1.654510699030817213e-05
1.647565981889840232e-05
1.676836215844611827e-05
1.229390566067275246e-05
1.269232492731194774e-05
1.154813894948134443e-05
9.838120191657516060e-06
9.175262261267208674e-06
8.534525098795474446e-06
8.957912002541814310e-06
9.033491344102975422e-06
7.956923712438352720e-06
1.185886259409950913e-05
1.231367256088867048e-05
9.722406398202546748e-06
8.459506657029663062e-06
8.283039216211822713e-06
8.581683722562878343e-06
8.003826687810328743e-06
7.571177165570559379e-06
7.590976357425295596e-06
7.700538137351987047e-06
8.108047165627232992e-06
6.706155180787316168e-06
7.079599055192006711e-06
7.225670440657111687e-06
6.579697983865045809e-06
5.860960968687685037e-06
5.789841686067632878e-06
6.205584684824603789e-06
5.756773765656858067e-06
5.346967159043099358e-06
5.381904569924943926e-06
5.379247922918169397e-06
5.596359745776976852e-06
5.853315183780429955e-06
6.064438727806833076e-06
6.066397550824014680e-06
5.864724155967624604e-06
5.743723202626751705e-06
6.012773514162530068e-06
5.962607749272724639e-06
5.748426298005948066e-06
5.562106351932397277e-06
5.294220611915219498e-06
5.167681811453687649e-06
4.964969967057543085e-06
5.119939339485578972e-06
4.964975044878763227e-06
5.051155996964435164e-06
5.080807738616820012e-06
5.055586561377056069e-06
5.051224398188052123e-06
5.171351516829656107e-06
