2.152170658667222972e-02
1.033764476654618417e-02
8.463781197146472840e-03
1.237754359796796504e-03
4.014987774788678770e-03
3.383747065163015925e-03
3.727119938537879016e-03
3.557221944442108021e-03
1.392827968634572635e-03
8.476188265553294583e-04
1.294962218353355341e-03
2.213181912269295091e-03
7.375986424739846116e-04
6.787282631220618694e-04
4.051007702398447046e-04
3.263233856212500463e-04
1.929730089984038393e-04
2.026781410291404869e-04
3.307314854633282980e-04
1.747141467966335728e-04
8.485956579347890365e-05
1.173712301989673760e-04
8.281551130164200225e-05
7.244004661122119412e-05
8.681709259311928069e-05
6.321262903035841760e-05
4.615892696221640472e-05
4.265512821096601793e-05
3.767784688526647577e-05
3.485913447036474044e-05
2.238645961377991217e-05
1.716096473384034178e-05
1.976007537246721315e-05
3.114621443178534649e-05
2.875089796145584772e-05
2.207106540448735372e-05
1.733438244882958435e-05
2.174591076340023980e-05
2.154856370848746904e-05
2.418897337093217474e-05
2.329086212341129124e-05
3.389934481597107970e-05
2.724779659228821795e-05
2.220672868793135922e-05
2.998920421089784960e-05
3.608451526110463233e-05
2.892849824874431039e-05
3.228310257966018199e-05
2.646374305323181237e-05
1.465920393143708017e-05
1.264383651648358030e-05
1.183176717925660228e-05
1.458220423551088551e-05
1.640244201212181287e-05
1.187367628539784351e-05
1.422822478626377571e-05
2.191306809779447465e-05
1.587950350609877164e-05
1.368984805249459950e-05
1.372978897122341441e-05
1.341290363776629324e-05
1.512303728395636089e-05
1.665872396595930702e-05
1.366158066807707445e-05
1.169600658403430872e-05
8.461465767913094974e-06
1.165749441951631821e-05
1.090041510705440971e-05
1.266121810780746607e-05
1.080113867229512355e-05
1.155732607078859974e-05
1.123834197913410772e-05
8.883261198514277109e-06
8.362027299811868134e-06
9.034663322355346220e-06
9.500709534243346221e-06
9.051693190092053161e-06
7.747959658414827781e-06
7.990757999606359978e-06
7.969629348371920361e-06
8.647801549987123759e-06
9.896240677841012522e-06
1.029100850957596681e-05
9.222218055601650403e-06
7.990509120108135646e-06
7.899978793431584680e-06
7.813886208999109878e-06
6.886439585006979299e-06
6.012942862360266308e-06
5.626947799126084806e-06
5.476141460678032948e-06
5.425849998803144037e-06
5.457274847207110735e-06
5.445535709921844209e-06
5.600502749068891428e-06
5.926072920627978286e-06
6.081001741959542805e-06
5.927377346100079460e-06
5.485628706380474698e-06
5.218118423484603305e-06
