3.015271038824766242e-02
1.637841610996228561e-02
1.218735776422521892e-02
2.722014318188680296e-03
5.659616750857625334e-03
7.966071656868186496e-03
7.338133051978567439e-03
1.025850138927513790e-02
7.600784278804893421e-03
3.335349313710803468e-03
3.661560212227506304e-03
4.045870203999705171e-03
1.431836956753989535e-03
1.807999749397006493e-03
5.994851602193525123e-04
6.891266432862913974e-04
2.721117694137388412e-04
2.883601945379444934e-04
7.105981662066672465e-04
5.261914056596527509e-04
2.798784220316208652e-04
2.632584513837851596e-04
2.393320711594658032e-04
1.236028052606296616e-04
1.208815504134102945e-04
8.420978448752666290e-05
5.606842268348626073e-05
5.323726267902191106e-05
9.058198717299379994e-05
9.034757633341630148e-05
5.399339162665780953e-05
4.432336374578281848e-05
4.926067382424057845e-05
5.314583137803079768e-05
4.668974607078560190e-05
6.407483796429774673e-05
3.063966442536865577e-05
3.959169382585801458e-05
4.198621038957179289e-05
3.234379778782407576e-05
5.407290972859838811e-05
5.905911906136150315e-05
3.927760814611586684e-05
3.165571304295818875e-05
4.631614331620905394e-05
5.593564636730361938e-05
6.422500083034045121e-05
3.785935442581797692e-05
3.112423351763878102e-05
1.884858436410502433e-05
1.593841856687216733e-05
2.667795460310215129e-05
2.808797330197688042e-05
2.494161764093310232e-05
1.723039330317235445e-05
2.041550386201472679e-05
2.512220542035531462e-05
2.300976311066274709e-05
2.120470061393968229e-05
1.778759853376289741e-05
1.814469892704404245e-05
1.774255586568033565e-05
1.375749583984400717e-05
1.250325804850621534e-05
1.291557132703768060e-05
1.261722162680033303e-05
1.224382215679847837e-05
1.129190972985797775e-05
1.604036219620670088e-05
1.200105740900687891e-05
1.559980423209922167e-05
2.045374982660513606e-05
1.116451762727814624e-05
1.131241882735354065e-05
9.177497966667172533e-06
8.803785990955135203e-06
8.403929924938065949e-06
8.997937527887429787e-06
8.539390467859728459e-06
8.740150121440346586e-06
8.714968577855103726e-06
8.625269020186706484e-06
8.953931634507461806e-06
8.633189756155550286e-06
8.317998317117282253e-06
8.051030942727372059e-06
8.067771303972025206e-06
7.218564634148419702e-06
6.998657615666811965e-06
6.575984552849933282e-06
5.970044725055144329e-06
5.875708194969294738e-06
5.922490341325973061e-06
5.705013016730445855e-06
5.787281557901574631e-06
5.991916840869208549e-06
5.567823595548703299e-06
5.265196831352164162e-06
5.219441838702378243e-06
5.361165704559923205e-06
