6.483698443007698646e-03
1.671500269371714196e-03
3.853118756765782412e-03
3.183867343881180098e-04
5.222292580210589766e-04
2.507867190184501064e-04
1.160303555742324454e-03
2.247340508702997330e-04
2.605913108580452096e-04
2.162068576632472086e-04
8.783977029354806017e-05
3.850557222643640588e-05
6.300627622173011295e-05
6.059685446613739275e-05
2.190165077073631284e-05
1.729894361554168097e-05
2.212715218871470806e-05
1.912684812978640908e-05
1.724893400571121433e-05
1.543508808737954394e-05
1.337458821539274117e-05
1.689584420737677469e-05
1.370212997870072386e-05
1.320643606151071570e-05
1.334516439685050129e-05
1.332297825691045715e-05
1.564964763453096329e-05
1.651876921133740069e-05
1.234049648570420340e-05
1.022443615014846873e-05
1.134916453241035124e-05
1.146217291992491492e-05
1.259452060597817775e-05
1.014720016218230814e-05
8.320344548331329654e-06
9.160745276603027041e-06
1.050928303209879261e-05
9.511697426861231449e-06
8.285742544271790309e-06
7.619632112102487052e-06
8.156711795391750078e-06
8.839123463205282547e-06
6.518258249040893458e-06
6.166110882037377459e-06
6.512678724496395856e-06
6.380364601681997637e-06
6.127773867094081832e-06
5.673315002178192396e-06
5.541817084507572383e-06
5.615833900618456263e-06
5.556386093631235338e-06
5.417935422606453777e-06
5.322605519797468693e-06
5.333562546720163016e-06
5.448744222172862201e-06
5.382481487799054461e-06
5.394518002302449689e-06
5.380552794381320957e-06
5.311296166465159302e-06
5.374761412560209778e-06
5.519073149717186319e-06
5.638523513498956139e-06
5.573591494623377439e-06
5.462429336606808584e-06
5.619985553097077581e-06
5.554774702416424776e-06
5.505261551691884900e-06
5.647780910813398062e-06
5.392191761872982530e-06
5.280893219106780135e-06
5.410958308300322636e-06
5.511578654162305653e-06
5.727932518372021365e-06
5.868198743746152366e-06
5.899983249235775811e-06
5.889167581163703000e-06
5.700993524355562345e-06
5.863819847589829039e-06
5.933538170969193943e-06
5.858513406989232450e-06
5.731713541008879021e-06
5.749309456347402677e-06
5.707996264947418447e-06
5.594621685441458719e-06
5.551504510731790484e-06
5.680661737604269170e-06
5.861892492554728676e-06
6.090245284906729384e-06
6.071455519934731691e-06
6.012643160979414569e-06
6.023343087162522452e-06
6.144247830903978596e-06
6.465723038593919722e-06
6.664905834319844840e-06
6.845203241360855857e-06
6.912606350332774739e-06
6.841807165884862204e-06
6.761875835991630063e-06
6.692449753402704908e-06
6.616991636448763210e-06
