1.579021865209954273e-02
3.978815508118444151e-03
1.259616532617440984e-02
2.928484421649976514e-03
2.912602703946335497e-03
7.733632755449907975e-04
3.233311672056795628e-03
1.085835190259842875e-03
8.111915590104044329e-04
2.342051885221593072e-04
4.731522238809902567e-04
1.528016145056502659e-04
3.833976509800923163e-04
2.659146728726440121e-04
9.592640404035069929e-05
1.198636524739690333e-04
6.885012441708528348e-05
1.255143610299039618e-04
5.336812850596800049e-05
4.466026842849169014e-05
3.309388074427593504e-05
6.301203076320986327e-05
2.474205947631391697e-05
2.543460176582963141e-05
2.189063588247789052e-05
2.329554371602599180e-05
2.022698491925700132e-05
2.362715712833980848e-05
1.844681972968503284e-05
1.188453311310837833e-05
1.371603617755709685e-05
1.618876620476976123e-05
1.630395147700319008e-05
1.803249780173883857e-05
1.465750175441772030e-05
1.230600050409224837e-05
1.339875257151420866e-05
1.236373515236647762e-05
1.412173545093102843e-05
1.870978917321192722e-05
1.441406263921863390e-05
1.494826397206205009e-05
1.717539079137830277e-05
1.665039118237928638e-05
1.527341130227973504e-05
1.358738349921496096e-05
1.112041851817485716e-05
9.309871923104779152e-06
8.612086446334941660e-06
7.939876545839109732e-06
8.628769879510095924e-06
7.770120766595440965e-06
7.302079295338721594e-06
7.837578143531824195e-06
8.382436192568908396e-06
1.079743957678007133e-05
8.099791280317814030e-06
8.856961448826734635e-06
1.007773763309063053e-05
1.089148681368590288e-05
9.192639275531156722e-06
7.929071723231816875e-06
7.598647355427099759e-06
8.957476921176732397e-06
8.512575320749234391e-06
7.462899606798432523e-06
7.795352025788096262e-06
6.628143867945721712e-06
6.513428788311514157e-06
6.198641258737558797e-06
6.500431696906594868e-06
6.765057374297370814e-06
6.276924364685230876e-06
6.114573146594504126e-06
6.183813663828125579e-06
6.160838160244197791e-06
6.296511598795212867e-06
6.235746981749955696e-06
6.017630725033967036e-06
5.798751732057325599e-06
5.565338102379506588e-06
5.486764939772218452e-06
5.270357672384276989e-06
5.233890829020151404e-06
5.241286870766525985e-06
5.123990177060791375e-06
5.229635884935654637e-06
5.305131462264532864e-06
5.312110552304489375e-06
5.125365914378284812e-06
5.153308794654713050e-06
5.174090510806270997e-06
5.256987255760494828e-06
5.265305534880511259e-06
5.332760276785204099e-06
5.355588412125554759e-06
5.541892447546909333e-06
5.832646563044991313e-06
6.215955627079029387e-06
6.318168162057258837e-06
