2.253107550746026588e-02
6.416022444158281726e-03
1.739470329777144039e-02
5.459455551498615215e-03
3.350115783572805029e-03
6.642229927081220965e-04
8.305986042777793038e-03
2.104251549139660518e-03
8.409743988170494556e-04
4.031841544049670099e-04
7.815638149087264204e-04
2.768665848593554056e-04
7.397267470337317609e-04
4.565125602991453599e-04
2.352651427388214320e-04
2.402462968852004548e-04
1.560978725165725349e-04
3.445562103748985852e-04
1.088909168811836166e-04
8.253239212491679468e-05
4.544685189108950201e-05
9.047761761938501852e-05
5.010058703984059835e-05
5.518516630721509095e-05
3.588233659825818358e-05
3.375818074093869949e-05
3.229639617996271422e-05
3.236373846063517900e-05
2.227863183077376214e-05
1.689938923126739045e-05
2.311880746809831007e-05
2.741294025683488317e-05
3.119430575493735289e-05
1.923195205614658201e-05
1.589530841621877180e-05
1.874695700800591922e-05
2.364840263133923706e-05
1.987262958122345719e-05
2.819586322036642359e-05
2.854934029093711555e-05
2.002802743731170541e-05
2.469781268236438779e-05
3.812754819883894649e-05
3.543518656718912897e-05
2.660031688486626730e-05
2.211594866442607177e-05
1.617724924438323434e-05
1.475972713798968768e-05
1.534472369315401186e-05
1.610580377821048596e-05
1.317018656968582014e-05
1.218987439487984196e-05
1.485869700684555665e-05
1.681236496196245348e-05
1.856446494091556825e-05
1.406221501541234555e-05
1.322653147940082178e-05
1.444926059609107434e-05
1.694541109831055258e-05
1.350597790088585144e-05
1.212475003397036587e-05
8.635837024250642152e-06
9.452182451368729407e-06
8.575867006302828130e-06
9.501513693831859213e-06
9.545337513961170563e-06
1.303326265128808390e-05
1.343792481878002051e-05
7.321179734675285010e-06
7.519125744471116269e-06
7.478818453674969423e-06
7.436663716927129628e-06
7.150072575331828219e-06
6.816747483571856374e-06
7.137677122653037087e-06
7.923226503033299311e-06
8.537938020501484464e-06
8.469542582483404733e-06
8.418335117176690811e-06
8.095550908630037769e-06
7.953460104872241783e-06
7.374270130053902343e-06
6.266556000665262126e-06
5.775170133371869662e-06
5.842749458793644914e-06
5.719677337633378955e-06
5.248417702070307610e-06
5.320134386774951405e-06
5.327494858448405698e-06
5.578087073043862773e-06
6.121700942039041026e-06
6.253356352893508145e-06
5.806323397111410941e-06
5.184061056719205749e-06
4.990780670694235094e-06
5.067137459438933092e-06
5.174044826975585983e-06
5.340604427061532943e-06
5.586077833325293822e-06
5.697881612697166464e-06
