4.144016822105259235e-02
1.183709624102175124e-02
3.332709073988426862e-02
1.040523968616523243e-02
6.411580263654206163e-03
2.757958578479598449e-03
2.046719000970655469e-02
4.406367971049251001e-03
2.191621863359023963e-03
7.872932189512669467e-04
1.966356529931495220e-03
6.872553350462360950e-04
1.987513696730797835e-03
1.233756932093115280e-03
6.425084036853040111e-04
6.757200422347689472e-04
4.942347310770293977e-04
7.372253087437238275e-04
2.332661555962947046e-04
2.148347618918208563e-04
1.430636022584232223e-04
2.716551179962904054e-04
1.292118856759200075e-04
1.522817218003216214e-04
8.424013928833387101e-05
8.181025133771675675e-05
7.074546809551440448e-05
8.105670184481676558e-05
8.084055615856869392e-05
4.705242940499186610e-05
5.305174425088751266e-05
7.435535884927329663e-05
7.615251373239811906e-05
7.454145973337111288e-05
4.822109712693073652e-05
5.136105321754092060e-05
5.193249827230857587e-05
4.204228827584488120e-05
7.973587115512332092e-05
6.252572943494326256e-05
5.047999415151229483e-05
6.391672136344482406e-05
8.012643395616681624e-05
7.142743655625245726e-05
5.436699217871927744e-05
4.991018140208119697e-05
3.737083598579582993e-05
3.381666065664519743e-05
3.037497043806812797e-05
3.048047527127045888e-05
2.881069914430307982e-05
2.878731902259932688e-05
3.008972032804833438e-05
3.600436605137834607e-05
3.679833590340119971e-05
2.974748792192707239e-05
2.790004908978901393e-05
3.132575775899516151e-05
2.879172947100992283e-05
2.647480853891833410e-05
2.966835815452052125e-05
2.021624897082435879e-05
2.195015832172870777e-05
1.920486508883628422e-05
2.561115692276751764e-05
2.161523636866580258e-05
2.607781285530593745e-05
3.207639455387657925e-05
1.578177640629976623e-05
1.353503669121682541e-05
1.249842431339374332e-05
1.350490070070808362e-05
1.493930711777798678e-05
1.489103834714588163e-05
1.509693985549447039e-05
1.623136196697857762e-05
1.687227480270699816e-05
1.760730623922807743e-05
1.627940743052913174e-05
1.494308090692175576e-05
1.453850310649721157e-05
1.327259546099678735e-05
1.192618333657427051e-05
1.109748403965732665e-05
1.000716040196866044e-05
9.991052834369218853e-06
9.480343767949191627e-06
9.163085043311030122e-06
9.284887018383343346e-06
9.377342185907286653e-06
9.118740992786138986e-06
8.644741107522124386e-06
8.610243353864703946e-06
8.429150473550759383e-06
7.753194968219578157e-06
6.855333734838543145e-06
6.481615880704252757e-06
5.901932763449937688e-06
5.483503441192946676e-06
5.322741928345205242e-06
