1.077264236951678070e-02
3.608038181283846051e-03
1.621657599827571600e-03
4.266798574487146905e-04
1.533944414858864902e-03
2.032638506291676358e-03
7.229177205899927358e-04
3.402224085682175030e-04
1.438489697450041828e-04
1.007749477768571264e-04
1.289424810953255238e-04
6.065867727693504996e-05
9.322863187835391690e-05
3.887050847790484727e-05
3.536100461344871785e-05
2.042553079463846553e-05
3.970551301919624345e-05
2.309053837552868177e-05
2.808453322327863247e-05
1.362525927045137843e-05
2.181366993987924344e-05
1.818412750892521275e-05
1.435915118348859247e-05
9.672716746586984643e-06
9.344954593465389789e-06
1.457263976877043182e-05
1.306244519513646401e-05
1.213259514044946813e-05
1.038193224095489892e-05
8.990186511327578775e-06
9.641491142937324316e-06
9.411936386916915816e-06
8.296222829080741710e-06
8.877655824132810094e-06
7.983774642499801775e-06
7.077514807709682775e-06
7.675573893901468256e-06
1.340106004862612361e-05
9.081282835400187784e-06
7.971671720620339996e-06
6.688138592892898710e-06
6.400818396306127881e-06
6.231634522213927755e-06
6.321130604973996388e-06
6.413363909284017481e-06
5.971850141291756930e-06
5.627753817130622017e-06
5.524991461970244778e-06
5.410947778663769358e-06
5.696916811990925774e-06
5.932495367919466314e-06
6.342842158560851329e-06
7.372912537607139043e-06
6.289041218337706600e-06
5.404624710018731238e-06
5.120745451288570328e-06
5.278375787746137438e-06
5.858867842620032306e-06
5.535208331564240627e-06
5.705315051422729472e-06
6.299642054969924810e-06
5.983161969732103445e-06
5.650316746301963331e-06
5.583972999858093734e-06
5.663185653824923472e-06
5.509323457459399955e-06
5.398900385446941286e-06
5.343810379176448017e-06
5.366658471600371474e-06
5.523901636463328045e-06
5.728803237020450647e-06
5.952684249241898764e-06
5.975284779669195143e-06
5.881801543345234052e-06
5.898010673222552160e-06
5.850958008484458486e-06
5.820566417500013984e-06
5.868019645876322904e-06
5.923758658920702469e-06
6.008480157228692186e-06
5.797768787611096322e-06
5.605883132500089299e-06
5.470136956313551435e-06
5.542002992660558110e-06
5.618396651901804737e-06
5.551645291882805263e-06
5.809106534188947834e-06
5.898212468223778096e-06
6.095063875399132751e-06
6.282401227778095991e-06
6.379646265001170902e-06
6.571527732211554004e-06
6.671798445919730805e-06
6.655558780071019732e-06
6.694486711073114819e-06
5.387029895567449362e-06
5.190619913444348862e-06
5.059552590299300770e-06
6.361149633706868384e-06
6.953939729404481149e-06
