1.980507823693438904e-02
8.338343873089099079e-03
4.603103826010947891e-03
2.825824566737857382e-03
3.195014399198511414e-03
4.489138788733946367e-03
2.417082899244365254e-03
8.209182188054043672e-04
3.885150831155470812e-04
4.964677450470618078e-04
7.637086779674834638e-04
2.579244675879148181e-04
1.953246841074790280e-04
9.314941799241203036e-05
6.835184938204051511e-05
7.207335103515920543e-05
1.367163785114235087e-04
4.777069650611685890e-05
4.790573122573634981e-05
3.207428903778473245e-05
4.794622577656061939e-05
2.876007636067885365e-05
2.764688977812934567e-05
2.170219608235907284e-05
2.102451951040738037e-05
2.895770853053235172e-05
2.339011014443063266e-05
2.011551320067905569e-05
1.902409396801355913e-05
1.655480966791093470e-05
1.751709586001744907e-05
1.608888662860367828e-05
1.607658407698912589e-05
2.123624509052883649e-05
1.646349891573855808e-05
1.221178141096598329e-05
1.943785062040633683e-05
1.845893121619742659e-05
1.652598266747531651e-05
1.557272377134813810e-05
1.506249579210431568e-05
1.274459670089318631e-05
1.264766659053725032e-05
1.120400062152094499e-05
1.055552104540131488e-05
9.830089008083510733e-06
8.244254291395397829e-06
7.751644659636725611e-06
7.405047837958542327e-06
8.758887269564043888e-06
1.174998398197766021e-05
9.574876625816257513e-06
8.717694627166419608e-06
8.279038085820541819e-06
8.993001354761577231e-06
1.076908755318952616e-05
1.144121182686052719e-05
9.449672102169722686e-06
7.172546579769668371e-06
6.648010957330932769e-06
7.695716869427390760e-06
6.367394223351388358e-06
7.731014306663886831e-06
6.267519727084063584e-06
6.201670114813759867e-06
5.718035497693518865e-06
6.453392994528204359e-06
6.840967824198994701e-06
6.172014160218410899e-06
6.079320444932865774e-06
5.931791799930303176e-06
5.913491210455727750e-06
5.969370122302866592e-06
5.763790911791035963e-06
5.519805653187473948e-06
5.329351082597362747e-06
4.953105149952592733e-06
4.985580631177632873e-06
5.077720409161039092e-06
5.049467336034629025e-06
5.164885896065897433e-06
5.099071235079206863e-06
5.173240131037039764e-06
5.088793378245773174e-06
5.135610917038617196e-06
5.079837142686934720e-06
5.037679851813318420e-06
5.150676287631550875e-06
5.385421055343349008e-06
5.616749758045358847e-06
5.820808590843664570e-06
6.008670491694841838e-06
6.087287442058990883e-06
6.278778891208335912e-06
6.416098599852165934e-06
5.151893044606165082e-06
5.162348456285091931e-06
5.269866900005547150e-06
6.288591633755144966e-06
6.832871588071562534e-06
