3.018187518884458270e-02
1.262203486080761689e-02
8.204212643475155761e-03
3.970866375056784220e-03
5.832788731903311603e-03
6.956068909237896059e-03
5.908484236074603747e-03
3.186073666553424638e-03
2.303538807274217032e-03
1.340102143415625863e-03
1.290995295141289740e-03
7.468597362295441256e-04
9.244520744500164420e-04
2.755410241703603442e-04
1.728199857279438226e-04
3.664657614308068699e-04
3.154130433816494661e-04
9.968791603528279340e-05
1.464105272595545416e-04
4.801036729874103953e-05
7.711507474289847129e-05
8.141064743446352542e-05
1.045795468875280099e-04
3.765599383415494376e-05
2.992136362519234850e-05
4.676029882760734577e-05
4.182077014628636004e-05
2.804911696358592012e-05
2.316472534243371319e-05
2.730371501748193861e-05
2.697220129790658510e-05
2.817259842404225387e-05
2.415658684199979291e-05
3.228794111208126150e-05
2.916834321992764346e-05
3.323441432119121386e-05
4.860072847705786022e-05
4.380887886715926301e-05
2.302352429062934008e-05
2.865459111285780297e-05
2.648707937928512982e-05
1.917894755387256284e-05
2.355074452291669974e-05
1.926150670635352584e-05
1.719955254758389915e-05
1.554684428998272762e-05
1.883332339520888427e-05
1.395534142873094789e-05
1.418106827774184720e-05
2.230159657511332372e-05
2.369567824418033781e-05
1.758240079124423984e-05
1.810944513419609006e-05
1.678331942947006259e-05
1.704862979877694225e-05
1.940055356184518706e-05
1.634042881913983064e-05
1.264843771782580145e-05
1.307695581642720798e-05
1.162639410262328937e-05
1.173410081903981110e-05
9.002610157390215689e-06
1.091654318711345124e-05
8.986724525025890193e-06
9.078894999486875999e-06
8.026392596425942127e-06
9.520144820507142424e-06
8.827224841423276510e-06
9.016734492483208338e-06
9.504126869466623823e-06
9.514971951856916933e-06
9.154351518111386176e-06
9.714254815789805276e-06
9.170770690898169720e-06
8.044734747004042227e-06
7.626617367045278954e-06
7.437139631706359192e-06
6.912409544645673716e-06
6.256460965977375973e-06
6.082420975267039792e-06
5.819369590438527318e-06
5.977618874129420512e-06
6.075345819330518573e-06
6.239794114052291995e-06
6.280695971604590685e-06
6.228490153429880148e-06
5.849908781655540902e-06
5.514991172797159948e-06
5.280002675884071071e-06
5.088578548717544032e-06
5.206035648300037213e-06
5.367462324758174090e-06
5.625497257355621989e-06
5.702177564045209267e-06
5.119423075210945525e-06
5.311879308374988924e-06
5.240908260909356763e-06
6.079789475281583235e-06
6.602535192465966870e-06
6.755344791802317967e-06
