4.671548556004027214e-02
2.204695634621385222e-02
1.588791950226595834e-02
2.631006743047543169e-03
6.081106660349771577e-03
3.451997939843939704e-03
9.950216897873200711e-03
7.631539104059256555e-03
2.931788975141434456e-03
1.461296914093706276e-03
4.984979826146803588e-04
3.208829854991493901e-04
7.664532409006400955e-04
4.599492103460627490e-04
2.224567529081592930e-04
1.332575763118554039e-04
5.654243564575155492e-04
4.811583111741399256e-04
6.716382208072008749e-04
1.003208492456867149e-04
2.161373437292193032e-04
2.338249523860424421e-04
1.370577784233768901e-04
9.040331273973983449e-05
1.084057105883292970e-04
1.468710027282550375e-04
1.920970097676988168e-04
1.193498214393490079e-04
1.358221184554117816e-04
1.071701562525508342e-04
1.224949964732302207e-04
5.088818860729740084e-05
5.368750251054419211e-05
5.295096705602966224e-05
6.832085695641248492e-05
6.479637159871874967e-05
1.049638660472078838e-04
7.438613143644701501e-05
8.221096242024979162e-05
4.918316912406674760e-05
5.403468375862140297e-05
5.176273545998686700e-05
4.527794146689787024e-05
3.092698007360812786e-05
2.353882514461887233e-05
2.687000743891042098e-05
2.890927836182988401e-05
2.910912557767922516e-05
2.518308437215165954e-05
1.997101211015023990e-05
2.141496558334109269e-05
2.665124410587230852e-05
1.907472603070201357e-05
1.820742290801715245e-05
1.846161912391524663e-05
1.640972305252639621e-05
1.686774331072752684e-05
1.756933445246402212e-05
1.876762662940723950e-05
1.446859466543216751e-05
1.991633380586034399e-05
1.993259206820039358e-05
2.175007802644157696e-05
1.571558320422286156e-05
1.789216784797135231e-05
1.803538199595493410e-05
1.440938479035527160e-05
1.312857694394405282e-05
1.335482822291250998e-05
1.250835080621536831e-05
1.184381835731757001e-05
1.082471374240873572e-05
1.028914710727194012e-05
1.098786291560538685e-05
1.149791615462419341e-05
1.084199729336308231e-05
9.967850813067584840e-06
9.022512671731384493e-06
8.712683968123146629e-06
8.326483321259045315e-06
7.379408199583041378e-06
7.380615158838116485e-06
7.984153119850229247e-06
7.989319692128730972e-06
7.488041746513130604e-06
6.765580734541933227e-06
6.102649667049073369e-06
5.723563487220699448e-06
5.357100698254475502e-06
5.138524608773200815e-06
5.036153430707121742e-06
5.157045395736537873e-06
5.215644748496847286e-06
5.248840835066933861e-06
4.934417413693019583e-06
5.128174836165768656e-06
4.941296942675693158e-06
5.649908668368710476e-06
5.897193914421091205e-06
6.000139689400940322e-06
