8.662837949611949459e-03
4.550343676529028207e-03
1.700753966215313648e-03
2.929238348242395231e-04
6.073845085475262310e-04
6.033857619008941653e-04
4.828283883829409670e-04
1.669192474187221667e-04
3.901142535984091441e-04
8.720105624603457085e-05
6.343113453194536744e-05
6.511093560614440311e-05
2.789095489030876714e-05
2.289395276473317633e-05
2.259737752742811942e-05
1.715659282286304419e-05
1.619869121644435509e-05
1.363984846358655717e-05
1.113738741310033386e-05
1.336523865253165588e-05
1.171802943623978394e-05
1.127754996970782342e-05
8.954376290269603332e-06
9.519385478722680800e-06
1.340727781159623795e-05
7.850611651201756339e-06
1.002242202331416274e-05
7.941489727374290107e-06
9.546719590972888199e-06
9.731646983916637027e-06
6.922451503802186944e-06
7.574136212963856263e-06
8.151744049121092928e-06
6.594251831037466790e-06
6.080670779573263488e-06
6.673384955921632072e-06
6.109960322134966028e-06
5.174050142070595032e-06
5.279396576835852198e-06
5.390357627778888104e-06
5.207666189628767152e-06
4.956861433057156190e-06
5.047573237799223837e-06
5.208115495443364297e-06
5.268181775399411056e-06
5.398060328817136194e-06
5.222614700920175242e-06
5.123729370832564976e-06
5.372214493950563191e-06
5.280005852690289398e-06
5.065298629144350108e-06
5.308012563629173302e-06
5.176329404559387585e-06
5.133427672494235528e-06
5.376514563408418636e-06
5.663471257658218600e-06
5.836249314237362427e-06
5.794766009254525595e-06
6.004640342598514417e-06
6.243949469858412236e-06
6.154283150632015924e-06
6.239640786275614230e-06
6.790909638615957366e-06
6.957476821063863290e-06
6.879547198727638840e-06
6.566239378224732485e-06
6.489728340121514273e-06
6.747796723818460068e-06
7.024257733333013243e-06
6.794481892042293922e-06
6.787118796558312228e-06
6.692517229446424913e-06
6.644209239509276874e-06
6.873707664969380712e-06
7.250018159595362046e-06
7.540801280826064922e-06
7.622155177911026269e-06
7.606031089792475676e-06
7.620676520926617728e-06
7.573831496728977861e-06
7.423753355773766570e-06
7.404266371007762711e-06
7.716602977509335362e-06
7.957557577545930951e-06
8.508097470097267592e-06
8.912434677779087252e-06
8.888856864719549348e-06
8.765312719709214586e-06
8.328878975422917264e-06
7.568366741406875437e-06
5.514220544786702663e-06
5.295972547492719313e-06
6.102002775582648330e-06
8.201767770586575139e-06
8.892636125207585606e-06
8.981642721965570099e-06
8.834019829950802395e-06
8.618648514609380452e-06
8.422361212122983615e-06
8.593616618749038978e-06
