1.297208740094388940e-02
8.709010024302720962e-03
2.436337846408207202e-03
3.478855018751648878e-04
5.869920877381715934e-04
6.859182743596719048e-04
1.002573766937738019e-03
3.585771282132627124e-04
2.894649182399910070e-04
1.431416422290073649e-04
4.612999786277610382e-05
8.988255614514143192e-05
8.446137574978570010e-05
6.848762581986943385e-05
5.145788111247377348e-05
1.740615710178703636e-05
2.072173320996070628e-05
1.820188439927667993e-05
1.317209876946712823e-05
1.525661864330106742e-05
1.393097271990887306e-05
1.422306935275992835e-05
1.052786272512604170e-05
1.218718310845098924e-05
1.566140814510388001e-05
1.341657327668222537e-05
1.130129211543240777e-05
1.144949262820330248e-05
1.157256143961590174e-05
1.090455991160354963e-05
1.015927222667372759e-05
1.376399566774384688e-05
1.128175161263749091e-05
9.373272141460940249e-06
8.975585653236779198e-06
9.540534269086452498e-06
1.313727732952428948e-05
8.712654973854497492e-06
8.045599970809421498e-06
8.877371987858889758e-06
9.109970318526360809e-06
7.901661897922955305e-06
6.563054733182497390e-06
6.993029429928516384e-06
7.250765145593465356e-06
6.383378455810829948e-06
5.651704600716912793e-06
5.775581066565673115e-06
6.447406393646345529e-06
6.965723129513474346e-06
6.549334505614138948e-06
5.783553499422638072e-06
5.608074240164546611e-06
5.727586303379802784e-06
5.287436998827680084e-06
5.425932649481745081e-06
5.807593813993680179e-06
5.743392712566231961e-06
5.682792055564803809e-06
5.478837932058170748e-06
5.469953596838166156e-06
5.674766127957451227e-06
5.251627951998309751e-06
5.275931702837611163e-06
5.264286299684458631e-06
5.207992266957904105e-06
5.126833802915060060e-06
5.119302459408893272e-06
5.156544344529220698e-06
5.138503862875498173e-06
5.229755540876625281e-06
5.163665417420924149e-06
5.022131359006847936e-06
4.992097199857994114e-06
4.980330663714489594e-06
5.105354720912211638e-06
5.198745793046385510e-06
5.335512199719606885e-06
5.394177265670019966e-06
5.664559199297454103e-06
5.611108197552821487e-06
5.482243249159117973e-06
5.572207014581064621e-06
5.892439004449281669e-06
6.272674873193489331e-06
6.344546323288620118e-06
6.484076536644670746e-06
6.640972076441809376e-06
6.777390004490415410e-06
6.252015071313336714e-06
5.324756211007015031e-06
5.270807185093071682e-06
5.809203529992228577e-06
6.865141189999353977e-06
7.092116507209581458e-06
7.211932907024989567e-06
6.886368558566282519e-06
6.647392010041045212e-06
6.269377853435848937e-06
6.211237200928377946e-06
