3.263407701378432529e-02
1.508207658751019482e-02
5.070417242416557987e-03
4.103658657112451737e-03
4.939233167314559247e-03
2.693694372742887720e-03
2.268142154600732725e-03
1.732347147103344663e-03
8.851407557392790715e-04
1.343395071272605054e-03
5.267745455551462331e-04
9.029882843914803850e-04
3.698467386740660425e-04
2.160071759247177126e-04
1.008750331535574808e-04
2.939358066955696075e-04
1.496572267671711018e-04
8.737421029121034241e-05
5.193819508730788362e-05
4.560240562974566153e-05
5.979484520196239760e-05
6.048143928928434356e-05
3.070388706381737350e-05
2.640671183164342844e-05
3.419629289675872927e-05
2.879709941100364864e-05
3.534656120055417085e-05
2.016714509805714371e-05
1.848043714205377936e-05
1.785094154799970608e-05
1.929821160187947536e-05
2.119864779865750906e-05
2.302033388679657430e-05
1.905291505138725564e-05
2.999948386077659875e-05
3.650859570147017033e-05
2.204559193035153948e-05
2.784809015931847233e-05
2.369035090079597421e-05
2.024073197594367991e-05
1.881229727632285014e-05
1.885377782202786996e-05
1.334793948547097203e-05
1.116776018575226259e-05
1.139752297150579486e-05
1.231966622033807270e-05
1.132852335353509056e-05
1.548857874542742099e-05
1.459093384416775136e-05
1.364268526484274840e-05
1.089708111983612998e-05
1.172023548762411898e-05
1.558429922192115474e-05
1.344883765934194404e-05
1.062746747699235126e-05
1.031726959246596056e-05
1.205292198773833709e-05
1.300474431571124944e-05
9.532544453647757434e-06
8.409824395089025720e-06
9.384754747674891055e-06
7.784012919835667769e-06
7.824463576967782803e-06
8.446154701281182351e-06
7.983303382600426992e-06
8.249599526889286281e-06
8.378648725006593472e-06
8.556803950468388150e-06
9.088539598015585576e-06
9.026111919258665654e-06
8.327248968430620796e-06
8.168690462059897671e-06
6.906942148482472399e-06
6.188181757241201204e-06
5.986423890680360609e-06
5.922796579068014888e-06
5.993233994282853870e-06
5.903346261194821681e-06
5.906712060488836099e-06
5.939828920537436639e-06
6.203766920693435455e-06
6.290733915704334224e-06
5.844795866159899034e-06
5.682193756789371392e-06
5.683044166718922566e-06
5.504136679559142670e-06
5.403486348721304506e-06
5.414224958866558629e-06
5.570143121013407975e-06
5.466914730395102735e-06
5.052537952001024844e-06
5.025537239768313601e-06
5.826085853851375934e-06
6.460997982348976877e-06
6.532747599646925352e-06
6.629539688590901815e-06
6.380653222263783522e-06
6.005830051947670638e-06
5.566098401811011576e-06
5.545849931719513283e-06
