6.194799642982181526e-02
3.124449640372822454e-02
5.656058428143340491e-03
8.197779857798405748e-03
9.612127256150980459e-03
5.104569455004996127e-03
8.183667247525146585e-03
5.449206834059072517e-03
3.172073944734334679e-03
4.656286962979850307e-03
1.067804548891702811e-03
2.422867676057764014e-03
1.006090509266191133e-03
7.330914818320373276e-04
3.296900842564603118e-04
9.258770176064664952e-04
4.631473650413268266e-04
2.331996069751581652e-04
1.828283811228438203e-04
1.316611546649723563e-04
1.752845314774946343e-04
1.620815882184487575e-04
1.067352230069222553e-04
1.106813938631620348e-04
1.062164479106338360e-04
9.823583775080236094e-05
9.060439777938012883e-05
8.664434922841832512e-05
7.045804810860147548e-05
6.214649470934801505e-05
6.119369968430751706e-05
8.312281200842617796e-05
5.667888440062515069e-05
7.733942365707074159e-05
7.594248502758187190e-05
1.183413006813508411e-04
8.264784394178740872e-05
9.480358039702028701e-05
5.213265839174536034e-05
4.562259646982451866e-05
5.340461356154388304e-05
3.334804809905909153e-05
3.611825573975170438e-05
3.767000267889692312e-05
3.046256985507027405e-05
2.815442483523661246e-05
2.900572275647321521e-05
3.433880617505106152e-05
2.820829624456046658e-05
4.730493361474906786e-05
3.404605645959672173e-05
2.911289607296831675e-05
3.376950646445915849e-05
3.059577589866544753e-05
2.355949814121916411e-05
2.284656343493124333e-05
2.016894855778957361e-05
2.030596216877092962e-05
2.199396150036709172e-05
2.182039902407781540e-05
1.762829529160267773e-05
1.665173878823809911e-05
1.428404744209568496e-05
1.398062153626770456e-05
1.557749021169160632e-05
1.727928750939290915e-05
1.589427927173216797e-05
1.425043702557989476e-05
1.503687708833556553e-05
1.594502097803128038e-05
1.361558455633218516e-05
1.236874256498163038e-05
1.409016547612511769e-05
1.390568223141343184e-05
1.270374689151127329e-05
1.152436883184679012e-05
1.021202716288613694e-05
9.296469472941020637e-06
9.569050167450246044e-06
9.917332496162220402e-06
9.951799234543932084e-06
1.101799720837164867e-05
1.042841528115086146e-05
8.686452532752404906e-06
7.575617744032695404e-06
6.683032617129509067e-06
5.916325852095626394e-06
5.432441574832257414e-06
5.588406252342043717e-06
5.402886185690473882e-06
5.183881856106085660e-06
5.294651591351559907e-06
5.108347840215150365e-06
5.489944696617054269e-06
5.758935389289563699e-06
5.718207296046003995e-06
5.773764423042527728e-06
5.298513687847138360e-06
5.358099303541250780e-06
5.223948673101192412e-06
