7.721530432668934421e-03
3.989020713941240567e-03
2.112170393991833536e-03
4.767181903391021170e-04
3.490278611139889975e-04
2.257672736622599787e-03
6.097329849300407202e-04
1.964337951340662904e-04
2.293346648462250945e-04
6.569937640132123989e-05
9.748685308971777189e-05
6.530593662803120937e-05
3.497746959560418356e-05
9.231452356201131542e-05
4.791328587472259640e-05
3.245951216159456991e-05
3.354922057486240495e-05
1.725346145110475012e-05
2.214538070805216588e-05
1.517937089926869355e-05
1.165006257122866366e-05
9.434704450435279545e-06
1.339112764813197104e-05
1.096771225626971946e-05
8.663996012002258095e-06
8.776876909515779297e-06
9.074262634590194208e-06
8.832471472222353339e-06
8.008146069603134647e-06
6.983876442121839810e-06
7.409811960018939609e-06
8.047518728464873484e-06
7.043681608602449843e-06
7.084345266296764523e-06
7.415194257765535234e-06
6.341263961742090424e-06
5.925329120456974709e-06
5.948582738582456230e-06
5.765258102214370851e-06
6.334189124986957068e-06
5.672807349154636457e-06
5.462305284006999344e-06
5.323331050058547030e-06
5.241774299449035448e-06
5.365334033495435719e-06
5.365452828037456757e-06
5.594718347883465256e-06
5.052834946868800487e-06
5.404019903541286391e-06
5.150791865090270329e-06
5.271718078345677112e-06
5.316721321586429715e-06
6.113139056533232839e-06
5.329969037837949388e-06
5.301955913980404077e-06
5.467630520856143347e-06
5.722438356888379438e-06
5.276923990287071563e-06
5.222804890834678918e-06
5.363099749970965081e-06
5.546814314116771143e-06
5.879449431532424836e-06
5.931238337886383247e-06
5.897006033013062735e-06
5.690128992491160612e-06
5.718053798466394816e-06
5.514423436745114534e-06
5.422175453645205478e-06
5.525040854879278441e-06
5.464464727318462787e-06
5.307278457694402781e-06
5.634509212472026865e-06
5.553067687130020856e-06
5.777600944152855139e-06
5.845657937774958897e-06
5.896521473362965971e-06
6.102549283513799771e-06
6.402356195706647737e-06
6.626649757159432963e-06
6.740410894498626066e-06
6.756503181287941249e-06
6.823204490224058996e-06
6.781472482729910438e-06
6.645136249372492702e-06
5.624400691490717484e-06
5.284252479054598525e-06
5.301150420218325595e-06
6.360335283113331411e-06
6.909556174385215693e-06
7.005149068137170816e-06
6.846918638097636315e-06
6.583061171847124837e-06
6.431269422974659621e-06
6.299530061414521075e-06
6.492235889339680887e-06
6.782763482214905785e-06
6.937623344971480141e-06
6.860605622554133476e-06
6.865146960829022292e-06
6.911350504542915548e-06
