1.041721551261169144e-02
7.047725918976659870e-03
2.744331299457163521e-03
2.159602377770401815e-03
1.886038550704941322e-03
2.391574408681984131e-03
3.151398902598574574e-04
4.237434161492538627e-04
7.265630600209728408e-04
1.950839935008161501e-04
2.393634927150269055e-04
1.071873622486378675e-04
6.557297512721447781e-05
5.764366747050594632e-05
7.352934338414442237e-05
4.512089050020960435e-05
3.411577906788057539e-05
1.794884669106256616e-05
2.005496708325903239e-05
2.475640447799371267e-05
1.641810828120192445e-05
1.533889778898621468e-05
1.609170442469287166e-05
1.087349302989501416e-05
1.143932206329094141e-05
1.051550768292130002e-05
1.135547929253012892e-05
8.812881699077295715e-06
7.652153964965540116e-06
8.305609206976571690e-06
8.695053770428785647e-06
6.724664491289376323e-06
1.022201292469383815e-05
1.249450809786088661e-05
1.037371031053488501e-05
7.168106848003727253e-06
7.026130712217533280e-06
6.210924969897060782e-06
5.582273597771460399e-06
5.010879836931725947e-06
5.002841515290233847e-06
5.378183208083567097e-06
5.532748917180151074e-06
5.071037110943041131e-06
4.959221760728268809e-06
5.077166081072048152e-06
5.701158865649627589e-06
5.235313268204757446e-06
5.753704601943092974e-06
5.321754188675971113e-06
5.240012790063705174e-06
4.972244275645759499e-06
5.089355879103199602e-06
5.213195772163462778e-06
5.106138949434264323e-06
5.840987977678095158e-06
5.286674472988798595e-06
5.426040456359311820e-06
5.302229554446378829e-06
5.223786551063559541e-06
5.007476090100622645e-06
4.997801419791633596e-06
5.104761833918470605e-06
5.406942224765687843e-06
5.223601706686634868e-06
5.275457408803953076e-06
5.695688943417806380e-06
6.207329438193448889e-06
6.621745344252848450e-06
6.790723725663208621e-06
6.542976072755552854e-06
6.509534574071278192e-06
6.590851671716851176e-06
6.813275903001574629e-06
6.769945157677834288e-06
6.697455507694692695e-06
6.981073825751442931e-06
7.090030395952650462e-06
7.693800734108688987e-06
8.043329567817063153e-06
8.335292856393982102e-06
8.550283911815441883e-06
8.612803253912262728e-06
8.607480371643568237e-06
5.873679423397835052e-06
5.697413571309978554e-06
5.893709044015603391e-06
8.644293814269311777e-06
9.022776619468098600e-06
9.029845899184881969e-06
8.906976619488646120e-06
8.575589196177653181e-06
8.323188849980876739e-06
8.251779577738247928e-06
8.611745498147493574e-06
8.896148470569445962e-06
8.845031562177682049e-06
8.865841514315304968e-06
8.897506165720756602e-06
9.002932960783782397e-06
