2.363978414469894776e-02
1.948617681876746791e-02
6.714931184579770243e-03
5.603192492909134410e-03
3.996866550646782472e-03
1.219458142612396892e-02
1.543457329423795566e-03
2.443162986607191368e-03
1.376062928659469798e-03
4.907899271934179023e-04
6.845724530485085843e-04
3.707585747268617540e-04
2.011956613642028649e-04
2.114601720165311036e-04
3.280500249940122089e-04
1.296366606691560239e-04
1.742091390650550564e-04
8.133995260726459720e-05
9.348022757433714809e-05
4.168641824937538041e-05
4.163671556621768128e-05
5.528045765475514287e-05
5.550180472466875373e-05
4.672181036632524050e-05
1.780252353687240672e-05
3.014935932353664922e-05
3.611542575809406587e-05
2.911059778924208533e-05
2.669564378849207094e-05
2.648976539564241433e-05
2.607233411708338977e-05
2.033985726697812787e-05
4.717013220511946881e-05
2.198033877382223712e-05
3.044476003168421018e-05
1.582210281550827931e-05
9.942051713308854184e-06
1.421208437492764350e-05
1.040422617371591926e-05
8.187356050641914792e-06
1.132801413625189091e-05
1.043697451576412723e-05
7.206214912180450652e-06
4.557446188322680615e-06
5.628986705110693832e-06
9.994901058327080963e-06
9.999999999999999124e-06
9.999999999999999124e-06
9.999999999999999124e-06
9.999999999999999124e-06
9.999999999999999124e-06
9.999999999999999124e-06
9.999999999999999124e-06
9.999999999999999124e-06
9.999999999999999124e-06
9.999999999999999124e-06
9.999999999999999124e-06
9.999999999999999124e-06
9.999999999999999124e-06
9.999999999999999124e-06
9.999999999999999124e-06
9.999999999999999124e-06
9.999999999999999124e-06
9.999999999999999124e-06
9.999999999999999124e-06
9.999999999999999124e-06
9.999999999999999124e-06
9.999999999999999124e-06
9.999999999999999124e-06
9.999999999999999124e-06
9.999999999999999124e-06
9.999999999999999124e-06
9.999999999999999124e-06
9.999999999999999124e-06
9.999999999999999124e-06
9.999999999999999124e-06
9.999999999999999124e-06
9.999999999999999124e-06
9.999999999999999124e-06
9.999999999999999124e-06
9.999999999999999124e-06
9.999999999999999124e-06
9.999999999999999124e-06
9.999999999999999124e-06
9.999999999999999124e-06
9.999999999999999124e-06
9.999999999999999124e-06
9.999999999999999124e-06
9.999999999999999124e-06
9.999999999999999124e-06
9.999999999999999124e-06
9.999999999999999124e-06
9.999999999999999124e-06
9.999999999999999124e-06
9.999999999999999124e-06
9.999999999999999124e-06
9.999999999999999124e-06
9.999999999999999124e-06
9.999999999999999124e-06
9.999999999999999124e-06
