4.937674805065830202e-02
3.453957005637951078e-02
1.408020328362573868e-02
1.075960455585408052e-02
1.050507963070194256e-02
2.897244064506895520e-02
3.424275401319412226e-03
2.680890608402892745e-03
5.964197782046687900e-03
2.203276914692744396e-03
2.257692805178061757e-03
9.444360300329596213e-04
5.741077371319544586e-04
6.165659120637538571e-04
6.536601396107637315e-04
4.454407335385092491e-04
7.581373055175574154e-04
3.450886830344671616e-04
4.102016455744483489e-04
3.240089365475544935e-04
2.342138957796899962e-04
2.072518466831418764e-04
1.804382318877219922e-04
1.333419976474762507e-04
9.075043562896162493e-05
1.327179602808648592e-04
1.064682577112580796e-04
1.110039517015783649e-04
1.004324325476720542e-04
1.425569889313883397e-04
1.144883051859116769e-04
9.512572868717542734e-05
1.796645893130673457e-04
2.132834905520564791e-04
1.719944102032051100e-04
8.425202761918873442e-05
7.796050248080702309e-05
8.229412239141771512e-05
5.080263699932494352e-05
5.084580297454122723e-05
3.730023690783175678e-05
2.647652640435220155e-05
3.192151407071612535e-05
1.835489697574639522e-05
6.773989323543009301e-06
9.222218267533569629e-06
1.000000000000000082e-05
1.000000000000000082e-05
1.000000000000000082e-05
1.000000000000000082e-05
1.000000000000000082e-05
1.000000000000000082e-05
1.000000000000000082e-05
1.000000000000000082e-05
1.000000000000000082e-05
1.000000000000000082e-05
1.000000000000000082e-05
1.000000000000000082e-05
1.000000000000000082e-05
1.000000000000000082e-05
1.000000000000000082e-05
1.000000000000000082e-05
1.000000000000000082e-05
1.000000000000000082e-05
1.000000000000000082e-05
1.000000000000000082e-05
1.000000000000000082e-05
1.000000000000000082e-05
1.000000000000000082e-05
1.000000000000000082e-05
1.000000000000000082e-05
1.000000000000000082e-05
1.000000000000000082e-05
1.000000000000000082e-05
1.000000000000000082e-05
1.000000000000000082e-05
1.000000000000000082e-05
1.000000000000000082e-05
1.000000000000000082e-05
1.000000000000000082e-05
1.000000000000000082e-05
1.000000000000000082e-05
1.000000000000000082e-05
1.000000000000000082e-05
1.000000000000000082e-05
1.000000000000000082e-05
1.000000000000000082e-05
1.000000000000000082e-05
1.000000000000000082e-05
1.000000000000000082e-05
1.000000000000000082e-05
1.000000000000000082e-05
1.000000000000000082e-05
1.000000000000000082e-05
1.000000000000000082e-05
1.000000000000000082e-05
1.000000000000000082e-05
1.000000000000000082e-05
1.000000000000000082e-05
1.000000000000000082e-05
