4.251416088044944475e-02
7.016974864687181707e-03
1.551842934450308039e-03
8.638426878543823892e-03
1.522814975872185299e-03
6.915959236176223062e-04
2.400181776536011637e-03
1.544828192729198746e-03
1.325861901827466880e-03
1.557352791600907945e-04
3.154692819285241710e-04
1.553923368303075886e-04
5.859812592471454109e-05
8.854266810273827377e-05
4.365766390462624699e-05
5.994394812474523751e-05
3.967566716480907082e-05
3.303739489989496577e-05
3.055440325473477250e-05
2.032656595264348889e-05
2.322259326228183891e-05
2.696741695776675278e-05
2.016266898102262099e-05
1.694041137875936930e-05
1.836800017994577079e-05
1.776281508522483979e-05
1.767231435947653255e-05
1.161785343327158008e-05
1.427345028382108237e-05
1.134135676188498480e-05
2.067117814242422214e-05
2.399634312460435743e-05
1.667219202244920982e-05
1.843683156841777060e-05
1.363963852148354666e-05
1.318181905966468914e-05
1.019349510903785120e-05
8.174068507916821278e-06
8.754508667353519353e-06
7.817786948669628263e-06
9.897505183482742242e-06
7.671981167392828005e-06
7.469029729178050278e-06
7.408452008312649880e-06
8.612916418221322294e-06
7.667827840821847977e-06
8.130111372235930493e-06
8.365101598630714962e-06
7.211294821340478076e-06
7.146121585285896404e-06
8.002836694396860530e-06
7.525352690491639198e-06
1.059087318100730028e-05
6.827767481534585542e-06
6.066268961029431225e-06
7.405463643446060269e-06
6.700423036882259740e-06
6.815846535435917844e-06
6.605703133326795853e-06
5.671632215518120432e-06
5.519819308214392743e-06
5.695134523480839309e-06
5.673413521654337179e-06
5.697930042267151262e-06
5.522902883142606962e-06
5.374382302064416134e-06
5.094011114655495222e-06
5.097103868270380464e-06
5.102579003495800814e-06
5.009552347893990236e-06
5.134725774377345394e-06
4.977904028449498382e-06
5.104941707217319665e-06
5.373867713828982251e-06
5.660979004547732326e-06
5.766643967526369902e-06
5.794401234658342787e-06
5.881841451143885350e-06
5.910799607777311302e-06
5.253667066524265065e-06
5.251551429175665879e-06
5.150520411286888042e-06
6.824765297491708634e-06
7.071847042288495149e-06
6.991831529951637323e-06
6.982075881640226992e-06
6.420160035592669733e-06
6.407127580093547718e-06
6.482478615250326414e-06
6.583085693363895732e-06
6.790822777650191164e-06
6.735178151850481594e-06
6.733923043419162582e-06
6.819380196423923088e-06
7.527286861156078951e-06
9.654766892714091177e-06
9.988542936431859810e-06
9.997822679250754804e-06
9.996826354521426956e-06
1.000000000000000082e-05
