6.561691561562119079e-02
7.164823870928819366e-03
4.638650686864359898e-03
4.162224421340514520e-03
5.055228192267338487e-03
6.236123772898657935e-03
1.807499371112706709e-03
4.245747942633458505e-03
1.122529243352051766e-03
4.009355467759993645e-04
4.796938103532112402e-04
3.157059439968275391e-04
1.843940430537095471e-04
1.423432021682745959e-04
1.433063800702861156e-04
2.417102817027814239e-04
1.539240350507303562e-04
1.163008568458700077e-04
6.659916911830511153e-05
9.006744809535921546e-05
7.782279894204575531e-05
7.271658328197523646e-05
6.275778216447675082e-05
3.374359064131040220e-05
3.329522639845468345e-05
5.606393610046646488e-05
2.958140844863539452e-05
3.038823219717709900e-05
3.272790660533588225e-05
2.641580810580737874e-05
4.387465465700981582e-05
4.267429840247418998e-05
3.743691794808209455e-05
2.623957053902684783e-05
2.411811623302678601e-05
2.408763710807748141e-05
2.183985993225294418e-05
1.852325825390557080e-05
1.438742346870657254e-05
1.293767208673615336e-05
1.230305822965789556e-05
1.092068001293774787e-05
1.344049376246085827e-05
1.220879463242986997e-05
1.108215879319312974e-05
1.405925008989466575e-05
1.279257516912355347e-05
1.086058850012651712e-05
1.148963747402851310e-05
1.156246963314074310e-05
1.090710983934605102e-05
1.163081629289031115e-05
1.112286309909183862e-05
1.210497188471173660e-05
1.149033264976170293e-05
8.242678844333517314e-06
6.990818020611234842e-06
6.349142824650991653e-06
6.116415556291982950e-06
6.218489026391095917e-06
6.773805166606879360e-06
6.980558094515806167e-06
7.164077923964494614e-06
7.675759316534740018e-06
8.263061247831341086e-06
7.732918925731905969e-06
6.782398937894196926e-06
6.610198414321013849e-06
5.958281520333861499e-06
5.612644098345301385e-06
5.214803711987964875e-06
5.661978761055794583e-06
6.072296139298290218e-06
5.380778798406466301e-06
5.181197989497673206e-06
5.085895991410736701e-06
5.085018400177523132e-06
5.156238029107602470e-06
5.426796909108939428e-06
5.366331990701195873e-06
5.341048696514040387e-06
5.354431010438822757e-06
6.161370245874461095e-06
6.545654325905410542e-06
6.675560083997874506e-06
6.877394624943433325e-06
6.155551157528047693e-06
5.721654980483812889e-06
5.795900797633147061e-06
6.021998486429375313e-06
6.435048889452337624e-06
6.587533796376209915e-06
6.526938662913826566e-06
6.615104760492594443e-06
6.990466062082268237e-06
9.234489489610619851e-06
9.912312646826109831e-06
1.000000000000000082e-05
1.000000000000000082e-05
1.000000000000000082e-05
