1.462388142188313263e-02
3.656713458814396436e-03
1.317057803918606331e-03
8.599743330252385739e-04
5.265171071762530077e-04
6.546948029260786419e-04
1.647742101719658141e-04
2.639911370090961126e-04
5.990404779437995248e-05
1.048480133746641113e-04
4.500146571358092464e-05
3.623702558298193938e-05
3.823451991216425137e-05
2.221831711010296699e-05
2.244068795584731391e-05
1.525626434806623776e-05
2.030634812888574656e-05
1.269711456092960790e-05
1.048159079299428391e-05
1.028911973023639385e-05
1.068314205284586649e-05
9.067972874947621397e-06
9.805906859967257415e-06
7.896930608961466895e-06
7.291875079662004034e-06
7.355592860195914773e-06
8.879112962922948747e-06
7.397598412056653664e-06
6.109588357564166221e-06
8.496939987551913344e-06
7.347110324675159905e-06
7.020587883606923193e-06
6.510178598278199947e-06
6.125331924936068613e-06
5.796873960792043481e-06
5.512022936907563718e-06
5.363941355518436460e-06
5.187630883364611690e-06
5.071834755970297686e-06
5.197547134236995461e-06
5.333862325288856342e-06
5.698933139728008529e-06
5.367281257084325025e-06
5.329639647237684335e-06
5.362346902427863006e-06
5.542225412044447548e-06
5.082935974530584316e-06
5.297592133806034912e-06
5.420775981240606331e-06
5.514941139132330864e-06
5.264914685225713946e-06
5.511528286990106120e-06
5.659863736207631035e-06
5.745124049767095642e-06
5.700782244404943667e-06
5.633058588299756944e-06
5.406230226958476400e-06
5.467045699231325748e-06
5.488141366828280001e-06
5.416922564889055813e-06
5.376214406033919685e-06
5.349509642542020004e-06
5.429424517983195137e-06
5.606934540694461971e-06
5.790774396427468283e-06
5.898958194483995840e-06
5.841698282601947167e-06
5.893703068541011497e-06
5.982483276188480717e-06
6.105525023482524241e-06
6.331231297973069724e-06
6.419893932348430125e-06
6.677489783088345444e-06
6.821436307770324922e-06
6.615284646254726100e-06
5.374450984549140806e-06
5.353871735940663292e-06
6.107956177662279356e-06
6.694914075448113012e-06
6.726237857993189831e-06
6.709018824511214183e-06
6.308798423460913351e-06
6.199208481046315375e-06
6.253194327895261282e-06
6.552678737947376084e-06
6.691562950588041699e-06
6.780561762989849401e-06
6.830983263220937815e-06
7.036688715056477342e-06
7.745080668111768897e-06
9.711896912778394427e-06
9.937161722449625601e-06
9.963877327947340317e-06
9.975396959845076204e-06
9.966871900698135939e-06
9.976248880725245439e-06
9.980681261025217549e-06
9.993754400821303161e-06
9.996947171372616637e-06
9.996947171372616637e-06
