1.212811201122490808e-02
2.248605255295773112e-03
9.815867954838610777e-04
9.505911482749243276e-04
4.834451841228232607e-04
4.090855897928200014e-04
2.984184323918387524e-04
1.804065505220047805e-04
4.694686353376253631e-05
6.737672236149440548e-05
3.763566503223586535e-05
2.873668603161045698e-05
2.539641200776534646e-05
2.083109301666899042e-05
2.025437658935482643e-05
1.362528930402544568e-05
1.435591813854282826e-05
1.134277960487238398e-05
1.108628037451826835e-05
1.177729629018561941e-05
1.238837959748040092e-05
8.567304762824493641e-06
8.248355070655243883e-06
9.402167788556170297e-06
1.007993777431532904e-05
8.394041660491330297e-06
7.812770827776021227e-06
6.719016247401842304e-06
6.117502732211834090e-06
6.895090189488032585e-06
7.870032565262694038e-06
6.312411036167011732e-06
5.784040394133052581e-06
5.740946728695996440e-06
5.400230907350774103e-06
5.220890085745232071e-06
5.174989331530270525e-06
5.350370037566253484e-06
5.126772526640922997e-06
5.276465901644131372e-06
5.246142736643840400e-06
5.570254293876277562e-06
5.258906930757473718e-06
5.181598150907239132e-06
5.020786467548743092e-06
5.692918810095239958e-06
5.097845577399015385e-06
5.359816692095203014e-06
5.224226987412557195e-06
5.214790583507981609e-06
5.420867945687546945e-06
5.345651403700891303e-06
5.839591689068209645e-06
5.805392162164750959e-06
5.867136259374478813e-06
6.107994151061823524e-06
6.228029851026721659e-06
5.761669187031900496e-06
5.662230230761821797e-06
5.477842366252608983e-06
5.443791842007308335e-06
5.406214801644414851e-06
5.390648330037865215e-06
5.429754844612166991e-06
5.663384070037912223e-06
5.968006105320918643e-06
5.897604051649776398e-06
5.935275463744955511e-06
5.984409722774014625e-06
6.273084691410743823e-06
6.421478126567801665e-06
6.438348800463775776e-06
6.440720784870706694e-06
6.491712516153938194e-06
6.690203331823795689e-06
5.529524853259879456e-06
5.453693450738377825e-06
5.679526563710049412e-06
6.727241017897105904e-06
6.979594275533464462e-06
6.910525985224527128e-06
6.613946006530603169e-06
6.256169201219043465e-06
6.277029861659360944e-06
6.503559862535204716e-06
6.736946845824369126e-06
6.746668167040900220e-06
6.859673306027860703e-06
6.940222775093741334e-06
7.481326155414235493e-06
8.877144613026540128e-06
9.771491791339265425e-06
9.914453052538183621e-06
9.968540647459944075e-06
9.970602549488969801e-06
9.979146850434660252e-06
9.981931228297666306e-06
9.994384034053848293e-06
9.991025001435549518e-06
9.991089543178461175e-06
