1.797236030261569958e-02
4.182792311489906198e-03
2.139401440760237312e-03
2.863296130775664586e-03
4.037097211155892592e-04
4.658462396328568638e-04
4.105448360399905922e-04
3.858210310613824205e-04
1.124236049194048549e-04
1.538883416239784831e-04
1.149333203104338220e-04
4.775098373115610673e-05
5.208468574503257419e-05
3.418557784985386906e-05
3.434075914589651519e-05
2.091007331233956501e-05
3.019846564034157332e-05
1.712101384059824442e-05
1.442643283981195632e-05
1.395339920827031085e-05
1.354150778426827496e-05
1.008384355562400032e-05
1.201841240719029252e-05
1.363093046293040299e-05
1.535789637121577701e-05
1.038757072592011906e-05
1.108557397090777752e-05
8.319109049345064074e-06
1.041115156597542865e-05
1.311376397008942643e-05
1.421775279266886837e-05
1.035849423387986368e-05
8.081793607404219856e-06
7.558673870480478191e-06
6.692633207666184592e-06
6.680779349908784190e-06
6.501626910885400291e-06
5.736436713519538162e-06
5.649640342197517172e-06
5.985982274579758286e-06
6.089121318448108702e-06
7.004340671881170755e-06
6.150796233843097461e-06
6.738012468890072837e-06
6.616199439558726273e-06
6.787059087299405101e-06
5.096241167755660489e-06
5.149136743935339891e-06
5.167028490057069316e-06
5.302251336036427192e-06
5.363599976977831462e-06
5.093435563942781292e-06
4.948611424883409072e-06
5.199748689628862108e-06
5.174906045843496592e-06
5.145374577444405473e-06
5.110761290288705489e-06
5.176105284819822422e-06
5.183277443631732854e-06
5.136235666204478460e-06
5.057891788021007010e-06
5.130495807778950113e-06
5.342710794485243665e-06
5.376438149379998563e-06
5.450924753158169942e-06
5.626285803405611136e-06
5.674651399749509439e-06
5.960277028405193058e-06
6.009699190649416833e-06
5.925096886776501530e-06
5.991301563918471263e-06
6.214227157021632252e-06
6.540221554616732016e-06
6.633603876599009399e-06
6.401109274730164400e-06
5.155266805695050014e-06
5.234993331113370609e-06
6.183595061243236681e-06
6.987116084772781923e-06
7.106044836988015476e-06
7.000460966849698775e-06
6.511978471032904704e-06
6.075882193068815308e-06
6.143255537184918387e-06
6.501776710212354290e-06
6.811799493987921959e-06
6.909107967172050440e-06
6.892034688295475459e-06
6.957960921326931142e-06
7.717262637023876684e-06
9.880338964276821773e-06
9.957755187748500088e-06
9.979886560115941340e-06
9.991254045982351977e-06
9.997040440008524021e-06
9.997149540712049030e-06
1.000000000000000082e-05
1.000000000000000082e-05
1.000000000000000082e-05
1.000000000000000082e-05
