4.482822873409043202e-02
8.033660615019592305e-03
4.454789755070439998e-03
7.502881601221747174e-03
3.439085532791710201e-03
1.631304953001403140e-03
9.146029269426007293e-04
1.928849499526895384e-03
3.188541209344616435e-04
8.630725286670477402e-04
2.888925298234122597e-04
7.860612824413669062e-05
3.220253140584200926e-04
1.458173349346940102e-04
1.442869265039096517e-04
5.600662366278105813e-05
7.314730791763985457e-05
1.010864023764105257e-04
5.021765236928445126e-05
6.091569723880515283e-05
4.624903752221328634e-05
5.461797818982224275e-05
5.836870878006998267e-05
5.304717935974899255e-05
5.001560921123395794e-05
3.178173150720689901e-05
4.971065775819264262e-05
4.730501684981655401e-05
3.991987272022428219e-05
3.607298431307024973e-05
3.735871920086331679e-05
2.849151757845392739e-05
2.917744974957044651e-05
3.397150805901353097e-05
2.199561038766829844e-05
2.394102724509739654e-05
2.320980196143514700e-05
1.718158167057503178e-05
1.525455995721024028e-05
1.736017789521449606e-05
1.789829950429789568e-05
2.126954203606047121e-05
1.283610294410984440e-05
1.436801237725670754e-05
1.203718253054165435e-05
1.278991710217912516e-05
1.306280908074327100e-05
1.248846618004583939e-05
1.062623942426734803e-05
1.219933156105766331e-05
1.163913868873417409e-05
1.062850504451407197e-05
8.897944104007072592e-06
9.064158379193283045e-06
8.630211589953569766e-06
7.587609857048859048e-06
7.250950804491126180e-06
7.367210655448914504e-06
7.722992029462503064e-06
7.314977814210384817e-06
7.308159321218909631e-06
6.699596961792782682e-06
6.452106597092776075e-06
6.725825938623856611e-06
6.654379247392791176e-06
5.988298753969600246e-06
6.312181887733061636e-06
5.875291260009764968e-06
5.783299208784014388e-06
5.499789778702913075e-06
5.222779105621326733e-06
4.825289518973699607e-06
4.946625680706629802e-06
5.162809860734746574e-06
5.367423859780343395e-06
4.999641921942608209e-06
5.212439995383361800e-06
5.895916929520498842e-06
6.426871415654584945e-06
6.502416824569181399e-06
6.681744365732413945e-06
5.800829152251898584e-06
5.356791776607508894e-06
5.394717517043623158e-06
5.791659602206738462e-06
6.308242966452817267e-06
6.828743141731529893e-06
6.615501706508596341e-06
6.680982027546204314e-06
7.478753612790580051e-06
9.667501728096702045e-06
9.992413046068946290e-06
9.997556221610355120e-06
1.000000000000000251e-05
1.000000000000000251e-05
1.000000000000000251e-05
1.000000000000000251e-05
1.000000000000000251e-05
1.000000000000000251e-05
1.000000000000000251e-05
