8.080422150756023936e-02
1.997960314029063877e-02
1.067292444607675049e-02
2.016111958542093907e-02
5.874804946693744194e-03
1.105004011231528784e-02
5.863479389950745739e-03
6.454371324801939230e-03
7.940512119128245727e-04
2.571356814802395162e-03
1.204913802858583165e-03
9.569779384278171395e-04
6.218395516132628866e-04
3.835930449936609762e-04
8.057003834866085850e-04
4.103940922032931924e-04
2.898121784043760935e-04
2.041133627900230821e-04
1.308810329508754090e-04
1.848455226487983954e-04
1.631339746703202947e-04
9.579042869309189209e-05
1.348014952633195987e-04
1.143110060167016196e-04
1.143821874939750612e-04
8.223549050454110590e-05
1.250958475167401722e-04
8.214468206653461810e-05
1.190075899599118227e-04
1.668041421655164713e-04
1.001250448142223414e-04
1.477846984875431208e-04
6.460945112994537557e-05
7.203444352453649635e-05
4.351658095010669391e-05
4.045796629890458283e-05
4.385789051733096801e-05
3.032855359929512360e-05
3.109208895024260459e-05
5.782884951557592937e-05
3.585883495915016784e-05
3.124961893340676952e-05
3.194593779578560038e-05
3.385994922820430124e-05
3.389834791313299517e-05
2.911747403708875301e-05
2.488962465630004890e-05
2.961553624555876107e-05
1.827493888846352837e-05
2.604641731982165162e-05
2.250493288344259022e-05
2.286978826119943101e-05
1.842013580109186135e-05
2.020910715818317099e-05
1.622726917814983785e-05
1.845836613936509518e-05
1.602682880030328511e-05
1.577797134260993400e-05
1.667898947501398699e-05
1.244465740647868237e-05
1.362385999650741282e-05
1.438160821888901914e-05
1.313253439269709994e-05
1.324071640099883344e-05
1.050547270516236693e-05
1.045903569534760002e-05
1.078506318530861481e-05
1.111885021602216622e-05
9.700646756343510524e-06
8.138483476219450009e-06
6.951832517343284863e-06
6.060341102911817035e-06
5.693336350214460398e-06
5.442093033372923606e-06
5.774059803483385923e-06
5.396389547179809002e-06
5.551458958021282239e-06
5.309984066736969054e-06
5.694384129341322497e-06
5.872561279170608680e-06
5.882861069984955485e-06
5.370116778891031365e-06
5.575955133137378834e-06
5.262178648765604110e-06
5.297023790490641682e-06
5.690648159947025277e-06
5.984540283876019851e-06
6.208183963671568032e-06
6.448644495295225412e-06
6.695091173088587496e-06
9.833812359849360829e-06
1.002016386955802988e-05
1.003133442698692313e-05
1.006751925502434948e-05
1.000000000000000082e-05
1.000000000000000082e-05
1.000000000000000082e-05
1.000000000000000082e-05
1.000000000000000082e-05
1.000000000000000082e-05
