6.981926374248800631e-03
1.212950177817579203e-03
2.600240331849567980e-03
3.104514557800248323e-03
8.215428123196979191e-04
2.489817151658633315e-04
3.059792153082878602e-04
4.556821171432862876e-04
3.573249273831369819e-04
4.159933686690184631e-04
4.056136658212456119e-04
5.381094113826139354e-05
1.434819665016526268e-04
6.669769500276008371e-05
5.026129598930858253e-05
3.347382260045314340e-05
2.848075562235416849e-05
4.403021374944842228e-05
2.668595180859200113e-05
4.290043527412603421e-05
2.559343170609761469e-05
1.470421844022169621e-05
1.698053936622483998e-05
1.040806463923826325e-05
1.015304642486869908e-05
1.402851556331897084e-05
1.937678012443716898e-05
1.474391385839030057e-05
1.003100083150788807e-05
8.258703695451409876e-06
8.687898878960368312e-06
7.819066237948054806e-06
7.898406472071145074e-06
7.489142797246801823e-06
7.928538800438201183e-06
7.891487170269201050e-06
8.844484550194913979e-06
8.133407006645003865e-06
7.121196469139944564e-06
7.867310565762559345e-06
7.047681615333854857e-06
7.061740552151857986e-06
6.983586472413941178e-06
7.386812220556270268e-06
6.659447126225893724e-06
6.199166612929813783e-06
5.924380646553244515e-06
6.135027284010695485e-06
5.982773627163117229e-06
6.191145593549125116e-06
6.447955506538124365e-06
5.915850874640602407e-06
5.770186612484802240e-06
5.825818898936713332e-06
5.805715652082826038e-06
6.229043793373483011e-06
5.950985945218765331e-06
5.825791710777602483e-06
5.508786954534066548e-06
5.847977922182866702e-06
5.985432913303882991e-06
5.523664011512848111e-06
5.625322052752269556e-06
5.501730086938644920e-06
5.401868806016185562e-06
5.492401489560569715e-06
5.531983179648551746e-06
5.619905257561724387e-06
5.646607221301666662e-06
5.805223492222728167e-06
5.564748928344040946e-06
5.492327625341370862e-06
5.392622964662699647e-06
5.643267252380629540e-06
5.811001636308311880e-06
5.742823956334015974e-06
5.820466103176769818e-06
5.579100965713131103e-06
5.722104187845909643e-06
5.670543408336333153e-06
5.713159764931089047e-06
5.707328035784490284e-06
5.765177627941912211e-06
5.880794429654862875e-06
5.773180354674226094e-06
5.550319888433103374e-06
5.428557864097069592e-06
5.509740819901176884e-06
5.757044183139500371e-06
5.700316374350986499e-06
5.527056928152302898e-06
5.398457299235776138e-06
5.399153606287529107e-06
5.434562488176626598e-06
5.501591502062880194e-06
5.697795972992958195e-06
5.909584946075429505e-06
6.071892266296004926e-06
6.317401675675419947e-06
6.230804546671857106e-06
