1.442769799696480039e-02
2.347705727991986849e-03
7.433792899320126879e-03
5.545941159737731267e-03
2.084299828312127182e-03
9.390939080723603640e-04
6.624776375570294888e-04
1.787318247720777464e-03
1.667102812835233750e-03
1.349547410852311793e-03
1.561009461409666255e-03
6.401593592958917120e-04
3.700152796610878128e-04
1.323097318480851142e-04
1.424746931352725854e-04
1.712204856618953065e-04
1.455783634563891115e-04
1.329786428603928618e-04
1.269177335015753605e-04
5.190191408768919787e-05
5.644512598740165595e-05
7.283988849055768214e-05
5.353786408136158983e-05
7.236109151338933527e-05
4.032177221892209673e-05
5.867590470771627087e-05
8.362825708671609839e-05
3.880187757500747162e-05
4.115745997804474759e-05
2.854028984083518521e-05
2.030804764258887512e-05
1.908959624102404511e-05
3.123335223595108363e-05
1.760103688227115248e-05
2.223982974921236757e-05
2.259143426524885692e-05
2.450925229693654218e-05
2.245167668825104261e-05
1.716548196048848222e-05
1.710724113746855143e-05
1.800815296662720637e-05
1.532513530400481981e-05
1.252060531847927755e-05
1.658505227325302210e-05
1.678541969568094866e-05
1.334351731008772691e-05
1.118316258976785618e-05
1.181973752743559428e-05
1.233389705288676269e-05
1.358994229371186947e-05
1.200951776484519703e-05
1.004954737662908459e-05
1.039457776719396875e-05
9.824842147197456127e-06
1.240001254445013835e-05
1.329761516923535216e-05
1.097487217214229816e-05
1.068283170027757252e-05
1.058447167713539622e-05
1.136747787529562075e-05
1.227621162024991760e-05
1.174374469058408259e-05
1.034960855013993733e-05
8.446952375467200831e-06
8.489354090202039056e-06
9.500820886908414363e-06
9.690651303660613157e-06
1.000973552419677567e-05
8.781729604558951484e-06
8.416734012599072897e-06
7.541276558426666585e-06
7.870517902731164137e-06
8.317732157531969379e-06
1.089777630635209328e-05
1.017474893575262215e-05
9.597171418356466687e-06
8.660780512331746149e-06
8.358958523506857240e-06
8.273129504810848461e-06
7.349450886316547682e-06
7.001395516356620181e-06
6.537260100282277720e-06
6.221488572281497961e-06
6.905072388902753703e-06
6.419112427893232197e-06
6.266430024848896749e-06
6.624100326755941695e-06
6.988457793918315620e-06
6.174768969552667116e-06
6.541930520465530747e-06
7.039254050394513707e-06
6.217407688505806475e-06
5.917466338796570283e-06
5.980424095158734190e-06
5.812912117628232988e-06
5.625298733582143420e-06
5.688496038433949449e-06
5.583227518655668984e-06
5.581706232696761693e-06
5.468008417466947592e-06
