2.402043694993326664e-02
2.927988737227847204e-03
1.682299051361150349e-02
8.468556289952768740e-03
3.897674334713874950e-03
1.467937307719338396e-03
1.311620980577963332e-03
3.169777882644485203e-03
4.476916316546774958e-03
4.523143238060812685e-03
2.689171595738137389e-03
1.690737517379723364e-03
2.696436435968308735e-03
1.435212233879431610e-03
2.666314736993273516e-04
4.770031087356606529e-04
3.000128701623883251e-04
3.159924415772568220e-04
1.985760220832736905e-04
1.844346394107637330e-04
2.822202379754059471e-04
1.490096107677867381e-04
2.887129769095535736e-04
7.586857175256167670e-05
7.888599466633210199e-05
1.001743340933584404e-04
1.789210168787302828e-04
6.036956759142751651e-05
7.910308286356647713e-05
6.534184976784091555e-05
4.707839576464838767e-05
3.133766361933028620e-05
5.887130736062214185e-05
4.376979649010656305e-05
4.456874720896978497e-05
3.776469795766932076e-05
3.825154544746125584e-05
3.859128491958842803e-05
3.374816993982788512e-05
3.988538130136805868e-05
3.128746140140348068e-05
3.708693414220886833e-05
3.049853885439721441e-05
3.172368515652118696e-05
2.735740555055815154e-05
2.015197625237218646e-05
2.530406902307080145e-05
2.614746399006328859e-05
2.705463331676552833e-05
2.943760365396865208e-05
1.966248130974434805e-05
1.691363612207973682e-05
2.175798467334272613e-05
1.799689422844051752e-05
2.312430604401940229e-05
2.361043810983558635e-05
1.800888528590678133e-05
1.703153640911279318e-05
1.544057678223501509e-05
1.631227961499846850e-05
2.368980121491061306e-05
1.486424158033768110e-05
1.069806251743408701e-05
9.031990062474102803e-06
1.025732618996006108e-05
9.613957863106534636e-06
1.149932686994888963e-05
1.134420318637327818e-05
9.312412350151140424e-06
9.544851813278259098e-06
1.072428530182946454e-05
1.097475003138095989e-05
1.213387912072775509e-05
1.487909585822085748e-05
1.675480534967481580e-05
1.218230461139567717e-05
1.167418053964726170e-05
1.346590372723684965e-05
1.351529302712110561e-05
1.455197285917983746e-05
1.323742674816977476e-05
1.005599330528477471e-05
9.375670765233646005e-06
7.937377288180480066e-06
9.403627467408978696e-06
9.945104892115259413e-06
9.392685968569186453e-06
8.397417775539493977e-06
7.413506633136414727e-06
7.896038011726689266e-06
8.590594497348714371e-06
9.954979347783923191e-06
1.070401097750276555e-05
1.046606369414273464e-05
9.128119979833769739e-06
8.088218723707029585e-06
7.283016374607462257e-06
6.678434251248535695e-06
6.752949672911530215e-06
6.423028246404541592e-06
