4.428971428226905621e-02
8.530911540964329284e-03
2.962291218061124942e-02
1.629481529446143509e-02
7.202696030767665944e-03
2.037683995928624061e-03
4.875902812745976089e-03
5.132069213537807616e-03
6.415031659935685818e-03
8.685646464169997569e-03
1.954553774348462888e-03
3.327507313527702012e-03
5.602733731746242958e-03
2.274230670131913851e-03
1.186402801721033557e-03
1.727667999466508909e-03
2.271905754857796611e-04
9.111237732365547659e-04
5.451451155521002496e-04
2.990308005619941802e-04
6.801080198965713842e-04
3.625989277559180427e-04
3.594404482876126391e-04
1.199235416501400066e-04
9.380976994850544735e-05
2.376572932080296924e-04
2.702578174047393653e-04
1.493001766043100574e-04
1.542082194507474213e-04
1.527115250691474311e-04
2.623177051349820095e-04
1.127901918418291343e-04
1.166254145387722211e-04
6.051937938583546540e-05
5.022523864352702595e-05
5.475758761924134926e-05
5.331519793699735253e-05
5.879285330446874634e-05
4.629390372457708466e-05
5.366002727909515899e-05
3.172890125725628951e-05
3.756761093975514011e-05
4.974610580185221829e-05
6.542323611229243767e-05
5.413556862354254823e-05
3.716320734727551512e-05
5.644332735004842992e-05
6.283065308486082874e-05
3.929740556817746432e-05
3.599417310507372004e-05
3.111197167472921741e-05
2.553840382958058640e-05
5.022826121476908811e-05
3.688912421038397453e-05
3.716607323802330814e-05
2.763192492250528826e-05
2.373247251379834795e-05
2.968862451531830896e-05
3.248916219404083167e-05
3.742499529676649182e-05
3.164041494125900765e-05
2.505197216165551980e-05
1.901994172617128251e-05
2.817450053250805122e-05
3.495751857139166297e-05
3.023968430876015930e-05
1.795963330937741542e-05
1.708180615072653420e-05
1.540672663284535949e-05
1.620518436094417608e-05
1.809101030610495161e-05
2.349742315507241956e-05
3.200967066346774547e-05
2.873059346251348751e-05
2.548760940605851913e-05
2.946606893083616931e-05
2.628991849955212057e-05
2.885636523448257697e-05
2.798543722933515571e-05
3.084933773993500005e-05
2.786254272157201057e-05
2.463900568101202583e-05
1.350265220030381436e-05
1.203565990390684083e-05
1.603878619292645283e-05
1.370813410163628101e-05
1.179213242617887031e-05
1.390387536971828468e-05
2.554329407924446906e-05
1.839285768440385507e-05
1.610187973750715380e-05
1.875007107418643466e-05
1.876275442094694514e-05
1.731325975550561654e-05
1.375861845517847535e-05
1.547154327520887195e-05
1.692768107006052293e-05
1.669526134898911682e-05
1.591481307288952399e-05
1.493918226789956359e-05
