5.160641258272852423e-03
2.359934469480734400e-03
2.402900246885975553e-03
1.785108915776545619e-03
2.901729191237083488e-04
2.067237250898146803e-04
2.612460223733719528e-04
4.902728898855324884e-04
1.073603052590470838e-03
4.442558939005775902e-04
2.257751243296255870e-04
1.396405564839335437e-04
8.498749017761567874e-05
7.770126091485342334e-05
3.323070836732555682e-05
2.313139028406258817e-05
3.550312065072054970e-05
4.792433861456035896e-05
1.962036069167854288e-05
2.108614525715978998e-05
2.594263321864997287e-05
1.998794917925369598e-05
1.930907656571404277e-05
1.873105023449466873e-05
1.438605134700983237e-05
1.268024950448634870e-05
1.169247783094713330e-05
8.882693004309251013e-06
1.021312123909673641e-05
9.222828415354788513e-06
1.071375038282136068e-05
9.024464751269439792e-06
9.297352151999209070e-06
9.742254160228136080e-06
9.773290492038263773e-06
8.831815925228457428e-06
7.830804821404710721e-06
6.956153864486771123e-06
7.146235272955151112e-06
7.811317245382509757e-06
6.763709117381743423e-06
6.368621471192794820e-06
6.258011777348733522e-06
5.882460680525799612e-06
6.197494936728510812e-06
6.645846360985533422e-06
6.365663311035515555e-06
6.339047972282341231e-06
6.318845297161062315e-06
6.336439692985107366e-06
6.131520462981850500e-06
6.273338113434006356e-06
6.445571554354477046e-06
6.206305998183591990e-06
5.867012993300666967e-06
5.699854882386605183e-06
6.060543286509106122e-06
6.428112828073103888e-06
6.590575419760874381e-06
5.533570825624613312e-06
5.576596695355830576e-06
5.692298296891720999e-06
5.622712289486277776e-06
5.826708187386508541e-06
5.647408504795432398e-06
5.469320345174605561e-06
5.383582144939786474e-06
5.558297300469535510e-06
5.699331450973883920e-06
5.561174136820866824e-06
6.693485585412156137e-06
7.947548976424544272e-06
8.206759592694964160e-06
6.524507327658813717e-06
5.472829072382596246e-06
5.370545372742849084e-06
5.369802092962020416e-06
5.409364818031899579e-06
5.404531671684339830e-06
5.464784358925222534e-06
5.569710047121608449e-06
5.493500211852487021e-06
5.503337854618873389e-06
5.464120962731381964e-06
5.478692196185682133e-06
5.345499160118454407e-06
5.613597095007501401e-06
5.763223023653174549e-06
5.679105351005891968e-06
5.565227545477369095e-06
5.458380738828562039e-06
5.316131715018721730e-06
5.381449512245010083e-06
5.447838945802991352e-06
5.362255325029143793e-06
5.477101545868841116e-06
5.508392569381125971e-06
5.394976077320503241e-06
5.418673696640139831e-06
5.367536897858797573e-06
