1.274336234438476316e-02
6.162634661581993349e-03
5.499556279306132105e-03
4.465094393845821588e-03
7.504060138183809127e-04
3.110633759311316423e-04
2.160714322525849988e-03
2.701406589677938803e-03
5.291137696759149085e-03
1.515210620108089568e-03
9.010981541775487909e-04
3.139956656671448508e-04
2.650232521571825313e-04
1.889685021936463928e-04
6.160338770556720819e-05
6.612655479227038909e-05
2.684546069712637792e-04
3.071702098287990858e-04
8.245481110711633417e-05
1.417994930790978856e-04
1.027343061263905495e-04
1.144455588652587780e-04
1.148405784514449653e-04
6.511879116801010255e-05
1.153642992045368268e-04
9.455977550675032930e-05
8.086528236340417559e-05
3.562149210722265750e-05
4.938947749083269164e-05
2.321704989836167562e-05
3.388323591413958330e-05
1.793375674613313975e-05
3.323755764549556979e-05
3.060335063317066941e-05
3.442981836602723906e-05
2.325696364638155520e-05
2.101342807360740810e-05
3.133822700041770051e-05
2.547001284229631317e-05
2.876378393453921033e-05
1.932218529590475482e-05
1.831817338480446893e-05
1.646692604286762693e-05
1.696974429141697756e-05
1.506088310044160082e-05
1.476506267850831868e-05
1.430065895522436253e-05
1.315681010201122528e-05
1.452479454177982918e-05
1.374794738289766206e-05
1.468846352849161019e-05
1.814518147268427478e-05
1.576253811239645169e-05
1.115391879363540509e-05
1.166550711857800696e-05
1.215562947796916601e-05
1.254887807205270102e-05
1.347804707911546304e-05
1.213279413299029037e-05
8.110945707858769883e-06
8.417402355360581337e-06
9.497911485489413301e-06
1.003142407936440797e-05
1.081153807851356964e-05
9.296954566653093562e-06
9.176057014565189762e-06
9.390295163701268782e-06
1.243837309855976154e-05
1.152314691389840303e-05
1.116597608237759518e-05
1.116595948208914820e-05
1.446800780027486868e-05
1.008202395804011725e-05
9.916548448849753865e-06
9.406273274139609114e-06
1.030251029267218639e-05
8.669360744035717117e-06
7.445158110416554046e-06
6.247314465347589869e-06
6.038827844853215750e-06
6.752068735756518895e-06
7.331038048180018793e-06
8.030575357939871253e-06
8.714234020859536520e-06
9.110780611179124757e-06
8.721930178760542703e-06
8.223989443858145473e-06
8.409334368709976503e-06
8.533541560573425742e-06
7.443815398957106516e-06
6.752204934431581733e-06
6.660918256080946900e-06
6.455745619333331470e-06
6.330456262730253092e-06
5.981853748453792604e-06
6.219105405832444825e-06
6.656559321935709742e-06
6.636619237092477704e-06
6.137039377976651724e-06
5.539575184794503409e-06
