1.563191918622540769e-02
7.976397422217031824e-03
6.054904513982073758e-03
6.047860076110707535e-03
1.215560395651573864e-03
1.155424391969290740e-03
3.098018485479124909e-03
2.005054612115952581e-03
6.859280668991820859e-03
1.793602438969310164e-03
2.599476969567562391e-03
6.288513841452073299e-04
3.628573558359661196e-04
2.117807965377212340e-04
2.625982581561768915e-04
1.285273816476268836e-04
2.403373764487457378e-04
4.789962892175649153e-04
1.717644308557913157e-04
3.521033787600892509e-04
7.839259601227987161e-05
2.085637460962153967e-04
1.113137739936483441e-04
8.812945481872220383e-05
6.868220194404578611e-05
4.093670738231615722e-05
4.422376293418285028e-05
4.716223842010031298e-05
3.764944947693242425e-05
4.327839834996148442e-05
2.878970444328302162e-05
2.466019110784915461e-05
2.265029726455196820e-05
2.519096188360075875e-05
3.106698230532754394e-05
3.319984380508692479e-05
2.344546349244739470e-05
2.566140565978938722e-05
2.597393994360450389e-05
3.109670814974147121e-05
2.602945267965095028e-05
1.718144278798150942e-05
1.509732154062147661e-05
1.815548075339841298e-05
1.810626569672413254e-05
1.658075391467714443e-05
2.343298576888759141e-05
1.553577871292599616e-05
1.769726284500906723e-05
1.830613779361394233e-05
1.777359090340671483e-05
1.879799250543203389e-05
1.860653684615207429e-05
1.647656066317258896e-05
1.611300310384494635e-05
1.627531852443263533e-05
1.473857968770287929e-05
1.455196732356611692e-05
1.090607389194870392e-05
1.279548398266124670e-05
1.314437543704066143e-05
1.059656298808779274e-05
1.041116977143973724e-05
1.073823489380178974e-05
1.149005042393704433e-05
1.081899597320627263e-05
1.296983536781501253e-05
1.231981925207900460e-05
1.236303079408922449e-05
1.339835654503238263e-05
1.457479166040367262e-05
1.368889192406459077e-05
1.740138491878774962e-05
1.588540311981352217e-05
1.664902036304850326e-05
1.683353085743752330e-05
1.500793072218987533e-05
1.074125476312626073e-05
9.293546791347567318e-06
8.875149068781162227e-06
7.649717814209040356e-06
8.327553919980987742e-06
9.938825139531756546e-06
1.131457341963215285e-05
1.053449027851540027e-05
1.129285348949771409e-05
1.136192918361980036e-05
1.012801306345796097e-05
1.044912560034347286e-05
9.766362886418286513e-06
9.238680795321925094e-06
9.121856534684040036e-06
9.122296216786422371e-06
9.656779949845368976e-06
9.976068986453159260e-06
9.638840064462721822e-06
9.755794001301070653e-06
1.041361776365876535e-05
8.973219398810437919e-06
7.090888514692021470e-06
