2.948766679641531135e-02
1.520108616456245648e-02
1.109130694050057715e-02
9.360406480744301941e-03
3.910931252773408411e-03
1.648238992753740112e-03
7.146109083495743620e-03
7.606580691229584794e-03
1.435022833405959382e-02
2.087713287369862003e-03
1.216705638572904320e-02
2.551525174079374847e-03
2.104999466687372534e-03
1.803672309263000279e-03
1.183372472218066759e-03
6.821900068890777947e-04
3.087147804830876361e-04
5.404110617626131175e-04
2.988703685025463652e-04
8.752395417484177056e-04
1.453833577115220654e-04
3.144404000748026915e-04
1.156733184121078666e-04
2.043653451117899205e-04
1.108985213202420556e-04
1.194101565936863925e-04
1.739138973922933556e-04
2.466214095749640414e-04
2.081985146606484232e-04
1.018479383700131785e-04
8.771000408431730156e-05
7.646770881910933549e-05
9.758149628830621342e-05
9.268351108768051183e-05
1.176089884168033230e-04
7.483871879923088832e-05
8.875546471516536969e-05
7.350309317341987073e-05
7.909758337934281764e-05
5.345139634513698147e-05
1.008071172499523676e-04
1.201329128375590760e-04
7.454515911725500155e-05
6.255644761249976125e-05
8.494541124363640138e-05
4.544140740493910391e-05
4.695978449792234828e-05
3.061253112803024652e-05
3.425724443018943470e-05
3.565803147409445881e-05
4.106858420691921011e-05
4.699942537602497380e-05
3.623122894136739580e-05
3.897904857484653834e-05
3.434149549331022268e-05
4.496989521739715623e-05
4.258592689593850131e-05
4.111436860906582348e-05
5.503541885655993427e-05
4.708406330689635826e-05
4.338135940992095675e-05
2.907109033011518343e-05
2.416208140672567681e-05
2.543419619990208312e-05
2.521088856772702111e-05
2.605247591115195219e-05
2.230453453165950713e-05
2.861098874074429672e-05
3.445848900173270287e-05
3.359458177415852173e-05
2.891200867704510910e-05
3.195446179730617088e-05
3.069330333562690649e-05
2.128655830810184004e-05
2.225681428554194706e-05
2.169697461100264388e-05
2.926951231373567180e-05
2.415988914557217545e-05
2.243160417206641668e-05
2.238829954927578161e-05
1.825778726656877426e-05
1.632916596902797917e-05
1.811938508828830779e-05
1.704080206434498322e-05
2.048559841084516943e-05
2.230511353999609062e-05
2.210635943751129104e-05
2.204929959870205689e-05
1.983073763764977822e-05
2.009451436353984307e-05
1.753456724676846618e-05
1.586024218404396516e-05
1.502793493948012405e-05
1.585502192578716428e-05
1.684801592404751351e-05
1.805292266450517853e-05
1.822901017623939940e-05
1.745243754899585009e-05
1.548001047628232149e-05
1.442028829314732234e-05
