5.919086898197179446e-03
1.580666852339435678e-03
2.764904396696630726e-03
2.739231871516151304e-03
2.362601964627085601e-04
6.403272124013057419e-04
4.798678811462825443e-04
5.394265165111863285e-04
8.318880964539256042e-04
5.123858702784715420e-04
2.812044201708563461e-04
1.559553646422134714e-04
7.776320485188071879e-05
9.464697977866228364e-05
3.873482710346550249e-05
6.796005695014722785e-05
8.370833184297877410e-05
2.266667257975874916e-05
2.852975828903863041e-05
2.478863300611132788e-05
2.353210962982823354e-05
3.154795291384287988e-05
2.543404002277123752e-05
1.698584022507427100e-05
1.519201025717507644e-05
1.081883380698093752e-05
9.944626862436367523e-06
9.170747691886581361e-06
9.930697207424051996e-06
8.806419983638835892e-06
8.486308659360348707e-06
9.636024784613479553e-06
9.965759818371095383e-06
8.790369226449745388e-06
7.146826516895850805e-06
7.437710172755839695e-06
6.859681571603413467e-06
7.490492496285724961e-06
7.246668951965082373e-06
6.726968179031358016e-06
6.763222594057500309e-06
6.369413327574869524e-06
6.135797754341338062e-06
5.949968942041719749e-06
5.754904889993063124e-06
5.770407598269941441e-06
6.032959063503061266e-06
6.163398342281348195e-06
6.702902100385226576e-06
6.725484525839900829e-06
7.103176451825436406e-06
6.248642593208207062e-06
5.730872719347257549e-06
5.625137400396170731e-06
5.596136824706889065e-06
5.409865150442495595e-06
5.420924043103818420e-06
5.453393013984697951e-06
5.447371451537288692e-06
5.403063234244866453e-06
5.352855800901000587e-06
5.553092026098788514e-06
5.505679856900556382e-06
5.372756722183623154e-06
5.341732925742228646e-06
5.519874567505446627e-06
5.364345052240621718e-06
5.780195063472921081e-06
5.909875635056390132e-06
5.409766333360452350e-06
5.219957008233818260e-06
5.414584597688955988e-06
5.326570202360873380e-06
5.466951310371552811e-06
5.338964459337655258e-06
5.405969606049958493e-06
5.442650780029789479e-06
5.348181028032429603e-06
5.418597535340379495e-06
5.391134732005859067e-06
5.589709412738749818e-06
5.740655868347548148e-06
5.733163073750117764e-06
5.740050200136480813e-06
5.585662341595073069e-06
5.663161254384046960e-06
5.888774927446356348e-06
5.827004874940850281e-06
5.730698513083345543e-06
5.738186185352560244e-06
5.677702497604764508e-06
5.438140950978524828e-06
5.431173346646846308e-06
5.506703538216803230e-06
5.407292413072114896e-06
5.441165435145441243e-06
5.604405392515744964e-06
5.698986534478493623e-06
5.738032024056310824e-06
5.671730622561416573e-06
