9.355235376490633747e-03
2.202861487380025195e-03
4.151346318511862921e-03
2.778613605741728568e-03
5.026454391947020057e-04
1.380399748339283155e-03
1.708720673995277068e-03
8.800991072010071496e-04
1.501417317516445327e-03
8.931532525902490015e-04
7.080057571276390620e-04
6.348427842693664001e-04
2.111546005979118357e-04
4.719750195342881072e-04
6.629644893507034224e-05
1.961682474590057160e-04
1.620018615822409051e-04
1.303912691288033009e-04
9.219760553235082224e-05
8.238975510578891827e-05
5.458034988518114676e-05
6.295710137119705444e-05
6.837564514101650433e-05
4.710095227701815166e-05
2.017531340517828689e-05
2.477203071242591842e-05
2.046458085057949368e-05
1.862693367235650143e-05
1.864040154815290763e-05
1.595480844566155067e-05
1.366560854302371210e-05
1.675291060202152593e-05
1.476655662507389080e-05
1.587397346412364676e-05
1.139329622224974501e-05
1.115451363315530889e-05
1.127239605915578467e-05
1.370350142252478396e-05
1.275721518993000952e-05
1.310028789414878058e-05
1.098171763624590494e-05
1.005696314262200418e-05
9.231223125635216846e-06
1.029637058223068648e-05
1.083053437559465839e-05
9.417589661737392923e-06
8.919479188920867327e-06
1.020088691595547868e-05
1.496644735344195777e-05
1.172827296883563887e-05
9.184858064403127818e-06
8.619569124548144497e-06
9.033167282656288621e-06
8.635333366098458529e-06
8.999494382575613238e-06
9.161191388138003000e-06
8.821244314210964515e-06
8.374971525117444728e-06
8.205992329031541277e-06
7.221981753697609387e-06
6.683333910510633396e-06
6.711409407418655089e-06
6.467033244766174311e-06
6.892451785954966528e-06
7.516092244025279009e-06
1.082234085250975807e-05
9.990235546441137787e-06
1.067144771378201955e-05
8.783751626645416386e-06
8.851052206041736176e-06
8.930614073000205200e-06
9.325236853557764262e-06
7.576363624569027601e-06
6.247773894899057802e-06
5.995781015965264031e-06
6.034928939979991356e-06
5.951558199693122398e-06
6.087328896941904807e-06
6.150831633311378968e-06
6.372556517894542503e-06
5.941018687064006129e-06
5.741932142080306294e-06
5.498850447414623808e-06
5.168252731984740897e-06
5.429272127196951310e-06
5.487894880195896343e-06
5.505276309359225798e-06
5.325468607285067486e-06
5.316196935519600950e-06
5.338450850146787436e-06
5.643887085037048298e-06
5.643872680138473238e-06
5.860390790668525501e-06
5.638872040665755750e-06
5.522144411354985037e-06
5.423819629214504750e-06
5.304444670819460361e-06
5.227263124345054515e-06
5.480770087698308910e-06
5.315661587268575811e-06
