1.461759901175361739e-02
3.499656480729733225e-03
7.658054327046502803e-03
4.844028610400081397e-03
1.708271107199883874e-03
2.254207464693415517e-03
3.632043031651093368e-03
1.848910095891339190e-03
4.337040195991166344e-03
2.778132159977478744e-03
1.838094317839976096e-03
1.872165512842726906e-03
3.620993095993971212e-04
4.951366941260213882e-04
5.755892709873385607e-05
5.157146067621456434e-04
4.056508785002208863e-04
3.482882339748148747e-04
3.739131949975160415e-04
1.290284275114018204e-04
8.176506505934440065e-05
1.218341083097827050e-04
1.113288491801050605e-04
1.260943577114207218e-04
5.679643213226237672e-05
4.226079079799008483e-05
5.133140313039037764e-05
3.391428688455818384e-05
4.227023243435900507e-05
2.604838453135744814e-05
2.328891792666416778e-05
2.091314942698491982e-05
2.119314053392915446e-05
2.901146784044406231e-05
5.579065521500793418e-05
4.181783876269864916e-05
2.352593333179118577e-05
2.675651065027512631e-05
3.179007428028131978e-05
2.154091549268634970e-05
1.837941854308016297e-05
1.489684861793251795e-05
2.151028715292407789e-05
1.662824227207463580e-05
1.969677582458060339e-05
2.053434950965507408e-05
2.000790456854062636e-05
2.014239889385641697e-05
2.161792692410105949e-05
1.960586808932846450e-05
1.612517979287148739e-05
1.887898604733607546e-05
1.885464762032993820e-05
1.751369072347989079e-05
1.731802850518279860e-05
1.379203282654994091e-05
1.120430674698141911e-05
1.282064544368470110e-05
1.276870357276665214e-05
1.183853506446356881e-05
1.149584515050541926e-05
1.251546336471389414e-05
1.323135979401900119e-05
1.400198330409319601e-05
1.424605134084320685e-05
1.787284695344047044e-05
1.462035537231126695e-05
1.762743461242128346e-05
1.211303298689227289e-05
1.184264810294691266e-05
1.353139224853173890e-05
1.467114990822792832e-05
1.217194352364976818e-05
1.045837317398304154e-05
9.953003055818723417e-06
1.059167010568215972e-05
1.058465547541296839e-05
9.406789492180521228e-06
8.486011163304438558e-06
9.746708043999966286e-06
1.392419159743234969e-05
1.540170673912882212e-05
1.426374098570299778e-05
1.350902384411634024e-05
1.075491066407806581e-05
8.966683211909286727e-06
8.125445193990507719e-06
8.411125373148557147e-06
8.321295028795970013e-06
8.603031322665612420e-06
9.498695164458994484e-06
1.018953058923407535e-05
1.005579232003715978e-05
8.407115785937360885e-06
7.328161092740003015e-06
7.606369672918644314e-06
8.027670875683014058e-06
7.968623761570502458e-06
7.478935112564903190e-06
6.899946905390918408e-06
