3.005845945940990166e-02
6.803157443635013922e-03
1.571831344050136914e-02
1.607665263892489593e-02
4.878662556290007737e-03
6.251012218117846936e-03
8.598000886976778223e-03
7.952906645550227027e-03
1.176179181607975993e-02
1.221547097357495240e-02
3.729469337060449877e-03
3.738528279053338673e-03
5.136498800253081875e-04
1.757389226945584330e-03
1.745200333670116305e-04
7.466618243593915391e-04
8.183107500151341361e-04
4.210958768643252017e-04
9.106700690493205489e-04
8.914573690560660484e-05
3.358907021049118455e-04
2.642099952261619026e-04
2.831688790188714548e-04
7.072442102798858366e-04
1.430108415824417301e-04
3.440236764806661306e-04
1.308580638988887028e-04
1.775532155968430033e-04
8.956511812390296643e-05
1.203565743357957438e-04
6.157270847294547031e-05
6.411676190461172871e-05
6.453458056644996552e-05
6.368437353163683694e-05
1.052662440248162008e-04
9.285978391233536740e-05
6.437060716977503771e-05
6.148266984609252579e-05
6.301167358707299745e-05
7.494054074669692894e-05
5.250653278390175586e-05
3.937738351493356862e-05
4.087968675656612457e-05
4.158934903350698263e-05
5.301209174463296137e-05
4.243037048256186386e-05
4.371490165534149685e-05
3.688306438083262755e-05
4.800347810848562368e-05
4.989403578718360101e-05
3.811456977775185023e-05
4.605657991130282373e-05
4.289096036112024937e-05
4.748230529631937034e-05
4.096141045779823944e-05
2.637056161465687603e-05
2.893592205939755395e-05
3.461102752225498740e-05
2.229643579025981307e-05
1.810278611003752561e-05
1.766194724517375399e-05
2.142006325574741289e-05
2.959732433140690002e-05
3.071922169531693197e-05
2.712397952449624070e-05
3.481665339502111264e-05
3.526984335988610838e-05
3.401199129073012817e-05
3.177939102460715219e-05
3.877513419915019254e-05
3.681366991240457652e-05
2.352755187502153568e-05
2.890120314033511282e-05
2.280112136783915661e-05
2.476164211857481256e-05
2.520356471910719626e-05
2.660415954362220124e-05
2.214577245611291440e-05
1.490668949544422182e-05
1.947940580578245176e-05
2.448620321623878800e-05
2.415499085240850052e-05
2.343057727096596113e-05
2.157305489040576671e-05
2.015847033944676782e-05
1.927772959351797100e-05
1.832079671202416747e-05
1.789964750968068920e-05
1.626759900499016298e-05
1.560205185653817163e-05
1.577693801794731554e-05
1.570304642576631282e-05
1.429796615774561695e-05
1.255097210047043087e-05
1.195681198904253609e-05
1.266051454920656455e-05
1.288127715242188164e-05
1.357880203345225840e-05
1.498052235052253033e-05
1.508775348771832812e-05
