6.609996461113879646e-03
3.334054257849582755e-03
1.976656547724869178e-03
1.804752393977986482e-03
5.495655320052142022e-04
2.192480250034136856e-04
1.521830254995792172e-04
9.458662587339345187e-04
3.965771963814352101e-04
1.093661998381867796e-04
3.717161140837478366e-04
1.924510176799627771e-04
7.073019517669702457e-05
3.810516359382175940e-05
7.040885843556234720e-05
4.596702155353896477e-05
4.540799553414671090e-05
4.247695982411830171e-05
1.704845116015839282e-05
3.532753034012587554e-05
1.446127438662800969e-05
2.599090794906001861e-05
2.661332766013106710e-05
1.981807427585346193e-05
1.317251573206741576e-05
9.951159697716227692e-06
9.977937460882579262e-06
1.170152292254514833e-05
1.119577428343097250e-05
1.126010064037364972e-05
1.109879438411557881e-05
9.094850830742816226e-06
7.745916805628930119e-06
7.901483213508983427e-06
8.062611131609117841e-06
7.906042716048404265e-06
7.743308385473782237e-06
7.821719607168527879e-06
7.306212009740426515e-06
7.203097245235512189e-06
6.768986671178374491e-06
6.204973273820031889e-06
6.349429694652219678e-06
6.400978631757536596e-06
6.819967142576852683e-06
8.196874910400947354e-06
8.716499916364417726e-06
8.188633065337648322e-06
7.135579564934498318e-06
6.385519389599793375e-06
7.700857100393433311e-06
6.807878497121631283e-06
5.547085099374383539e-06
5.381061424406184341e-06
5.598737577666004759e-06
6.126107458975693274e-06
6.317237487181092663e-06
6.103580872736896176e-06
6.046910665618282923e-06
5.862601123874222219e-06
5.906386553272680797e-06
6.289870395944144412e-06
5.956665055371460420e-06
6.943436902527754586e-06
6.224937636890647569e-06
6.267669030077297509e-06
5.645353395932434843e-06
5.504572831316787790e-06
5.525125908801866830e-06
5.435689066617287375e-06
5.406270493888473847e-06
5.492608642856405735e-06
5.314200295972805261e-06
5.426045993178778680e-06
5.425957858683513695e-06
5.489775434072037586e-06
5.376111379614121713e-06
5.154881611875045889e-06
5.248758360709807023e-06
5.375501135664394877e-06
5.414302427506955571e-06
5.507302980263696595e-06
5.597016951815384539e-06
5.423035984226281130e-06
5.353410964819793878e-06
5.243475937032039998e-06
5.210597474469262686e-06
5.213021026675789712e-06
5.181490840355961448e-06
5.071280597866678044e-06
5.217432215726289971e-06
5.302384396251423925e-06
5.282477206447982531e-06
5.153740465052964153e-06
5.219315435014791237e-06
5.363544695556280849e-06
5.558133834881580780e-06
5.602108009515025518e-06
5.615384504686275584e-06
5.827692159074690681e-06
