5.548094830491592973e-03
3.192097273651001675e-03
2.032901915500105565e-03
1.837606063132375071e-03
9.343646407105911638e-04
1.805545209479587139e-04
2.898448589651938796e-04
1.573566698229460778e-03
1.939892786736406301e-04
2.455966167730688678e-04
3.572247291437000150e-04
1.009807120451958483e-04
8.594458937467211576e-05
4.488758397772464950e-05
7.874858335980475634e-05
6.110180428958795671e-05
5.861476078940490198e-05
5.257466215959298703e-05
2.732639266964376133e-05
2.514577895419110797e-05
2.552291393761393719e-05
2.409068364468427046e-05
1.505587642709280121e-05
1.591533843893349701e-05
1.284275030900964701e-05
1.005076152312477203e-05
9.106094007329290741e-06
9.217336282936144137e-06
8.537094678241015957e-06
8.292601288770625105e-06
9.192119503896344415e-06
8.755618744186085401e-06
7.377373735044993537e-06
7.022038841320718473e-06
7.263982699624011988e-06
7.145527925507381204e-06
6.951743451033211357e-06
6.758631096950933512e-06
7.370578449790026214e-06
7.035670955677437495e-06
6.581419829742314300e-06
6.619219621471688935e-06
6.294873489548479605e-06
6.399502958803178902e-06
6.845191938930778561e-06
7.821640118390634492e-06
6.815163172834398829e-06
6.269910269174735038e-06
5.805275467598206194e-06
5.799135173315101861e-06
5.870999457693955702e-06
5.899219365010583716e-06
5.911221942474887770e-06
5.598554330436815942e-06
5.560961546717505354e-06
5.803795005291442659e-06
6.029272819391521285e-06
5.662423656018927412e-06
5.513403557974815175e-06
5.666557077295900932e-06
5.807212919598532988e-06
5.642029422291693311e-06
5.786335817858033991e-06
6.516405843328882675e-06
7.853068882090053813e-06
6.788886475533821005e-06
5.557925568961267380e-06
5.387915874836441961e-06
5.515222122046030878e-06
5.704073424088010425e-06
5.729760918484787950e-06
5.633504389431486286e-06
5.477978756870909451e-06
5.388508922081114544e-06
5.419933855219271494e-06
5.494202551789365561e-06
5.600665385780881068e-06
5.395626830926113403e-06
5.548272725579838041e-06
5.708482955361122928e-06
5.618870786736951076e-06
5.544691673791249271e-06
5.598408320678642111e-06
5.669438908637446065e-06
5.513411365289045814e-06
5.432519871858620204e-06
5.451664446775355989e-06
5.437891282430084780e-06
5.478165775415862219e-06
5.512420061049693491e-06
5.589500269373022761e-06
5.492619746842726622e-06
5.501534295361035267e-06
5.456225275303548498e-06
5.575128904399655578e-06
5.882173716379139712e-06
5.976128798076055842e-06
6.008637497262744031e-06
5.864984633117740349e-06
5.938704828085251891e-06
