1.718350224494230236e-02
9.907325059852221949e-03
7.816521241452694529e-03
5.783440807637534042e-03
2.428832443797438161e-03
7.503327032753902195e-04
1.643280433318353856e-03
7.256319216784260472e-03
8.617669799550769670e-04
1.726774126829334075e-03
1.726144278493213285e-03
3.419172108859184415e-04
4.425724675074097013e-04
1.111373311092780334e-04
3.423166474799139297e-04
1.874288030762023079e-04
3.250847956878520932e-04
4.495291555976776987e-04
2.522901919933961284e-04
9.161276632952750749e-05
6.886121130997746760e-05
7.086060498092800711e-05
4.469484218208371072e-05
4.055701778351410034e-05
7.113206675658913052e-05
3.684848760812972607e-05
3.522430181512425077e-05
5.992846512681665293e-05
4.255771742941435792e-05
3.254747844286317318e-05
2.911837930184548790e-05
1.906171666298989061e-05
2.503154830213576843e-05
2.941009322053602472e-05
2.908796773475392545e-05
2.866159424672326262e-05
2.077994676980212963e-05
1.838689131325474963e-05
2.155897835270932487e-05
2.039628182228690804e-05
1.811997666092226872e-05
2.413306456122182427e-05
1.860054971390682189e-05
1.790246134484350132e-05
1.881723005789645911e-05
2.069766244540260840e-05
2.240711508394879032e-05
2.116314100249090658e-05
1.818226203870528210e-05
1.825230319456289498e-05
2.200850014362621787e-05
1.376277461463130657e-05
1.392101230425041846e-05
1.346250479338352316e-05
1.074159240846485103e-05
1.236074711890065110e-05
1.300356391321919790e-05
1.188013619462846942e-05
1.392646618428109776e-05
1.440898028999641440e-05
1.374567288955293355e-05
1.651600179219741847e-05
1.433018719754205415e-05
1.832105850861758746e-05
1.536831629186844828e-05
1.359905487487655919e-05
1.394290984823868127e-05
1.531338199159663920e-05
1.307579549355380187e-05
1.152102154211104676e-05
1.316057429999315702e-05
1.186282925364133298e-05
1.049109087558854502e-05
9.528144381101886460e-06
1.006324813135326510e-05
1.122634671958714730e-05
1.424698370215243680e-05
1.382592272948215976e-05
1.290336971397862261e-05
1.087622951255284364e-05
1.104451245224317103e-05
1.051203601830899032e-05
1.096274542532143208e-05
1.118328891310021506e-05
1.135956829935050471e-05
1.163678860417090231e-05
1.120865857334124364e-05
9.633014642730281627e-06
8.506731501668282776e-06
8.430573691636761863e-06
7.827694791473008488e-06
7.319764163428869206e-06
7.425315330357199935e-06
7.861017696662594512e-06
8.177646342560344515e-06
7.794063732164855260e-06
7.505208832330114582e-06
7.275867658339045554e-06
6.996650830378199371e-06
7.114863337758848076e-06
