2.588215275046574365e-02
1.425632833680171019e-02
1.357994595605275211e-02
9.364367768022902397e-03
4.327786673696280319e-03
1.848272346117091781e-03
3.583717750856871189e-03
1.418049947450112334e-02
2.890482355220368952e-03
2.831868042717864374e-03
4.218288176841476084e-03
1.952495786677284134e-03
1.370341793848214558e-03
4.160501901013175571e-04
6.347463729817892772e-04
9.517499490246039088e-04
4.995898654181206737e-04
6.195643251465958110e-04
2.865089084814214813e-04
2.875400075620956181e-04
1.215345290487870303e-04
5.372364301977948856e-04
4.966183121596428555e-04
2.652489629630908237e-04
1.074462120093891984e-04
6.426695164598439760e-05
9.085707172534467232e-05
5.708186091538538598e-05
9.520989441390109948e-05
6.867021660166525187e-05
7.841150119506250834e-05
1.037692315682408895e-04
1.104550301092249942e-04
7.742079814259696362e-05
9.183021127589327157e-05
5.168151675100126469e-05
8.111344992411477744e-05
5.963918835836019584e-05
3.777196508487422712e-05
5.752506319112920473e-05
4.409373118897559076e-05
6.957597921272748833e-05
4.387039147712190374e-05
4.489796130302648689e-05
3.161984085844732724e-05
3.471168431495914338e-05
3.758853607802502896e-05
3.629461243455818091e-05
3.467769063792229252e-05
3.057578729470363053e-05
4.565444266067125462e-05
4.705821573462467920e-05
2.758232912553772092e-05
3.489620493045272008e-05
2.338260148451421448e-05
1.743786026164468450e-05
1.740869267691117365e-05
2.679179633226193023e-05
1.859573160928260693e-05
2.663098379620879844e-05
2.068837079000721092e-05
3.694661045550175601e-05
2.839012970174064089e-05
3.460493440026910314e-05
2.824594751437908900e-05
2.254976632444498865e-05
2.535316067775071616e-05
2.147962550832927127e-05
2.077250829826000946e-05
1.940888115463364146e-05
2.132834147343085388e-05
2.471341143856686302e-05
2.323455182688857464e-05
2.664120697631900265e-05
2.417242054880637580e-05
3.281930819434247495e-05
3.099835693048052327e-05
2.357953178507336632e-05
1.643802401588171172e-05
1.338346971313939663e-05
1.440016468107254995e-05
1.366425733774075860e-05
1.319858598186212539e-05
1.194374666987685135e-05
1.125363279758761343e-05
1.190357057540193782e-05
1.185235918205867796e-05
1.047988339947869627e-05
1.464915102376846913e-05
1.521264127909762666e-05
1.521942809476163168e-05
1.287193872909805819e-05
1.245907900765187194e-05
1.281382866317073170e-05
1.293369325885704005e-05
1.215480894020009110e-05
1.103368988225467682e-05
1.007845538207577502e-05
9.759002796139487322e-06
9.572449829614975829e-06
