4.963111913017174102e-03
2.135084333970186342e-03
1.515036259100237996e-03
5.571818670198620642e-04
3.538822603172959015e-04
7.529196689371914523e-04
3.223971739247309914e-04
4.665297235733512245e-04
4.320446524091408973e-04
5.543400398780681413e-05
1.087226871259277508e-04
4.324202973207629501e-05
3.007814492073544521e-05
3.034615925328130513e-05
3.198592220520414829e-05
1.765576644544877388e-05
2.238736687136138909e-05
1.164731354463404849e-05
1.414494330875930814e-05
1.163775094891530394e-05
1.445604049933161913e-05
1.076114363530850060e-05
8.370802399841540244e-06
7.096363462395754290e-06
6.034368601137245711e-06
6.791629420494867891e-06
6.046393258277431388e-06
5.885225690916017654e-06
5.962007712515477855e-06
6.168495864052166779e-06
5.784496618606373592e-06
5.239847813151320649e-06
5.296345401200269355e-06
5.260021250453594020e-06
5.493235286496990308e-06
5.026456698617828702e-06
4.802568793963911807e-06
4.987063808707008316e-06
5.008903447664978385e-06
4.924542245383721027e-06
4.755877033730752771e-06
4.840772767990400354e-06
5.055770909292750869e-06
5.233046847775230727e-06
4.714922631563713123e-06
4.909496303712676580e-06
4.731620903284037947e-06
4.821563258803960524e-06
5.010165384369375518e-06
4.969483849870469277e-06
5.023502366942444178e-06
5.068794804859585834e-06
5.050869243682871739e-06
5.095106306731709771e-06
5.634274041110501120e-06
7.944980165989387104e-06
9.956991830723473636e-06
1.000000000000000082e-05
1.000000000000000082e-05
1.000000000000000082e-05
1.000000000000000082e-05
1.000000000000000082e-05
1.000000000000000082e-05
1.000000000000000082e-05
1.000000000000000082e-05
1.000000000000000082e-05
1.000000000000000082e-05
1.000000000000000082e-05
1.000000000000000082e-05
1.000000000000000082e-05
1.000000000000000082e-05
1.000000000000000082e-05
1.000000000000000082e-05
1.000000000000000082e-05
1.000000000000000082e-05
1.000000000000000082e-05
1.000000000000000082e-05
1.000000000000000082e-05
1.000000000000000082e-05
1.000000000000000082e-05
1.000000000000000082e-05
1.000000000000000082e-05
1.000000000000000082e-05
1.000000000000000082e-05
1.000000000000000082e-05
1.000000000000000082e-05
1.000000000000000082e-05
1.000000000000000082e-05
1.000000000000000082e-05
1.000000000000000082e-05
1.000000000000000082e-05
1.000000000000000082e-05
1.000000000000000082e-05
1.000000000000000082e-05
1.000000000000000082e-05
1.000000000000000082e-05
1.000000000000000082e-05
1.000000000000000082e-05
1.000000000000000082e-05
1.000000000000000082e-05
