7.261707507024611589e-03
3.275666818936995035e-03
1.445850313536444680e-03
6.249083141317919501e-04
1.289176280058811162e-03
1.767710836554880517e-03
1.329650296071064079e-03
1.417488833189053075e-03
7.649336523365171366e-04
2.821813476817061259e-04
3.416207702735554416e-04
2.151307933003382162e-04
2.476307767263432225e-04
8.506751186179346033e-05
7.156404940140081126e-05
5.332989453096384578e-05
6.828946955113753784e-05
3.525725526604686432e-05
3.197897229503887873e-05
2.720660580550067048e-05
3.234712171667027862e-05
1.862738724776573447e-05
2.665304995532284457e-05
1.879536057895921358e-05
1.207771472155310821e-05
1.256664978941459825e-05
1.030725125359826749e-05
9.781151512414341332e-06
1.380017619278241498e-05
1.146913366720285535e-05
1.367855404908375913e-05
1.131822078073897092e-05
9.978736871024703169e-06
9.258430459403512738e-06
9.191009583662740072e-06
8.646823701820984413e-06
7.532078344030713904e-06
8.370416221965504709e-06
8.950351510081410418e-06
9.150308302928568469e-06
9.201905226460974861e-06
9.481236726743391251e-06
9.090921040640370196e-06
1.051300372270461847e-05
9.347061316858910584e-06
8.095523203746487838e-06
6.294353571648641382e-06
6.911615966959076484e-06
7.768028324905234102e-06
7.376941284413470543e-06
6.593033915445479738e-06
6.852922886804604508e-06
6.319927447415750429e-06
6.135728267953810468e-06
6.184016322854156621e-06
6.306836706839193097e-06
6.485560789659821048e-06
8.903243666293950449e-06
9.750963136616781022e-06
8.875665346258361003e-06
6.630076335813684917e-06
6.679050642502385010e-06
6.212668930589136390e-06
6.174054736524857210e-06
6.223000719335952040e-06
6.127040836749539733e-06
5.805658940741274830e-06
5.741446582309130166e-06
5.621146349410198313e-06
6.119811282203821006e-06
5.894415443234706963e-06
5.338812006855848189e-06
5.708711631923873682e-06
5.626386797719642897e-06
5.295319187938559279e-06
5.051214761848865600e-06
5.328466030571160788e-06
5.333449786737263845e-06
5.303732413742036739e-06
5.419349731055712767e-06
5.436962204582993616e-06
5.089617713215449321e-06
5.069497084281208509e-06
5.054054818131649067e-06
5.109880186939834618e-06
5.191033214721099829e-06
5.205659563508190908e-06
5.437537402780340931e-06
5.451580978841668539e-06
5.426291852438253703e-06
5.302411919295240088e-06
5.400001925834140327e-06
5.413001485482502026e-06
5.511833577610352925e-06
5.585444694098772988e-06
5.784401471142005905e-06
5.822684010155114158e-06
5.860470617377832256e-06
6.203736411722499246e-06
6.367479562969908415e-06
