1.927465012950799542e-02
1.038620789555447579e-02
7.512030787487645675e-03
3.473105677071162793e-03
2.696125739280451697e-03
1.031484325328560318e-02
5.236714642044290949e-03
6.343452082543016984e-03
4.335850006095090178e-03
5.093020773342980334e-04
1.391512154404053693e-03
1.348075312407347615e-03
6.629293280746500561e-04
9.158133284295383075e-05
1.478257809933178433e-04
2.891655432183356297e-04
4.442819601742162153e-04
2.214864889575933406e-04
1.887059532386562257e-04
1.296471128701108956e-04
9.508374072641839151e-05
6.799260150442726261e-05
7.502274237698071803e-05
5.383682578595493388e-05
3.778920053754315517e-05
4.221802051660690838e-05
3.954985832030345988e-05
4.813030916802509929e-05
6.120067872026678057e-05
4.228570318189134916e-05
4.384528742760215018e-05
3.494322300995685607e-05
2.213037299608171390e-05
2.646646693078641492e-05
2.472646708073043668e-05
2.253120618800758386e-05
2.203626885324932904e-05
2.590299510788085597e-05
3.096104045389004507e-05
2.808017999132447973e-05
2.194964350201791678e-05
2.479790154375528867e-05
2.200251457644644923e-05
2.199653751224017273e-05
2.359638030731845958e-05
2.078068312390231182e-05
1.933663201316831439e-05
2.131947203412786360e-05
2.047511059566760284e-05
1.691465313859307984e-05
1.655532386380014414e-05
1.474141263390801973e-05
1.242088548218852033e-05
1.287380986608812392e-05
1.376534909646459710e-05
1.743640081823483463e-05
1.855085543155141710e-05
2.019451893011175859e-05
2.863648253882380068e-05
2.481927862060321331e-05
2.087365467036919692e-05
1.814554590419813776e-05
1.675582885652609577e-05
1.643268555860108310e-05
1.731228393620883724e-05
1.630048459819590461e-05
1.541960324016127299e-05
1.374452149036129269e-05
1.164571370175238526e-05
1.030734389843750117e-05
1.058402683897599537e-05
1.159309780847252549e-05
1.156104738859160793e-05
1.171782090655835828e-05
1.110366644292011168e-05
1.199504460965103870e-05
1.265551091714443426e-05
1.257147803666836595e-05
1.217493200117071826e-05
1.234735616579596857e-05
1.221320621516561824e-05
1.138626710744116520e-05
1.088925216897192732e-05
1.007042848891395381e-05
9.211034281860113398e-06
8.666874589423665572e-06
8.319218411413276571e-06
8.261329911196791775e-06
8.161436790861336958e-06
7.816011869968915023e-06
7.585003867633111345e-06
7.528306503598388932e-06
7.320709759124817496e-06
7.410006459238427093e-06
7.462629254072577967e-06
7.263797013904708147e-06
7.311928042778569081e-06
7.312828267883768598e-06
6.790854672008795131e-06
6.311989334435092386e-06
