3.011098338635091742e-02
1.357598348325140918e-02
1.869736988572940489e-02
4.881533773071483097e-03
7.845968941920671057e-04
8.223614987114467173e-03
3.367056892535808931e-03
8.925346787724070668e-03
8.906875662622977183e-03
2.588653916483333456e-03
1.129157683852674565e-03
2.347673504655214960e-03
2.691742412906534057e-03
8.458415364019372532e-04
1.278367260250580940e-03
6.120718228182663772e-04
6.238071499965120500e-04
3.626605229736991234e-04
6.515114436397677344e-04
3.392425623556871521e-04
3.312698843274050620e-04
1.888742520960408550e-04
2.993444812133957901e-04
2.547338309624004940e-04
3.604603839803133670e-04
2.762724653935777746e-04
1.665535996644986155e-04
2.743438562544058381e-04
2.895491236204246629e-04
2.744547758310135130e-04
1.616131652909528940e-04
1.652092124343368959e-04
1.441325829589970152e-04
1.088218800191060963e-04
1.105471564516103718e-04
7.162839511897033768e-05
8.381547265825214693e-05
1.108737858463873874e-04
1.089903390337384055e-04
8.039160716904794591e-05
5.344568666159858755e-05
6.083785866526440067e-05
6.733341926936026525e-05
8.739738849570562055e-05
6.912767452126537110e-05
8.587484274240979039e-05
6.161922970352576626e-05
7.774332987337513406e-05
5.744869041197255672e-05
5.581326675333961421e-05
3.595545146793094864e-05
3.451892059307634945e-05
3.261182286206120763e-05
2.648229016702052967e-05
4.040857627428594371e-05
3.821599898117365458e-05
4.162554581687950226e-05
5.555775686301261501e-05
3.828380269421828965e-05
4.148783948787482245e-05
5.464363485803574202e-05
4.669476559220137388e-05
2.923089501451987056e-05
2.685192666576284888e-05
2.505721699617867972e-05
3.423791694236415076e-05
2.538645273262558975e-05
2.424943761630619685e-05
2.634849487888585212e-05
3.136167104215507705e-05
2.689617558365947373e-05
3.059733238694272952e-05
2.478692768552022240e-05
2.430407104909754375e-05
2.477912758166395064e-05
2.272545511410624584e-05
1.750858349515705718e-05
1.474769229159865191e-05
1.444143258129595993e-05
1.344157000611309247e-05
1.392684749568276978e-05
1.535740419893805500e-05
1.527455602233020158e-05
1.482584610183589006e-05
1.486589382277257714e-05
1.259994495751889808e-05
1.120169860249729268e-05
1.095300078904290497e-05
1.059715208515966030e-05
1.024789438496920784e-05
9.510747408744964923e-06
9.396195470715737555e-06
8.881088103224966994e-06
9.204349523326179133e-06
8.838599222290487723e-06
8.900664872932103662e-06
8.608681397195887819e-06
8.190130789953636631e-06
7.584500008866275845e-06
6.538727953307117034e-06
