5.211817594428421081e-03
1.584104421430092887e-03
4.809152059569034299e-03
4.528586929410409120e-04
4.440901943602874251e-04
5.186023800273866814e-04
6.714442641044438172e-04
1.870926474276282496e-04
1.263749976697483353e-04
9.791716490259365986e-05
3.842189933049533176e-05
3.653568341820898215e-05
2.889442934959125475e-05
2.714244765838773720e-05
2.222302866911334508e-05
2.525163715309962481e-05
2.450962695558625478e-05
1.828318017546606326e-05
1.241498586454642022e-05
1.277008949741471606e-05
1.159450150696184813e-05
1.124496197590254721e-05
1.073273759390210540e-05
9.611813478061677555e-06
8.325168765951738523e-06
7.930129241125758325e-06
8.035187940662796968e-06
8.353056893586065405e-06
7.600015340021651254e-06
7.711399967482185328e-06
7.271229140432014946e-06
7.483746878016563761e-06
6.936868429681511866e-06
6.292011076241157914e-06
6.240588770434947756e-06
6.222978531484603339e-06
6.217950582399447294e-06
6.424864164788863930e-06
6.302328914323717628e-06
6.083723341114376289e-06
7.301027470357234423e-06
7.296232864916391724e-06
6.043698183485593951e-06
5.730568130128588113e-06
5.756033677721275352e-06
5.770093026381909302e-06
5.613867123851179182e-06
5.486611614091334826e-06
5.464342704341903408e-06
5.463330227192594456e-06
5.157127703422873095e-06
5.576109859624577682e-06
5.584934904076869164e-06
5.824886591152489731e-06
6.303147071130033130e-06
6.498895283685184945e-06
5.285777172968380640e-06
5.280316568634395531e-06
5.989566246835044003e-06
5.903323139840000094e-06
5.798377411707955799e-06
5.349951234120783029e-06
5.347928989303192151e-06
5.415822154244199166e-06
5.456067708534650071e-06
5.471601010759948124e-06
5.355550665459475662e-06
5.390947242351786736e-06
5.579198012041950020e-06
5.466204334825854704e-06
5.509038324448479174e-06
5.496807216746522705e-06
5.484608551198567571e-06
5.257663176999233662e-06
5.446325688014941517e-06
5.530574372468884228e-06
5.519985374648126079e-06
5.343738932059729754e-06
5.443764207455255378e-06
5.622821339934631599e-06
5.286477854109554862e-06
5.071569277501432607e-06
4.989272364899632787e-06
5.171977817995464556e-06
5.184576158796330826e-06
5.380519717064917280e-06
5.827462893426006403e-06
5.947196267247468836e-06
5.891285473516686667e-06
5.923098684158418008e-06
5.713702825323684755e-06
5.636124009100413510e-06
5.722616462787538052e-06
6.239723781304674710e-06
6.523455815494665345e-06
6.438272701413196029e-06
6.546892871198138821e-06
6.722292717556655382e-06
6.812624551027979634e-06
6.674880730010998312e-06
