8.114996884966623608e-03
3.265298978035523908e-03
6.365126749334917497e-03
7.866145657357057194e-04
1.865030552713181156e-03
1.309519586087819860e-03
1.085078762893141409e-03
4.180460415047329613e-04
3.340521984405243135e-04
2.975259074194883265e-04
7.119245164916943123e-05
9.787513357997446809e-05
5.105122672300965925e-05
1.481734606444901959e-04
9.456859940546722993e-05
6.593203520228250027e-05
3.953591326300878278e-05
4.016333887252873327e-05
3.643711577220789123e-05
6.022250445942937540e-05
4.171678340628882665e-05
3.034064205858268284e-05
1.538010832846675672e-05
1.362714606951573939e-05
1.590528546312145467e-05
1.179054638328597890e-05
1.309921177151854035e-05
1.296801464123721267e-05
9.364988487587912408e-06
8.904517119951458546e-06
9.303997761023982907e-06
1.148439257865550744e-05
9.254789915589039251e-06
8.366491071871700000e-06
8.381229043485380277e-06
8.362181681481971167e-06
9.392534958337018565e-06
8.707975395589501153e-06
7.672439841100683853e-06
8.592864691464467401e-06
1.038642933015712258e-05
7.563151396644038265e-06
7.103002297817925273e-06
7.718693902725780610e-06
8.003520347746439226e-06
7.402715660791453110e-06
7.543236767272432172e-06
7.078414605236309700e-06
6.675446012069192542e-06
6.293111688082819478e-06
6.104155675788005949e-06
5.629515671535321269e-06
6.388371726010070200e-06
6.404123172331224617e-06
6.378633162756473291e-06
6.329788908807484919e-06
7.479226228148283454e-06
8.895281498482210560e-06
7.877002597529461796e-06
6.661248727546171188e-06
6.258426708385315269e-06
5.776933215914996764e-06
5.586155369089634903e-06
5.680674838006710280e-06
5.418976327273031237e-06
5.758888811170616366e-06
6.190046721990158217e-06
5.879735866402614334e-06
5.590603209675520198e-06
5.563134555982095136e-06
5.455737818127811225e-06
5.236039426608700755e-06
5.201835835480215566e-06
5.281352314869663527e-06
5.268768982166001294e-06
5.360004249599882273e-06
5.582338203891487450e-06
6.370736907433557195e-06
5.784796759254658624e-06
5.175202287618942595e-06
5.225955957481638846e-06
5.204434193923942202e-06
5.230430752932935316e-06
5.364191884703765819e-06
5.307680446820288333e-06
5.119081863727037812e-06
5.295705902491242252e-06
5.810858618115831065e-06
5.954168100462887838e-06
5.839344970892312376e-06
5.558520597807774117e-06
5.446718007843539441e-06
5.316307125109480428e-06
5.407894501466491315e-06
5.502969371112511853e-06
5.975624520068823989e-06
6.114304155245169440e-06
6.212807615957579464e-06
6.460004706349686442e-06
6.507369566124834528e-06
