1.837389193952949917e-02
7.422755650149087843e-03
1.858821815676739431e-02
2.476922879376912325e-03
3.007343331313846579e-03
3.205100669484898732e-03
7.074994418591006723e-03
1.411331191229508401e-03
1.443301440444694304e-03
5.277891543736832952e-04
8.295449807581418934e-04
7.071846519219612088e-04
2.376330608832974878e-04
2.580785584966848985e-04
1.846831437073248421e-04
5.195949830138644945e-04
7.228838686825587848e-05
2.545384368151674330e-04
1.382951370980313357e-04
6.570146052702611388e-05
6.421434435874359291e-05
6.793123373513513933e-05
7.782458931150940064e-05
4.949064115830114957e-05
3.829253085051285179e-05
3.597219172547712904e-05
3.544939750845939558e-05
4.028360306615070147e-05
3.741339877010290554e-05
3.935899600079760974e-05
2.725579858643337313e-05
3.174654384824181506e-05
3.442328071653508545e-05
2.537611013500085639e-05
1.870348882509749621e-05
2.112225029449408669e-05
2.162786142270460614e-05
1.897455850593994666e-05
1.761457300591441621e-05
2.263022133798142275e-05
2.269918822435580712e-05
2.066772392237192844e-05
2.338076543472710284e-05
2.352117046119005185e-05
2.811632706516506796e-05
2.626029876505279686e-05
1.964351978488975965e-05
1.866798771507732250e-05
1.640053843568358070e-05
1.570543375520410038e-05
1.548217608830080623e-05
1.776866802951345081e-05
1.571720744345571225e-05
2.436293210409551198e-05
2.950091797773152412e-05
2.398395600496118282e-05
1.548200014376916389e-05
1.439733235009356159e-05
1.450213295618919766e-05
1.547117335861068483e-05
1.570176127014103233e-05
1.676063670981087751e-05
1.643571486916195828e-05
1.537581716205731409e-05
1.485030104500041782e-05
1.405252189578190632e-05
1.233198749615225185e-05
1.171053109696542706e-05
1.082749645374951557e-05
1.115347224254425331e-05
1.022611278949374475e-05
1.046096045270870780e-05
9.568127168960416148e-06
9.556178550576817994e-06
9.896684106213587181e-06
1.066639358151121950e-05
1.135414817004737486e-05
1.256366133529783597e-05
1.343961505091543192e-05
1.238334507108731830e-05
1.155329843803244098e-05
1.085017060756493847e-05
1.032490447006901745e-05
9.410255191188897781e-06
8.442719083098392565e-06
7.803624461442951462e-06
7.343566898995368186e-06
6.708137549594031759e-06
6.407831468188503891e-06
6.175588622348777909e-06
6.088601658494463435e-06
6.184325392235935115e-06
6.089493517261280847e-06
5.670686138869048271e-06
5.360300397228852857e-06
5.347539865125052688e-06
5.039681768415516395e-06
5.035840225943733448e-06
4.916868271506818018e-06
5.001688355828408504e-06
