2.961132978319422349e-02
1.092234685815525116e-02
2.950943122702907179e-02
5.218943920731159911e-03
6.863222961068784003e-03
4.521093822746281160e-03
9.757030276906560051e-03
1.223976778977732679e-03
3.912647123385524887e-03
2.510619004235209797e-03
1.358073015994706433e-03
1.670275277407844237e-03
8.474296345574287587e-04
6.593642019856018124e-04
4.231138565889070368e-04
8.255456806804980889e-04
1.468348753949007572e-04
4.922756949332163581e-04
1.551863831492161588e-04
3.460030684332061511e-04
1.618569578630266246e-04
2.617405933400876179e-04
1.832515256269617941e-04
1.425736626111899074e-04
9.270942158049730103e-05
1.115884247972678128e-04
1.318910743571843924e-04
1.446891076657246531e-04
1.056550560124152504e-04
9.981928571998100082e-05
8.929464760946303386e-05
6.519151207763216238e-05
8.526870377745608264e-05
6.149909398018004467e-05
4.127942044999373210e-05
6.096283301981334282e-05
5.155758240568960129e-05
4.533724576291461346e-05
3.756250158015981579e-05
3.563361225309751376e-05
4.727175699594812574e-05
3.905904969471958496e-05
4.357115644539519928e-05
5.155345478781940262e-05
5.273045076087286694e-05
3.857889327125243350e-05
4.264089976333740919e-05
3.875336258040179181e-05
3.567840580155074825e-05
2.702085918095864698e-05
2.418728579227879643e-05
4.175548753941251697e-05
2.696650674170712752e-05
3.022024374259795233e-05
4.622592259118466098e-05
4.104645362884310004e-05
4.025109083856488534e-05
2.375089183762566918e-05
2.868970264231941866e-05
2.415680929061263366e-05
2.149691625968918303e-05
3.294697026760097714e-05
2.788034788465708683e-05
2.893442559519328794e-05
2.993028427157256609e-05
2.097791725610324173e-05
1.974791140569977715e-05
2.418862919239651727e-05
2.075611544456206471e-05
1.864589122691141486e-05
1.616713402764506774e-05
1.836244347724290597e-05
1.535232173730735007e-05
1.434405744047038133e-05
1.602279027409206339e-05
1.615717488574828280e-05
1.780617923112962444e-05
2.154704580002649332e-05
1.769555215178612810e-05
1.637915118180185948e-05
1.485568892403315453e-05
1.341505837639648457e-05
1.354288770146020796e-05
1.381333550251696092e-05
1.321649740619113438e-05
1.258660962548446683e-05
1.265040650582127068e-05
1.251993795035105788e-05
1.154431168181863116e-05
1.083099897012652598e-05
9.814891227602088258e-06
9.029788532945156462e-06
7.836001180407409786e-06
6.960588092900756337e-06
6.591529241900078382e-06
6.023711095879407116e-06
5.565225883721660708e-06
5.293705111070862180e-06
5.069252788703369544e-06
5.031850345369600951e-06
