5.419402139107047309e-03
3.162386953425523964e-03
2.200761395954811336e-03
2.438769724232394461e-04
1.453223977682608227e-04
3.880539805415492887e-04
2.593237007949397623e-04
3.062392265980726420e-04
1.090902453328235287e-04
5.466118519483949571e-05
6.833227245326186489e-05
1.470939453972750721e-05
2.705371009717474242e-05
2.245525905193456763e-05
2.688976368952100099e-05
1.891503783224911088e-05
1.614836946296659739e-05
1.742560956600012350e-05
1.582339340972104029e-05
8.860110884623931433e-06
1.055394455543163595e-05
8.356417508250491922e-06
8.847302979708582751e-06
8.090341015033623487e-06
8.621377005410179589e-06
8.121919248784067538e-06
7.155915593231241356e-06
6.273430187133800147e-06
6.483151268791462367e-06
6.924300011112522469e-06
6.655933605945150615e-06
6.118086367377261821e-06
5.919731472604138702e-06
5.761511048280513671e-06
5.856449362268465898e-06
5.660107253089340985e-06
5.618242897897197542e-06
5.939378318371911584e-06
6.378869998014576421e-06
7.130959397440850143e-06
6.438639489928607363e-06
5.539761026987867169e-06
5.201356746254043271e-06
5.333254545487631790e-06
5.379675298645016752e-06
5.407607403424086920e-06
5.221641057293920723e-06
5.227757293310409764e-06
5.309356739902673933e-06
5.280650035964958802e-06
5.306544949599033806e-06
5.368092114099583427e-06
5.646635470354055103e-06
5.325837217516056213e-06
5.151273609040646151e-06
5.159445664654629143e-06
5.470467441320163549e-06
5.262408003887534806e-06
5.204023320604012797e-06
5.207260066554504062e-06
5.224047051548000650e-06
5.423458213485397918e-06
5.460180884859698999e-06
5.596783243232664517e-06
5.757041274617894980e-06
5.828386714645964106e-06
5.883751398745227617e-06
5.925982413757159510e-06
6.177233786572547972e-06
5.922186601924112752e-06
5.877481655928287230e-06
5.447524873800976226e-06
5.338597687186723954e-06
5.366547607775945492e-06
5.348066945930353395e-06
5.520892974660322403e-06
5.594982458088881185e-06
5.700771134962327066e-06
5.726326368499101100e-06
5.674710884238409441e-06
5.828840725398818922e-06
5.920234767697429242e-06
6.028231724868535337e-06
6.021609855844906831e-06
6.186580220223509989e-06
6.009816487302109361e-06
6.086148098356230548e-06
6.087400476855514263e-06
6.253894210614582037e-06
6.256013333133671845e-06
6.429293588977372299e-06
6.578919102298448528e-06
6.700678107170442888e-06
6.818627846025580217e-06
6.620099593585064344e-06
5.248096329220410163e-06
5.405982438834321975e-06
5.358025280664230955e-06
6.621438094625927860e-06
7.000807824822955573e-06
