1.404757664715627040e-02
8.509217784453848576e-03
7.068826267597166056e-03
2.331503847013752500e-03
1.353888967536140539e-03
3.086136814110709142e-03
2.532275506116810418e-03
2.104624406920266397e-03
4.623597085890067209e-04
2.721636239851041089e-04
4.805388332964468452e-04
1.714510286387160279e-04
1.860027324223131190e-04
3.927357627212480439e-04
2.899555678176343266e-04
4.734092309156162794e-05
1.575674067600316944e-04
1.182113043422715690e-04
1.751356133944074339e-04
3.058871925317959063e-05
5.291613117945073112e-05
8.232976580643540008e-05
3.327811568638041972e-05
4.172676661587355158e-05
2.662181270414116496e-05
2.245355401928021355e-05
2.918308134576074288e-05
2.590168558450390321e-05
3.068151068143676086e-05
2.332558780489610764e-05
2.488121571571476562e-05
2.280921712151075392e-05
1.503084318536165554e-05
1.726998232888628793e-05
1.829152238089485261e-05
1.770441026019051021e-05
1.565873929465824891e-05
1.388120361359710449e-05
1.676820443688000140e-05
1.470565646200575592e-05
1.245177412198441701e-05
1.336961157150650751e-05
1.737063350383356709e-05
1.224072820302391205e-05
1.113853197756167307e-05
1.190498931349403962e-05
1.107188135892711754e-05
1.019146000645857658e-05
1.000607170113921617e-05
8.849770050358625223e-06
9.902213097751370109e-06
1.227319645873457761e-05
1.067389189716244920e-05
1.123432107343504190e-05
1.620060681238553053e-05
1.260298446815093477e-05
1.145567234959617210e-05
8.545351897963922492e-06
8.280791042855942773e-06
9.222568232985347891e-06
9.790949636298016464e-06
7.422397834676627550e-06
6.781548479551383285e-06
8.804583458483840759e-06
7.895601134857737258e-06
7.714094625532894533e-06
8.416209457664353236e-06
7.404863399206335462e-06
6.863831388819329225e-06
6.747108056378099156e-06
6.400587386178324949e-06
6.660761823825801998e-06
6.758039734297100894e-06
7.423364456667372778e-06
6.838896784273175803e-06
5.847033032197508238e-06
5.773829584835688900e-06
5.958530314890153125e-06
6.039445851042700337e-06
5.809611681472105410e-06
5.592892299976057636e-06
5.824634483939395896e-06
6.006268671369096253e-06
5.784536269292828197e-06
5.451513998285049861e-06
5.317098611630275128e-06
5.453847043252013329e-06
5.459420950126077212e-06
5.384004414386461913e-06
5.400079911866152863e-06
5.544298085829790054e-06
5.623101737222937643e-06
5.661050678031783975e-06
5.692210714974516498e-06
5.885033283543807978e-06
5.115066107823961817e-06
5.312533105241007640e-06
5.775265641784531850e-06
6.659532866835906260e-06
6.752798010309640668e-06
