5.283565231510922109e-05
6.470643595037289071e-04
2.985394018697571533e-04
3.123103359319611728e-04
1.960758718132378487e-04
1.622759966892925953e-04
2.307129730041232321e-04
1.170454141909138139e-04
1.161867275555738134e-04
1.474534352978356451e-04
5.580334982995274019e-05
2.929315282502924513e-05
5.430073684794333675e-05
1.496496688521194857e-04
3.203638462114687850e-05
2.000363911714090533e-05
6.241472755894649578e-05
2.162702991724490157e-05
1.080318283967456462e-05
2.968662862463038071e-05
9.055866698728954952e-06
7.658908380845551450e-06
7.545084515641943218e-06
1.061225093027416816e-05
7.744060552743555324e-06
4.824495444021535097e-06
5.073966669374663153e-06
3.251618825363155975e-06
2.437756962798017404e-06
3.378977639699404056e-06
4.003994038455991597e-06
4.212861180171506528e-06
2.636547675230345863e-06
1.821305908267225846e-06
2.243389498557217453e-06
2.685849618921582405e-06
1.846681964086879793e-06
2.468312952956728498e-06
1.734515738792525313e-06
1.935958749183819643e-06
1.693126880383536974e-06
1.375262230354505083e-06
1.393883143387644474e-06
2.117043205041115127e-06
1.974063397992460852e-06
1.857178467039407264e-06
1.655211307779642463e-06
1.466160101201573132e-06
1.690641281484459956e-06
1.700992608811172085e-06
1.337787952509891228e-06
1.764909389501925360e-06
1.789058030511825119e-06
1.558103172706623288e-06
1.996343470446524624e-06
2.038343597709603650e-06
1.717356483897821540e-06
1.549993635475623693e-06
1.619442965390950608e-06
1.473576873817282639e-06
1.568008847212739388e-06
1.716654767531609885e-06
1.744805981100089222e-06
1.713747865290711965e-06
1.781050261475334426e-06
1.970071028782662184e-06
1.912476441701026798e-06
1.944348938634197313e-06
2.034008750416634442e-06
1.958365739749039792e-06
1.883846130558044908e-06
1.909881033028781586e-06
1.890552657368273251e-06
2.027855389614136107e-06
2.079999763489919282e-06
2.115095307094602466e-06
2.358085889466416870e-06
2.500136976021318848e-06
2.351982981622354581e-06
2.269089931627028010e-06
2.372457900502687276e-06
2.377818804478604898e-06
2.377872857390385876e-06
2.399554555687317125e-06
2.538204146939760723e-06
2.729820506942802467e-06
2.863619850921327267e-06
2.991154341537517067e-06
3.040864430094842182e-06
3.090918672225393660e-06
3.083401658892617158e-06
3.074001005919892885e-06
3.130836721257017178e-06
3.147115883935339548e-06
3.107135698223032219e-06
3.033848431602574684e-06
3.010698020154044638e-06
2.963922588591062448e-06
3.036344238614660692e-06
3.035139599288229357e-06
