1.517702479631033029e-04
1.779210766215247753e-03
7.455515516196217296e-04
9.476853929694603346e-04
3.336606825001539405e-04
6.180948064961046219e-04
1.366340381481443182e-03
5.742153755673372025e-04
3.768114612505961566e-04
5.724934306727497233e-04
5.332253327829679758e-04
4.083044446089482494e-04
5.435306499393219477e-04
8.143312753675418722e-04
1.851068433082380055e-04
1.804305567455310034e-04
5.090043560615503280e-04
1.141055404677592439e-04
6.456690997556188054e-05
6.767980505211089915e-05
5.452991718075015054e-05
7.199711654118907500e-05
7.460381608864440615e-05
1.353792498889453170e-04
9.393972078366055018e-05
3.041972095116007375e-05
5.934745006752490120e-05
2.271441806100387171e-05
3.559959018874440224e-05
3.290109193562815968e-05
3.115840717621103773e-05
4.914985426342298024e-05
2.905954046551078958e-05
8.499568922249881107e-06
1.490164741314672359e-05
2.154456051258986301e-05
1.338839269711954397e-05
1.500876717254596537e-05
1.507881748009094110e-05
1.583630256924677268e-05
1.061936630801850904e-05
6.237753005536333119e-06
9.391602382132739765e-06
1.416749279212568570e-05
1.058828774821283983e-05
1.122678956785234022e-05
9.956243984537528757e-06
1.089922635312784434e-05
1.055989327679958562e-05
7.509154710624252552e-06
5.984823675196735554e-06
7.427181541505061682e-06
7.149194970550033819e-06
9.665695376731748173e-06
1.324597148327192627e-05
1.187502904270090782e-05
9.015782013373564412e-06
8.597246756507898979e-06
4.334429361427213402e-06
5.470169485394326769e-06
7.973671566221316977e-06
6.268764837487266128e-06
6.044187091774752611e-06
5.609404493259510694e-06
7.507365807946119345e-06
7.324957952527670294e-06
6.476006310151050261e-06
5.245018078010988037e-06
5.133253483766393266e-06
5.928772140136165672e-06
6.263097766619915418e-06
6.369788140232017730e-06
5.954770561340767682e-06
5.214820537617851125e-06
4.430533038794113682e-06
3.058458221384315773e-06
2.887093957603220291e-06
2.827409187820991131e-06
4.425295953957245319e-06
4.955645418934487237e-06
5.173653102826396298e-06
4.438077835501233522e-06
6.790377946360263938e-06
5.115638272366587084e-06
4.416530395497984453e-06
3.208437886411109621e-06
2.673837711756570915e-06
2.523786429779853162e-06
2.541749445273218793e-06
2.581899566991408144e-06
3.159726747657433241e-06
3.691013746619367430e-06
3.342671641207023883e-06
2.653642329477061253e-06
2.371145927499102196e-06
2.120251556343323500e-06
2.036492242112814121e-06
2.141538578185730318e-06
2.396689307145532255e-06
2.732113627787776269e-06
