3.283251015393021111e-04
3.591086799919597419e-03
2.170689612512284768e-03
1.701323027617365020e-03
1.129155356215773417e-03
1.702905585483788838e-03
2.389015607512392364e-03
6.576622273636999628e-04
6.880588777238325982e-04
1.707667762893668329e-03
1.514565262003162056e-03
7.541109664795052608e-04
6.200118570370690904e-04
2.202302884246984827e-03
1.056521977972011686e-03
4.466450941751582489e-04
7.011866365777339035e-04
1.747455964042955463e-04
1.006841164799906108e-04
5.991527741786696701e-04
1.093527985724541415e-04
2.011116431889910466e-04
2.063160577494562397e-04
1.726643802988096950e-04
1.453319611338599001e-04
8.482318571638145269e-05
2.154546067889873161e-04
8.262368873001579308e-05
9.717425785351982849e-05
6.197931264800540980e-05
9.491389342814234443e-05
1.066348566027902557e-04
6.383645437884963986e-05
7.097170177789308967e-05
6.678159335193305376e-05
6.230745153640268087e-05
4.247306388336514864e-05
4.623185337474393543e-05
2.697280454360678347e-05
2.312046676812039018e-05
2.932359576650364242e-05
2.183869248064338045e-05
2.945940841918016952e-05
6.164963972358697549e-05
4.434415613644833524e-05
3.418601924005163054e-05
2.958251554603507432e-05
3.484327076667463700e-05
3.143104101888940724e-05
2.034684478778008229e-05
1.702891528456004769e-05
2.153897152581267887e-05
3.184777320675857035e-05
3.315866464546951060e-05
2.685124630306524824e-05
2.908082665805178445e-05
2.616058239257573460e-05
2.535716917204419612e-05
1.390404158011340400e-05
1.166258025523036755e-05
1.217433407032915677e-05
1.003325750528326946e-05
1.164398647709159962e-05
1.287292108544148306e-05
1.561632579610678192e-05
1.807437819659027631e-05
1.981045955736579630e-05
1.653775122718156371e-05
1.241643063800683619e-05
1.140584213827093566e-05
1.142216023745986536e-05
1.436048958484474627e-05
1.314001831665777226e-05
1.354616875439884066e-05
1.276068679977286731e-05
8.748949742226512299e-06
8.640736479777872707e-06
8.945393611838199825e-06
1.338213233917264718e-05
1.334186422377332629e-05
1.884787595587075296e-05
1.228624139562544205e-05
1.315884923602267719e-05
1.120864771327435090e-05
1.176723100363588170e-05
1.110636335645701380e-05
8.440624864204650474e-06
8.869172967177458926e-06
7.231917110974357856e-06
7.360215015763392893e-06
7.746786009622472292e-06
7.680330839013241380e-06
7.157076955184021290e-06
6.228947812477100617e-06
7.173574881437936426e-06
7.624833533786616439e-06
7.231206945305566712e-06
5.889946977051282527e-06
5.528183316179224448e-06
5.357440951755334587e-06
