6.082582391810084166e-04
5.692967536739941721e-03
7.299072705596027985e-03
3.322734040157739478e-03
2.074793841010161809e-03
5.205657201883377022e-03
3.413151507746005949e-03
1.794901997555661344e-03
8.674842266419840065e-04
3.812757494584768925e-03
3.543054108900075064e-03
7.848020287271878634e-04
2.493988906010312281e-03
3.886842937166631352e-03
2.183232516255815669e-03
1.170136778287191211e-03
1.142671049675672915e-03
4.096449032782736540e-04
6.773691131489931443e-04
1.250410256237083828e-03
6.319808413763540900e-04
4.481330802976819967e-04
3.730942816270945588e-04
3.390809355457854394e-04
2.669634542448427478e-04
2.234680833636172744e-04
5.712506528536669950e-04
6.192526403013265401e-04
6.760847004854221359e-04
4.131449005490064061e-04
3.433213878094330601e-04
2.057695725888294199e-04
3.900169907820455191e-04
1.731818743022888049e-04
9.199023940017086217e-05
1.621013335301796289e-04
1.136854321214499303e-04
1.504156715599412988e-04
7.903867986557709571e-05
1.045485955408426631e-04
8.506278794175349003e-05
1.125081445798112588e-04
1.041430187566495086e-04
1.164737656482946101e-04
1.165898814865938055e-04
1.134928575553398940e-04
1.179819328287197124e-04
1.139074025139098361e-04
8.554546595124324173e-05
8.721043924219495740e-05
4.204471279016980977e-05
3.899724816100747638e-05
5.734718617373090995e-05
7.443321151911608919e-05
8.568165464249497931e-05
9.048970812612449049e-05
8.100812989889056128e-05
9.637745638169624429e-05
4.767026459890521444e-05
3.311667187157086315e-05
3.062698463212238541e-05
3.324235680187400066e-05
3.885299959606535147e-05
4.271453390121116272e-05
3.644392027114000323e-05
4.982074819262945480e-05
4.129283702159187270e-05
3.396263023352616477e-05
2.228389647426303838e-05
2.523711580517061425e-05
3.296575105554706001e-05
4.054244739714169237e-05
4.525267591052688210e-05
5.401860808914388191e-05
5.085424398886486975e-05
4.151048676380374408e-05
2.699848670148416983e-05
2.721548795482489475e-05
3.272617862905331272e-05
2.027996190744973956e-05
1.886632983644281815e-05
3.185499400427822385e-05
3.354985495399665028e-05
3.950924508942215682e-05
3.280464893258472396e-05
2.392078462195601450e-05
2.495712035504612489e-05
2.467011578922175991e-05
2.358162353479295467e-05
2.642281858863334239e-05
2.912867035411887019e-05
3.071327903767612585e-05
2.821086592289224779e-05
2.631827770776263352e-05
2.010356646136568222e-05
1.776954582665360861e-05
1.741261780436079257e-05
1.896000065688027602e-05
1.556204594689542886e-05
1.846507848346296070e-05
