1.016708277038445309e-04
1.209952612121221582e-03
5.184875209865939111e-04
6.593607675581766338e-04
1.608717475815239599e-04
2.020564201997279772e-04
2.207064528390868775e-04
2.101294710832374215e-04
1.656252651805394203e-04
3.404404416223155802e-05
8.304554835711987259e-05
6.657107236450152696e-05
2.931404125620187839e-04
8.402770561923686887e-05
4.249609735382570597e-05
1.274300101815837845e-04
2.674310382393603897e-05
2.452683012099880468e-05
4.939727041580107425e-05
2.484987546784995344e-05
1.421269851969512153e-05
1.730585881892206661e-05
1.114102245980278816e-05
6.297385180032681995e-06
1.507605378903592641e-05
1.015589897389475395e-05
1.275836940473851710e-05
1.033055725696527598e-05
1.140717145856708034e-05
1.198512322557361294e-05
5.343870307593691066e-06
7.739771827215390708e-06
5.566112253496304805e-06
1.263224635874067586e-05
8.722266388911245619e-06
6.768664483997505920e-06
4.935775824676720670e-06
8.056891271139489480e-06
3.454190037357534795e-06
2.274544664081762200e-06
3.048337727320858891e-06
3.757564673086157964e-06
2.796161977038404517e-06
3.267544782730077686e-06
3.087929845423863609e-06
3.114125025429059887e-06
3.150191054098468300e-06
1.998931367961443807e-06
2.626788845946741508e-06
3.358223413157525685e-06
4.259351208737285716e-06
3.741329370551547299e-06
3.094191000826423282e-06
2.683598006335859352e-06
2.777936226441605312e-06
1.760488609488367004e-06
2.186335032874053887e-06
2.523541800680828217e-06
2.267961760005812253e-06
1.683439642423042628e-06
2.172542571927873672e-06
2.584677774820808442e-06
2.570062150406566805e-06
2.314038493833838688e-06
1.862205811098034689e-06
1.955977404111549768e-06
2.081495599037878169e-06
1.928830263067551561e-06
1.760543525515886624e-06
2.072142958844242617e-06
2.066444611529409109e-06
1.763418857655842186e-06
1.717021132719201311e-06
1.967931325644262427e-06
2.218548030130027999e-06
1.974670456437465729e-06
1.787686631510404422e-06
1.846230399123455317e-06
1.900485255858112601e-06
1.718879005348718528e-06
1.600730531218086931e-06
1.633785664344197358e-06
1.753568182840365125e-06
1.895671875507023393e-06
1.809896993535060573e-06
1.871144252687783107e-06
1.999910863361582510e-06
2.088526654782825216e-06
1.970668294138785934e-06
2.193810992064636370e-06
2.407356656151459997e-06
2.578904986636365344e-06
2.650939751870855527e-06
2.654651685707503475e-06
2.775505439184007189e-06
2.895671397198484781e-06
3.045181678852910410e-06
3.112597963955850405e-06
2.878934272899750898e-06
2.367327961667084899e-06
