1.932218371018989327e-04
2.226848751297466969e-03
6.793759127915810015e-04
1.242875036272530608e-03
9.757672962301040830e-05
7.206945698528548130e-04
7.089554373882471939e-04
2.617543320684380154e-04
2.217314825300498746e-04
9.205268038509183267e-05
3.212122921486250350e-04
1.326380859159248190e-04
1.352365956218243162e-03
4.323919703916006391e-04
1.315831824402696282e-04
2.421008182981177728e-04
5.272032934198527329e-05
7.088853506297237961e-05
1.455575328459032401e-04
9.298102547801738362e-05
4.472031159893088091e-05
1.299757483141453511e-04
4.957872938122695732e-05
1.828491939679801568e-05
4.995580373641762232e-05
2.114477112145482634e-05
1.916766686217421663e-05
3.960547023667973857e-05
5.521046749095734438e-05
3.921521307092368729e-05
1.779568020789370830e-05
1.598124806279861278e-05
1.657473305967391091e-05
2.737644626234878069e-05
2.186577699261216883e-05
1.604192782157941088e-05
9.907737918281412862e-06
1.784100846935376592e-05
6.124651988398356947e-06
9.599870817319259105e-06
1.421213242412509717e-05
1.611583674575938169e-05
1.252315460497161189e-05
9.326812453122600787e-06
8.219493878333558037e-06
1.266709664190303476e-05
7.967342094986705668e-06
5.144490676061059318e-06
7.522326449871200150e-06
7.396190325771615640e-06
6.996029482826253984e-06
7.915442196988715112e-06
7.737999939964289580e-06
7.680400133294786668e-06
6.138883817321606399e-06
4.952769103858972387e-06
5.839726708436447355e-06
5.553250550862125621e-06
5.736586765229210090e-06
6.656811213687027010e-06
7.202902484254515834e-06
5.917577451470257808e-06
5.638910028661045558e-06
4.899785304004857021e-06
4.192543269038303074e-06
4.588352307173224041e-06
5.141551035823060619e-06
5.534833446295584347e-06
6.084397222479547719e-06
6.747926269673670409e-06
5.102153806093981243e-06
3.491718979928514007e-06
2.921252989431191783e-06
4.108278714543787303e-06
3.942311208157368064e-06
3.895300879509448084e-06
4.295290661338014519e-06
6.383037612089169892e-06
5.657622454054152698e-06
3.665612926708112541e-06
2.994902024795205166e-06
3.550491899525925382e-06
3.083864941042971687e-06
3.087387359669306657e-06
3.014114115019140966e-06
2.782504320768124246e-06
4.217431775856724083e-06
3.798224285017346189e-06
3.042526712996353002e-06
2.168317018969969363e-06
2.192998314376362184e-06
1.904585264051856690e-06
1.846791707630085079e-06
2.165103032883185391e-06
2.274076612679775106e-06
2.242386465186391975e-06
2.204670534434361340e-06
2.491165679628361315e-06
2.864409552838242837e-06
3.099749774458476144e-06
