6.513475845504148373e-04
7.611656158180165645e-03
1.958189574488651465e-03
3.604405009444713003e-03
1.274478214453390705e-03
1.558055075622654653e-03
1.412744568589429511e-03
6.174611749628501189e-04
4.578472154922477396e-04
1.286714483447480616e-03
1.103747859992921685e-03
9.453268257198224004e-04
2.743802261274400599e-03
1.506269100275692014e-03
1.551501717957623797e-04
8.704324900297621872e-04
6.426828580590667221e-04
3.857557383677659045e-04
4.727499754318449524e-04
6.630236376770766134e-04
1.430370387005961872e-04
2.779333989255183888e-04
2.476460783852778898e-04
7.097774678078447666e-05
7.018415256388993819e-05
1.389661209676474360e-04
1.454781910471640561e-04
8.772547628156294021e-05
1.275575424077476081e-04
9.036020053376446189e-05
1.274104308067063908e-04
8.153115348041089171e-05
8.965563961222902016e-05
6.564904782696083768e-05
6.416431859619127617e-05
4.887142749824980589e-05
4.683607528937863728e-05
3.301931588588624537e-05
3.905681859697977262e-05
4.681964401298602658e-05
6.869711912981770125e-05
4.880627233508255848e-05
4.747826102565324907e-05
4.350835622888599993e-05
3.876669536784341951e-05
3.813441315716812301e-05
3.079242347318121684e-05
3.356621053203825820e-05
3.250653252718349985e-05
3.583320433084643289e-05
3.971717268995766324e-05
3.454388255293331338e-05
3.317947624388003423e-05
2.944634546762972527e-05
2.239297579453604969e-05
2.144143606472901731e-05
2.460122152113491167e-05
2.732983559528529859e-05
3.106796095794053971e-05
3.286734043829983348e-05
3.349419070694786821e-05
2.907662100598432456e-05
2.310080784130738056e-05
1.907329196859747721e-05
2.206187558277659559e-05
2.763173877127242549e-05
3.352722570183351065e-05
3.379655794514992010e-05
2.909344029395855366e-05
2.206137134693495015e-05
1.739527068064461121e-05
1.756547273384763421e-05
1.814594764062272782e-05
1.720375397315312846e-05
1.835306042481262657e-05
2.301618513428158386e-05
2.589388957527075360e-05
2.613825908090362481e-05
2.288611100262166970e-05
1.845808689535610614e-05
1.754027364227286437e-05
1.972813370193658827e-05
2.122135683408033570e-05
2.165294161346767728e-05
2.067250646091667345e-05
1.943733489397977959e-05
1.746066312914252848e-05
1.462020650807418283e-05
1.321723507668180988e-05
1.432876703731832567e-05
1.482201410465299385e-05
1.401383687755760203e-05
1.179722130571199047e-05
1.051909524046920490e-05
9.257304787083680051e-06
8.308229088009969562e-06
8.705734422624854580e-06
9.273605745282994991e-06
8.708303856939881023e-06
7.463701800238488024e-06
