4.501050710409740079e-04
6.025597083349043537e-03
1.381749660093077679e-03
4.184386638876192409e-03
8.286359773130798400e-04
3.138310771343774935e-03
1.954537667094565900e-03
1.074572075618311076e-03
2.029898259919432797e-03
1.405410753006215274e-03
2.909310684798990972e-03
1.891556426235518635e-03
5.552001114886617565e-03
2.273184900033736484e-03
1.033255588759006026e-03
1.172517839941210425e-03
8.637372657726706364e-04
5.752773300550467848e-04
4.133384913633979057e-04
5.819056436437842865e-04
3.647303939012919139e-04
4.699298498841720509e-04
3.745696741617475837e-04
1.891557461524725320e-04
2.875957614809910288e-04
3.423330466620981799e-04
4.820566919921347843e-04
4.790659422640605410e-04
2.534793134398339058e-04
1.732577043639134254e-04
2.563184222152228614e-04
1.622849166301257317e-04
1.797244225026193459e-04
2.035725924793209299e-04
1.511029936379496615e-04
9.432040382193099097e-05
8.039030486461188891e-05
4.796576039529987966e-05
3.893370450868085977e-05
6.375796113359630149e-05
9.159349807641151066e-05
7.293913443271922978e-05
9.261543780519211719e-05
8.666220266495951261e-05
9.125371285897069379e-05
1.035999450371725088e-04
5.499719273819494693e-05
4.408235129794665398e-05
4.905013775354989284e-05
4.952995847012154121e-05
4.856775822286380558e-05
5.981089247208511075e-05
4.696200370627168750e-05
6.015769293457880304e-05
3.726864593394808286e-05
3.046187132126274214e-05
2.390631642400971673e-05
2.892166401377849126e-05
3.320083526684163445e-05
4.070523835494892120e-05
5.766637871939406116e-05
5.548925523883605838e-05
5.507810234567130233e-05
3.926486722687534274e-05
3.489006183220424626e-05
4.099128439283086664e-05
3.966208042096285182e-05
3.531517046859028995e-05
2.940454134043789475e-05
1.902575979479533564e-05
1.553139475384478999e-05
1.517034720076131274e-05
1.891269261677209647e-05
1.984660733980487813e-05
2.047139366937332554e-05
2.504959641565126507e-05
2.150965519743620256e-05
2.336656458302024746e-05
2.330721404391792413e-05
2.258343558503951776e-05
2.452730713034875228e-05
1.989442214183028394e-05
2.175323840096969762e-05
2.546563552983229647e-05
3.075161210415825743e-05
2.962718748636502164e-05
1.766165718388838936e-05
1.476786319727607419e-05
1.395745391295960139e-05
1.313174764952726990e-05
1.260633267777396763e-05
1.357432438881714597e-05
1.654998606285381640e-05
1.607118666524515651e-05
1.310282029183682891e-05
1.203592573753390087e-05
7.442397963727969352e-06
5.134072772341109079e-06
3.193253710569761789e-06
1.808398637670995942e-06
