2.704884773799892607e-04
7.439380670302079678e-04
3.850746708435473856e-04
7.472539237142745809e-04
6.383519485594594959e-04
1.673259364768382566e-04
2.918140310328588404e-04
1.688542639190492055e-04
3.885362427836094412e-04
1.370565228846907699e-04
6.249404310011226666e-05
9.682108125540480280e-05
2.828151248603986132e-04
1.886939754553687185e-04
6.496228613338115481e-05
4.823339313156439529e-05
2.928695175408751569e-05
5.371271270575519481e-05
4.558244478629020158e-05
3.462162429215619148e-05
4.144491264017321011e-05
1.416670376034194160e-05
9.605401969967494817e-06
1.959926266263970214e-05
1.811947896398224560e-05
1.119643237800404415e-05
1.210933685033453724e-05
1.510271650593192968e-05
8.397465119004337506e-06
1.037083349510173622e-05
8.156661529077379713e-06
1.569065344716470871e-05
8.346559232114519043e-06
9.859697545792564183e-06
4.344233124767796549e-06
5.847193700718895621e-06
4.728750856794111146e-06
3.657785103952609049e-06
5.699752800100056542e-06
6.616370835005078873e-06
5.616718241740355437e-06
3.248551331906084133e-06
3.371059268490342136e-06
5.263044112345301641e-06
2.619518209169381134e-06
2.898675037347838165e-06
3.112171543602473611e-06
4.118455412953245877e-06
5.855116919185092928e-06
5.200365162750395645e-06
4.247468731031601699e-06
3.273486448320140812e-06
2.227208553127923192e-06
2.912740972784599049e-06
2.886628191778494334e-06
2.610910826280528368e-06
2.822398061076506903e-06
3.504262504951823196e-06
3.415958151398831723e-06
3.222650188185626650e-06
2.532803952652358158e-06
2.256861910852179143e-06
2.725218975585646714e-06
3.157299676601957859e-06
3.351868291956286967e-06
3.052615505695101098e-06
2.408809499166618545e-06
1.939623976976632135e-06
1.793104833048245823e-06
1.933919184536129451e-06
2.184484777372474852e-06
2.251781247346201458e-06
2.417433055936512323e-06
3.174468604057314367e-06
2.985296505639920215e-06
2.210745107556587578e-06
2.198289468824141990e-06
2.148049267447787471e-06
2.095094988865291262e-06
2.268618427647494226e-06
2.414130845074465922e-06
2.435562922557950758e-06
2.445641051094546534e-06
2.264034348631336776e-06
2.396439611831094172e-06
2.513577863518820614e-06
2.527542344850397169e-06
2.516411503413016301e-06
2.552582801127878788e-06
2.574565740400092740e-06
2.599592766336213504e-06
2.800164558088894697e-06
3.024530898299976368e-06
2.909702138718558155e-06
2.211148867862095539e-06
3.053797381170902891e-07
3.689874801681951087e-07
3.147765910098087860e-07
2.942530917593464228e-07
3.016233607917511130e-07
