4.262348628945803863e-04
1.487292486189126369e-03
5.971672662264857455e-04
1.567523227274411016e-03
1.000528686741701360e-03
7.289362768367160014e-04
9.688748103649710841e-04
1.871667251314953530e-04
3.540950907881441640e-04
1.317859607642978849e-04
2.511972026972754011e-04
2.075559037112386014e-04
7.852994822198695489e-04
4.467917714013066406e-04
1.142189499879653916e-04
1.073910720973619777e-04
2.319115817906407110e-04
3.383666385616920682e-04
2.940111320643809165e-04
1.224512078952479566e-04
7.802218902541750354e-05
4.104056645419823811e-05
3.937779200340625060e-05
5.636253244734245541e-05
5.795753066316845819e-05
4.453612965904807386e-05
5.781887828443298892e-05
3.585520090689457679e-05
1.820640209475058390e-05
3.597856608628356180e-05
2.194273892080473608e-05
2.753227390040964673e-05
2.689362353364635816e-05
2.680657062698653005e-05
1.680475686725038881e-05
2.252174594582852018e-05
1.595503036474991146e-05
9.419144761792856940e-06
1.549080637308929603e-05
1.206446162515152603e-05
8.501073000299336479e-06
9.896956271729543279e-06
8.845705924640637872e-06
1.286067278628053787e-05
6.952539235147045822e-06
8.101467420600860862e-06
9.681709962007080684e-06
1.042032599146132542e-05
1.167658731571277820e-05
1.098443647045852410e-05
9.562289078648176182e-06
7.743540569592345969e-06
6.156588201486671601e-06
7.401619909061118199e-06
8.028037446965970495e-06
7.396801678029819377e-06
7.216058003475719591e-06
8.977982881133026846e-06
9.837684620870795147e-06
1.050449645997063362e-05
6.894719060210208516e-06
5.230454669493947194e-06
5.790847946937754163e-06
6.826066293479328511e-06
8.122758618413555360e-06
9.324648726675550690e-06
6.793767777010135142e-06
5.314349973430413015e-06
5.261226859330476512e-06
5.415937667705966013e-06
5.333682012143841268e-06
3.733053283313768463e-06
5.641887224586899348e-06
6.572918924307501579e-06
6.066717288127775668e-06
4.942739031578362507e-06
4.590804338760884204e-06
4.022778556147833061e-06
4.169960968462017261e-06
4.137002696803134604e-06
4.377791743110517521e-06
4.407980971629509471e-06
4.238420703013805128e-06
3.864160054624529605e-06
2.894934508236784080e-06
2.819654765865545699e-06
3.076611196543887760e-06
3.330202402530780418e-06
4.031414122487157701e-06
3.982652338106227787e-06
3.265504525878115365e-06
2.456551373988771220e-06
2.127679162387380336e-06
2.392262645234603001e-06
2.895654480745068091e-06
2.872715289027788102e-06
1.625297276065349645e-06
1.845594083315019639e-07
1.848397226013720614e-07
1.125374741683032324e-07
