4.848467636555772904e-03
3.128934918863198519e-03
2.455906750233679756e-03
7.430106899156582430e-04
6.726509620982487310e-04
1.436090874717248830e-03
1.619543936826291003e-03
1.080606967131373048e-03
1.253250769141684177e-03
4.379487055774839875e-04
3.853304888348317971e-04
3.014933283954136269e-04
1.525436731274499040e-04
1.388308661495760502e-04
2.524367716162799653e-04
7.609350325738291506e-05
1.770199716339489106e-04
1.293804847993282705e-04
9.821796197241926881e-05
1.099569568003060197e-04
7.352076652614420815e-05
6.397425827863862356e-05
6.561908383838502897e-05
3.592497267149655910e-05
3.982031505131265617e-05
3.108115159821996239e-05
2.705677914236600867e-05
3.957261018924463156e-05
2.729876533189380862e-05
2.531928815132940592e-05
4.775690680668515607e-05
3.650754464545830574e-05
2.370258248534462019e-05
2.493386982260102435e-05
1.367807758255027978e-05
3.135322805040308163e-05
2.142702682004337856e-05
1.809671244144271830e-05
2.215816880035676625e-05
1.565994642837290461e-05
1.595145448748893732e-05
1.845364002734156122e-05
3.079964450995171632e-05
1.705802267640631713e-05
1.197371483009842102e-05
1.512335416903045168e-05
1.157679894354310729e-05
1.019140434828807384e-05
9.569730927344118250e-06
9.255825416104695224e-06
1.280262891532324048e-05
1.271867463275597963e-05
1.890773535552399816e-05
9.447554784215896271e-06
2.030225121339181748e-05
1.857865078056661619e-05
1.973146702938823039e-05
1.196940202170581195e-05
6.509431014226950562e-06
1.153327000534292606e-05
8.929074849942210138e-06
8.084450766760124587e-06
6.759533436666250694e-06
1.084170312682685112e-05
1.161472595576777371e-05
9.816288858168396465e-06
1.035914666300328058e-05
7.539395684741243814e-06
7.175608204677580690e-06
6.097937966546917702e-06
5.452391774475502808e-06
5.561137732618950769e-06
5.522326488607062581e-06
5.641920826404674316e-06
5.891825090538928340e-06
4.711652933201770421e-06
4.991524026726905144e-06
4.951057394770001384e-06
6.022681399395712539e-06
6.138349053716778038e-06
6.186083477528402064e-06
5.206165921558136014e-06
5.143774490192677328e-06
4.755637526328867118e-06
4.073649177233223995e-06
3.519579729929911936e-06
3.967295425559564295e-06
4.188694354840399700e-06
4.087588247307868395e-06
3.368283241216812575e-06
2.551635277223267102e-06
1.921329664616342424e-06
1.746051710876146373e-06
1.719071121651398556e-06
1.738393732397033859e-06
1.635737190837749975e-06
1.566933467365118362e-06
1.742895539539247313e-06
2.042206963792575573e-06
2.348486327875530204e-06
