2.053243203402685922e-03
1.391790585008444202e-03
1.018240202896973428e-03
1.399503741464530637e-04
3.411482552612781459e-04
2.809192663021315762e-04
2.017222925421872969e-04
5.116331650635189365e-05
7.978917087770681866e-05
5.140750983560408413e-05
4.161672991126643399e-05
1.693650682735755024e-05
1.864244338077897283e-05
2.935045038060419837e-05
1.143840009475339024e-05
1.327887837835742605e-05
9.655835597262069672e-06
1.082983483665892197e-05
6.078705025736551734e-06
5.318700599761890628e-06
4.400025510067952171e-06
4.676433400803797691e-06
4.098613011973542296e-06
3.515009358993361357e-06
4.514275735014365561e-06
3.513049247566428822e-06
3.015685248347714272e-06
3.361728788678926730e-06
3.817969888284239427e-06
3.175679173161220952e-06
2.686198512429601037e-06
2.710099795977115502e-06
2.621816394701467374e-06
2.653579705644761755e-06
2.570870229567615547e-06
2.537477194694499168e-06
2.503345416508577032e-06
2.404139644476061963e-06
2.467386117262268310e-06
2.349594686786560211e-06
2.364546347632454161e-06
2.373807550483918928e-06
2.338441204824914264e-06
2.429428376606910120e-06
2.274988439511112724e-06
2.362816104679655882e-06
2.472228896725679829e-06
2.364380331614549174e-06
2.327511011243327131e-06
2.473259150180945236e-06
2.459128247355210855e-06
2.271142581996722660e-06
2.479341384327555167e-06
2.411228374380743537e-06
2.517791887044877246e-06
2.855366844985473088e-06
2.884687329190117581e-06
2.870294975606628853e-06
2.772207809848596742e-06
2.860178626860989004e-06
2.802484695942942405e-06
2.795425752411091117e-06
2.807279035788361167e-06
2.923945945823832061e-06
2.928790220373953942e-06
2.881398020828290303e-06
2.827228015893520542e-06
2.783127710647169613e-06
2.663654667293990731e-06
2.863645174136594823e-06
3.044245537535659741e-06
2.971400927866040068e-06
2.972571794531805498e-06
2.990925999154934609e-06
2.999579694057147909e-06
2.983515332696988292e-06
3.020923114339868524e-06
3.096155288766070691e-06
3.122723025576606841e-06
3.167544266934240511e-06
3.091709148457962890e-06
3.110239120876758636e-06
3.093359959845449436e-06
3.142900658923700087e-06
3.201653054263593629e-06
3.206146364384016937e-06
3.187331231106351193e-06
3.191320963632573275e-06
3.169685140456811011e-06
2.728495604637767471e-06
2.316312124864183348e-06
2.326623081706936309e-06
3.171929522337606383e-06
3.212037992293977267e-06
3.223240416488613896e-06
3.229360687317124223e-06
3.213697432048733445e-06
3.159737541706442124e-06
3.145842055588403084e-06
3.144339545723363061e-06
