2.823977777790752895e-03
2.851546098692454324e-03
1.416327750983515819e-03
4.558335160718980498e-04
4.706848453658586087e-04
3.068628182341947858e-04
1.364639983972965563e-04
1.012099506565921156e-04
3.647888317460224838e-04
9.482266316839024626e-05
9.170289162064860751e-05
4.229720714447429458e-05
3.400325213439780520e-05
5.631976048968058169e-05
2.020267604785190991e-05
1.693647570548816608e-05
1.118570250944600690e-05
1.018011003639673809e-05
6.448265517884974848e-06
9.255134025170122956e-06
4.887896155684461023e-06
5.548363487485126583e-06
5.277904318154230829e-06
4.812714929842792641e-06
5.034936668281719230e-06
5.034636889841526731e-06
3.821730783716732749e-06
3.344992925993612647e-06
4.438531027050533927e-06
3.831609551166912397e-06
3.306594167848987839e-06
3.490711782573429083e-06
3.720957210563983368e-06
3.684905002094395689e-06
4.708697580649262216e-06
4.210201423581142232e-06
3.182190797353281952e-06
3.398532103700632445e-06
3.531776831206083252e-06
2.857565085410285233e-06
3.711286038558619403e-06
2.712195317563605036e-06
2.209082979979557961e-06
2.444469511768559683e-06
2.731710409112039585e-06
2.312569066282491749e-06
2.221203148765508562e-06
2.620228134855043456e-06
3.731743360933656408e-06
5.532486140417760975e-06
4.202053620480317517e-06
2.992966782172161954e-06
2.318663930676339027e-06
2.405601594762554070e-06
2.374949789650728400e-06
2.324201957241791827e-06
2.395687531072289574e-06
2.061325862188831669e-06
2.260968988857392356e-06
2.025525106214304141e-06
2.094784468278003230e-06
1.980346472875891712e-06
2.269657348183235168e-06
2.309856548263697487e-06
2.088488229524561115e-06
2.131619118009484812e-06
2.300081843804558588e-06
2.522971612225339315e-06
2.275148159352065783e-06
1.971950635392005260e-06
2.016231106037228618e-06
1.972061534366970404e-06
2.413857911764696881e-06
2.401409051579326814e-06
2.395748018940722526e-06
2.446853310789101042e-06
2.425352122929581672e-06
2.535753273863814516e-06
2.538698559959620463e-06
2.705897773417603414e-06
2.728414365636134783e-06
2.799151687503365422e-06
2.968883013331409864e-06
3.079238481809790423e-06
3.084328938783001912e-06
3.110938045647510933e-06
3.127208088140946714e-06
3.145548204000442306e-06
3.110162753803517668e-06
2.379132003079768437e-06
2.208057015923158880e-06
2.287455824788621518e-06
3.108908094353632793e-06
3.161776921805578713e-06
3.165512889640554345e-06
3.158965608553805308e-06
3.138330906803323264e-06
3.105911028824480662e-06
3.083506543006793960e-06
3.083657001189237318e-06
