3.938999684004282353e-03
3.061192073726543440e-03
2.557781021901951030e-03
6.755521612100375602e-04
8.152561386987978781e-04
5.056916819483531006e-04
8.254396051502195086e-04
7.185703398586240718e-04
4.704323761636225064e-04
1.621436030668424585e-04
1.624692249880778296e-04
1.455798827377652186e-04
1.207164364832102941e-04
5.973066585763777753e-05
4.042842449046059067e-05
2.021861569418589009e-04
9.802614104493525236e-05
7.933544181642252998e-05
3.628396440607326164e-05
4.917236724270857684e-05
2.295959877489080629e-05
2.831371375898398949e-05
1.684522455648172862e-05
1.642194614872362910e-05
1.530111299260022580e-05
1.258469378233350702e-05
1.432316086370950058e-05
2.915952937952257193e-05
1.793451489648354127e-05
1.684873862661927455e-05
8.557128712830097114e-06
1.430965694395738499e-05
9.665100446966885713e-06
1.042512016661449363e-05
1.090372160228847878e-05
1.146696774028830031e-05
1.077170908111690997e-05
9.683909343990811976e-06
9.194798854792329772e-06
8.933825611605627459e-06
7.997041619076415220e-06
7.174628039394883005e-06
5.235833122702890382e-06
8.801638253017607586e-06
1.035222841687700131e-05
8.133147918391341581e-06
8.229156507997885080e-06
9.885611511403037538e-06
8.543628343859041159e-06
7.509294454038205250e-06
5.855748451016633399e-06
6.890427634613644242e-06
6.880109381573214759e-06
7.220870182589118421e-06
5.467123677191126155e-06
6.013469952825986248e-06
5.131761792402615973e-06
4.955603307172823378e-06
5.701346207866206763e-06
5.246957278454728943e-06
5.025362686094755615e-06
4.685707751690392563e-06
3.977676849603280825e-06
3.728639129075167112e-06
3.679196162736013309e-06
3.417221214418137556e-06
3.567470490856380418e-06
3.629283365459791329e-06
3.406736642265297144e-06
3.634130882141688781e-06
3.104562486526102294e-06
3.167698229325471990e-06
3.577652255708119317e-06
3.715922780096890739e-06
3.748227390809832109e-06
3.205373083190155219e-06
3.012877685038373805e-06
2.725913506226655106e-06
2.574816339188642262e-06
2.638708756657462139e-06
2.642265499149576688e-06
2.621063668145739758e-06
2.230888261334836126e-06
1.976708006067856329e-06
1.916132697154079617e-06
2.040811923392389028e-06
2.192056510569957613e-06
2.397038772313735202e-06
2.440967822307892625e-06
2.053805644276969047e-06
2.094545519436709087e-06
2.215635797397569055e-06
3.049176151682648368e-06
3.138504780748629399e-06
3.128658682008499600e-06
3.154174289664874727e-06
3.025629003133249034e-06
2.915492141616268615e-06
2.697797156863449383e-06
2.757966944796334264e-06
