6.553422368962126196e-03
6.265913953321647009e-03
7.223282588108797045e-03
7.172278594532087654e-04
2.891971609137444169e-03
1.820973595701422905e-03
1.610963634835715008e-03
4.358649387600068499e-04
5.255343865078687064e-04
4.488270781008140689e-04
1.532375008257372154e-04
3.448611089979268041e-04
1.658021066988946699e-04
1.112826608150177597e-04
3.181662092323539795e-04
1.019594086428640445e-04
6.075544186309894294e-05
1.700567761899476015e-04
7.781625379291751024e-05
8.678111366738566561e-05
6.578857863387329316e-05
1.013814535002605484e-04
5.932350670276113745e-05
4.746074786386746927e-05
4.869918327075373231e-05
1.696205679821583752e-05
1.768800951611343645e-05
4.355253081201647196e-05
5.844129946343131182e-05
5.114386297831901483e-05
1.895788709819827241e-05
3.927755024335949927e-05
3.685960610822276880e-05
2.687784162086132427e-05
1.687007970848513911e-05
2.077465672788608006e-05
2.673783152967092671e-05
1.427655963253612350e-05
1.588454308837150414e-05
2.225588192433241457e-05
1.818613907014474850e-05
1.920511900417524778e-05
2.412387389657767703e-05
1.264366042832474204e-05
1.477750565208602481e-05
1.202877194719319881e-05
9.963365118493430644e-06
1.393671675422894825e-05
1.651657179122129353e-05
1.294582012534772889e-05
1.322606736622548259e-05
1.622912967571985893e-05
1.512114479125492336e-05
1.465934436367267002e-05
1.008676759457545270e-05
6.879706276143654106e-06
6.324569485815541670e-06
8.437898542555125208e-06
1.283042482641632354e-05
7.263933827782047754e-06
8.297610785784498649e-06
7.094959301366371718e-06
7.770784275561318591e-06
8.206250233384378354e-06
8.625501073440931278e-06
7.771165314301272241e-06
7.364259757859480494e-06
6.766872294916930146e-06
6.374870753663359616e-06
6.696400638297367798e-06
5.838893127545494581e-06
5.098630697511273802e-06
5.864288960248248936e-06
6.748674984445312498e-06
5.842134304090973316e-06
5.579073306036398723e-06
5.469091052176166776e-06
5.370785193572544581e-06
5.308202981936050994e-06
4.794198161946050445e-06
4.845001061487200352e-06
4.903289848879654455e-06
4.516537869561132985e-06
4.132323076273909784e-06
3.250812135652621462e-06
2.656232943695058128e-06
2.282835500174136852e-06
1.828107444361561541e-06
2.049086082682903918e-06
1.917331904566237239e-06
1.907942867756048209e-06
1.752323666612594365e-06
1.947355651434559178e-06
2.164921815566145234e-06
2.555813295893518753e-06
2.882924549136592501e-06
2.790859477863628546e-06
2.324822171588132479e-06
2.029072415312980126e-06
1.911139074771546087e-06
