8.962147000982460809e-04
6.407268468698504955e-04
5.981004833127076276e-04
2.138044209925815090e-04
1.083814366412029219e-04
3.664749400669870243e-04
1.873811616378125914e-04
7.409700397982675482e-05
4.529431450310201151e-05
1.932602730718268656e-05
3.080042505998946097e-05
4.401305523663116690e-05
1.544842323868329554e-05
1.302701546552999576e-05
1.271205385630920612e-05
1.254716478584914245e-05
1.358580154506178386e-05
8.369492073606446387e-06
9.295448524183117748e-06
4.655323084292144644e-06
5.898348067073706169e-06
6.057513181468562832e-06
5.121391448791625241e-06
3.443753853726665499e-06
2.600160719722142199e-06
2.920574220999514245e-06
3.487160371988918770e-06
3.030236681249187126e-06
2.694117207610301657e-06
2.245399106158602329e-06
2.085759111874117688e-06
1.912874931162396699e-06
2.282200495309572473e-06
2.310797449438328039e-06
3.317626800878636198e-06
3.659464301461405804e-06
2.427207093859566524e-06
2.193016131538350610e-06
2.346977707333036265e-06
1.963258432733153916e-06
1.907890546514963198e-06
2.018820875944149158e-06
2.132626390588171142e-06
1.914424681486885443e-06
1.995018750325511795e-06
2.023597183517419010e-06
2.041390736050434367e-06
2.744552171774018902e-06
2.415951777752258555e-06
1.979977453778925937e-06
2.087493729309377448e-06
2.039923366770708925e-06
1.838888817991374211e-06
1.845867893712079718e-06
2.038538199256098102e-06
2.136576497763727876e-06
2.014865202573379632e-06
2.037733218710117691e-06
2.145914709254731142e-06
2.287856034904248871e-06
2.422622207709931436e-06
2.580034443416688513e-06
2.700590530879376670e-06
2.522798061647744590e-06
2.279766314794971081e-06
2.244213980266991073e-06
2.304746371859956452e-06
2.333771546012218783e-06
2.343906527018358781e-06
2.406751597847163441e-06
2.505083567506986228e-06
2.661657111761890705e-06
2.920421660182828919e-06
2.924623252095090020e-06
2.931486260325122942e-06
2.949277140085868340e-06
2.919669469978319531e-06
2.945058527089812160e-06
2.997323828693950077e-06
3.061136906547259570e-06
3.090563982109637510e-06
3.127989305421481490e-06
3.144469928418195726e-06
3.144695809510201064e-06
2.540223661328470494e-06
2.360107883535894001e-06
2.501724021348556505e-06
3.086826901686801732e-06
3.149659109442419601e-06
3.151532351243413508e-06
3.162895963882113769e-06
3.138185450045429584e-06
3.091671202630369029e-06
3.078863990298606110e-06
3.105756404078123348e-06
3.132301440841668468e-06
3.163176475828129664e-06
3.148486975960263342e-06
3.136956691166529974e-06
3.144914869298897806e-06
