2.214800909090593878e-03
8.495033655782496806e-04
1.589232928292477276e-03
7.001849900949452289e-04
1.212442772355765705e-03
1.673132668065793359e-03
5.417121624627339871e-04
4.025863514120361052e-04
9.558285726757738106e-05
6.087095217459134164e-05
6.102444570974404584e-05
9.333761469639932239e-05
3.902490947892777422e-05
2.045988516204876257e-05
3.528169563827614560e-05
3.835410763501890489e-05
5.926006383492257582e-05
2.427587856731765580e-05
1.512775349213590780e-05
9.415400162687144516e-06
1.357751062452954257e-05
8.939216344453213340e-06
1.319621297069990523e-05
1.197579151025115510e-05
6.708486802836586913e-06
5.952727026952201596e-06
1.294233899954624759e-05
7.294605408479776966e-06
4.873658997895030752e-06
4.812380896653728195e-06
5.059851715612905321e-06
7.089563737947114039e-06
4.877310381811541574e-06
5.215782123229082338e-06
6.718109684096717691e-06
5.322969887957575232e-06
6.572867720208544595e-06
7.899944842543070290e-06
3.943787310124388656e-06
3.862320917705458824e-06
3.561495008819314441e-06
3.272538947540341315e-06
2.905327646269812254e-06
2.554945364389947826e-06
3.512521154698559202e-06
5.890906651172933941e-06
4.389726237109684701e-06
4.771301788155442070e-06
5.628252209989549346e-06
4.356131142316181508e-06
4.038282799251407759e-06
2.514137699829424671e-06
2.525379758496858139e-06
2.349029554691866816e-06
2.656038591010102962e-06
2.623897514243954878e-06
2.239120737862440505e-06
2.953152302341855228e-06
2.899408010234283994e-06
2.292827630071855873e-06
2.167258225261181722e-06
2.162314942995433779e-06
2.335017799914747690e-06
2.634027295438520091e-06
2.611090518491738615e-06
1.736637081004895391e-06
1.943895173674012805e-06
2.096035256377325560e-06
2.005774759384199691e-06
1.976207790803055330e-06
2.099637661015057187e-06
2.095487085249755016e-06
2.149297262224937570e-06
2.206709434829234776e-06
2.150137196179689359e-06
2.339691118061345925e-06
2.292240081210387598e-06
2.309164417010795694e-06
2.302115496451902074e-06
2.307573339868091138e-06
2.551686241588392731e-06
2.788127136396235878e-06
2.857429075392298721e-06
2.884368036779783993e-06
2.267426317209163089e-06
2.300385432702564404e-06
2.985990339508847927e-06
3.132736403531690318e-06
3.151807264297963882e-06
3.143586899641461308e-06
3.137656533908442647e-06
2.984363198635034872e-06
2.906903472127328492e-06
2.885128893135461541e-06
2.999733036191895986e-06
3.078026351451209355e-06
3.146687126776553002e-06
3.159365031742870845e-06
3.146555139150242127e-06
3.117579190410966537e-06
