3.200527207813424341e-03
2.040023109487474392e-03
2.856795136702209963e-03
1.024922912855255521e-03
2.966572494940505900e-03
2.455499873717601617e-03
1.366454573688306515e-03
4.180344243765038979e-04
7.079929097818277346e-04
2.947863681785227235e-04
2.326117967892799812e-04
2.292704923299449383e-04
1.673526772957796072e-04
6.605372580458596045e-05
6.158202688220140155e-05
1.595984031707358905e-04
1.738476983454330263e-04
1.082195868780243020e-04
3.573546028655166708e-05
4.511320130140883725e-05
2.818529944368879697e-05
5.318613474538236156e-05
2.613389091336485283e-05
2.967135630841987985e-05
2.162998306004566563e-05
2.498555727287249997e-05
3.446881371427640951e-05
4.391181650221397852e-05
2.390771483276666926e-05
2.042019352018677072e-05
1.704206772348417989e-05
1.342264233885643764e-05
1.207264868070397736e-05
1.660661060189399773e-05
2.068257251481200984e-05
2.132007633002042506e-05
1.923761277348784768e-05
2.434693468189221084e-05
1.996813968975093596e-05
1.085338836516613298e-05
1.345056161411855614e-05
1.135170278682281864e-05
1.125923316161326544e-05
1.000677185530384398e-05
7.994213008244172719e-06
1.216029569531038211e-05
1.482022962382716536e-05
1.464162157876828668e-05
1.485825704420503378e-05
1.084695663241642415e-05
1.003579022202841712e-05
6.211333599455722942e-06
5.352361667453220818e-06
7.053821839663288038e-06
8.863933994610835506e-06
8.748989857253889184e-06
1.013121362014381809e-05
9.479215863854796286e-06
9.816026965936874344e-06
7.396371221304574127e-06
5.190097426540587710e-06
4.818468708698794663e-06
4.256322978033352282e-06
4.517688938691009758e-06
6.555508888148553709e-06
5.630279692882632613e-06
3.824081220273713198e-06
3.907835149175566647e-06
4.598118573838566430e-06
4.227855872331899500e-06
4.532880757607041212e-06
4.904823602497906182e-06
3.401539094450553024e-06
2.814259585107753317e-06
2.063572115924887760e-06
2.041819534112820983e-06
2.445048519163486909e-06
3.355337868402014988e-06
2.988857421378899337e-06
2.757725125117185588e-06
2.182433130253478170e-06
2.061549494136548750e-06
2.273487982983804783e-06
2.458454915511481146e-06
2.052447782969161056e-06
2.118641008279439162e-06
2.351239925762351168e-06
2.882362460970768698e-06
3.035466087950502154e-06
3.089546033439810248e-06
3.103425524336620693e-06
2.922797140308973897e-06
2.620253648599504640e-06
2.574139705271042479e-06
2.724359654267623541e-06
2.767324667405495817e-06
2.923728043913597704e-06
3.066341622907826382e-06
3.115294635461993975e-06
3.114107796909330397e-06
