3.935811413153488848e-03
1.251750426715125082e-03
2.751257910940119351e-03
1.746423239050944390e-03
2.980746069465614514e-03
3.648006927671383799e-03
1.389781934983230034e-03
1.297748277232579819e-03
2.402911590600516226e-04
6.598127052883979602e-04
2.578858556659326009e-04
4.441273074511445655e-04
2.543942095887929532e-04
1.430987568148583999e-04
2.196959052749231968e-04
1.131884816544987841e-04
8.025350029298469843e-05
1.215036421475227155e-04
1.212754454012822831e-04
6.338668880336842046e-05
5.627201326937524223e-05
5.569184089194813346e-05
3.374834778727678401e-05
4.215218564275041149e-05
5.857225316633121579e-05
2.826067963206397229e-05
3.401617238014889301e-05
3.409403111833807248e-05
2.207530710708210952e-05
4.392009802515222430e-05
3.204533200445984243e-05
2.143291993974086397e-05
3.168043987325499595e-05
3.902077514173637015e-05
4.496767869855172360e-05
1.718826453240278017e-05
2.113280878703297259e-05
1.693328453940442019e-05
1.512521068499581497e-05
2.266217050460291656e-05
1.500252422099915765e-05
9.963638483476998701e-06
1.384070494589488093e-05
2.372836263942520313e-05
2.824581467682100037e-05
3.842973991150387312e-05
2.057700617856057557e-05
2.176128168525153054e-05
1.546752076499418297e-05
2.044884893348517638e-05
1.494235762729923980e-05
1.039574029252807368e-05
1.309308022941807451e-05
1.350276489211853955e-05
2.009862013009031077e-05
1.820118936710647922e-05
1.666073123586174793e-05
1.637951104283546044e-05
1.292627948066093590e-05
9.621161684404161581e-06
9.464050886800810019e-06
8.630499053747102173e-06
8.345753402943143179e-06
8.443025522135120742e-06
7.397187197481980510e-06
6.529041828015050278e-06
1.143040837020662050e-05
1.060435545741511153e-05
6.670612697753568715e-06
7.952578312055845719e-06
7.755085431473155851e-06
8.298108253829419306e-06
6.995551112139847781e-06
5.271005364478306369e-06
4.831311214383441689e-06
4.524457138464886196e-06
4.825865688588814823e-06
5.109583671547145929e-06
3.798940454774487284e-06
3.344799816481668152e-06
3.547616112341436153e-06
3.841828630130676105e-06
3.191213206858235682e-06
2.994341913285624342e-06
2.897174474402875894e-06
2.755294865624090504e-06
2.861917393753643290e-06
3.040165691448723623e-06
3.351931497824435646e-06
3.553076468084659774e-06
3.569390667940731943e-06
3.196446629024797379e-06
3.022827330939449667e-06
2.947269807977052069e-06
2.965671854878023350e-06
3.201021756307237561e-06
3.302121781394207261e-06
3.275142109551445088e-06
3.216921043414271805e-06
3.314439488594644731e-06
