1.264189071309464174e-03
2.053446574831347673e-04
1.701974396069062400e-04
1.110145697508886035e-04
9.630961826788785713e-05
2.179813704615876885e-04
2.328919311801447008e-04
7.937330919995944643e-05
4.870097938062470654e-05
9.585583743465880160e-06
1.208766288569273939e-05
2.053712619880137174e-05
1.736594596881853699e-05
1.603318402164576821e-05
8.289614998184871496e-06
8.826889222753659642e-06
4.532479910093449317e-06
3.439031935038226950e-06
3.182929609197150934e-06
3.000703541401662974e-06
2.929193110306613690e-06
2.734539317591637728e-06
2.850550491229149040e-06
2.305420760824671606e-06
2.315734869760903968e-06
2.261050591614844977e-06
2.472979625868112602e-06
2.054528123602220132e-06
1.845679090229533993e-06
2.055887106439364148e-06
2.126720177386352620e-06
2.210004410610648206e-06
2.314525105932742032e-06
1.859908465071542176e-06
1.829274152611117590e-06
1.890853703512298715e-06
1.895443588981514069e-06
1.809926063111630916e-06
1.767621706201732533e-06
1.922227319219380783e-06
1.946719434134211010e-06
1.913776419268376363e-06
2.048836464708532372e-06
1.750065705782822328e-06
1.875215233704384921e-06
1.884203947173417206e-06
2.304343173488533792e-06
2.674122558426746033e-06
2.621208634944835367e-06
2.673467457275089524e-06
2.796428892042896089e-06
2.883871403012992806e-06
2.810531057564242452e-06
2.738163100860465908e-06
2.671863536180857270e-06
2.884249101962199759e-06
2.900167504522278881e-06
2.965080769634524460e-06
2.910453317336405363e-06
2.928976241100312771e-06
2.991176957757244491e-06
2.973081084347101773e-06
2.970254875424468605e-06
2.850200665342690918e-06
2.813804429754403895e-06
2.817552123079862501e-06
2.901820020597925315e-06
3.009896916719823430e-06
3.060798887385501077e-06
3.062373804327664478e-06
3.058040869699848381e-06
3.096375295694177774e-06
3.093010980972760895e-06
3.081132421953425159e-06
3.082764072131632790e-06
3.055001280434513883e-06
3.072261177010192233e-06
3.112099892934389420e-06
3.145076396411516662e-06
3.040709383302395640e-06
2.219245880662477022e-06
2.223205680456864597e-06
3.104043450886700045e-06
3.122498900470444635e-06
3.137162853757790868e-06
3.139540625857994458e-06
3.122717539720876673e-06
3.035944163676831655e-06
3.035439219832608242e-06
3.124358026742742114e-06
3.139270397025648829e-06
3.148138678965331151e-06
3.150337853799354864e-06
3.149524033672724916e-06
3.144216118529920885e-06
2.943080155835096500e-06
2.792632561184412849e-07
1.694065894508600678e-21
1.694065894508600678e-21
1.694065894508600678e-21
