8.195434002282161795e-04
2.497607055660222303e-03
7.483136796736450727e-04
2.891808866302361929e-03
1.763940711349458153e-03
1.930149348828534344e-03
1.249289610688093192e-03
7.637204692062447798e-04
1.233821821942181598e-03
1.302581353637946105e-03
4.964624185487909267e-04
6.116345942738601622e-04
1.559325131303158527e-03
6.753024617425449358e-04
4.700816702500681347e-04
4.480556275025243261e-04
5.006487580897926769e-04
7.606592981252384813e-04
5.598119913224605454e-04
3.067100192158184126e-04
4.653554060016829898e-04
1.862367092442325143e-04
9.219461774135849204e-05
1.741734895047574079e-04
1.681387055849761834e-04
1.100692445319289458e-04
1.311328951850075869e-04
1.533770181704864426e-04
9.292874599438702031e-05
1.604108738831716270e-04
7.560816514004489351e-05
8.976372411037196561e-05
9.580470232096911516e-05
8.192190899019952089e-05
4.478750022332909757e-05
6.988926597603632880e-05
4.171038352194852560e-05
3.040852987060226376e-05
5.674352430823499346e-05
6.775873996675350452e-05
3.474462288767618968e-05
4.594751295621468738e-05
4.125662952397939233e-05
4.658650153946345410e-05
2.891095432729253709e-05
2.706477815688657711e-05
2.421686043401830566e-05
2.595874524957061675e-05
2.368755808435349904e-05
2.509920806059406421e-05
3.360552539627471202e-05
3.468206560992798348e-05
1.987383357684099363e-05
2.071581108173949174e-05
2.289380264924610866e-05
1.884397432134640073e-05
1.711998309304225505e-05
1.908383191137392562e-05
1.969389698680538465e-05
2.548404366986130819e-05
2.106600602036311689e-05
1.684771480840585584e-05
1.725864806851582327e-05
1.978728634585234911e-05
2.070311869005190519e-05
2.252092680763809296e-05
1.968024210920107654e-05
1.686987690739118038e-05
1.012884441042837703e-05
1.261832899468266609e-05
1.280148101926084722e-05
1.170209444895743980e-05
1.393550555581310055e-05
2.038368098351555033e-05
2.124062657963255609e-05
1.681251100157748584e-05
1.181598223869808154e-05
1.112937265472752573e-05
1.355102298863854458e-05
1.277302425922827744e-05
1.441511410924928317e-05
1.602203952368139267e-05
1.403202713138739806e-05
1.262058896886530909e-05
9.921657180487958224e-06
7.932626556309794951e-06
8.118560982036505209e-06
8.413237574291059482e-06
7.115539928243462566e-06
7.151226564408416036e-06
6.968958155884528171e-06
6.309466768006496795e-06
4.501952486010672682e-06
3.088477362512422737e-06
1.857491755695695111e-06
2.015040156975530128e-06
2.562622651713785283e-06
2.249176076171237485e-06
2.634201351254386170e-07
1.120807173974100467e-07
