8.061947548562230226e-03
9.225511115726379259e-04
8.600263383897803439e-04
4.212905531478905560e-04
7.488259997767155720e-04
1.674543965527188491e-03
4.857751779026752066e-04
3.525504105136016589e-04
1.661271471543448791e-04
3.866925420392492362e-05
7.558153871218042171e-05
1.217667318892396425e-04
3.634842465507440862e-05
2.689620245976941657e-05
3.609015742957411905e-05
7.377838630654970744e-05
2.279371637697122247e-05
1.901223831601088387e-05
2.702044575824981274e-05
1.115445997656470942e-05
1.081310324833557052e-05
2.638436460052182532e-05
1.157392782158027630e-05
1.010519913450323823e-05
8.538348184773581994e-06
7.617085018635310243e-06
9.543350442762252132e-06
6.972514713335741898e-06
8.203855376518452182e-06
5.936978389905458244e-06
8.214554551024940963e-06
1.156130345410439744e-05
1.085247217619635466e-05
5.235260905883967438e-06
6.865191937556689335e-06
6.005656603064189180e-06
6.770198670536946508e-06
6.567532282831885682e-06
7.106252607788136811e-06
6.785301731817829471e-06
5.292273172172151625e-06
6.909619442147940970e-06
6.889744116558586697e-06
7.124022998138714872e-06
5.824048479126585524e-06
5.103891809139601825e-06
5.295497021868735253e-06
4.617648789417818808e-06
3.433197602087199919e-06
2.848170284301311527e-06
3.109454143054508087e-06
2.988969303843841985e-06
2.783489121030313549e-06
2.619472593803076675e-06
2.568130085522042286e-06
2.491922434643045898e-06
2.357884001848665388e-06
2.150105942370631255e-06
2.287566684348710948e-06
3.058211401606814363e-06
2.920358733155473893e-06
2.658547967959122594e-06
2.561619194764958127e-06
2.456994832669351096e-06
2.680747581482661111e-06
2.717504063528287087e-06
2.360002618493336794e-06
2.141729883671876540e-06
2.364078983180412135e-06
2.180545688222605608e-06
2.192161528658700830e-06
2.213334993379197421e-06
2.091153092416428159e-06
2.119669080393331898e-06
2.109192678452251619e-06
2.301307566659986066e-06
2.451767206289684229e-06
2.650881482771125938e-06
2.795267987366500323e-06
2.836982469357331800e-06
2.186151684716903691e-06
2.305293751711769905e-06
3.070465903390325229e-06
3.147033373446964400e-06
3.158137079518398802e-06
3.134010952692217244e-06
3.031251549103586620e-06
2.848912064544457195e-06
2.848034723968789222e-06
2.989091230149740233e-06
3.084237027474392029e-06
3.119614077341950893e-06
3.145527927082259156e-06
3.159135301188463142e-06
3.142073696390368512e-06
2.993422118571046723e-06
5.531200668540211745e-07
0.000000000000000000e+00
0.000000000000000000e+00
0.000000000000000000e+00
