9.728026395826334244e-03
1.228551626221192341e-03
1.204806966430290935e-03
1.172214427552245976e-03
9.210971805735306906e-04
1.638770602683547713e-03
1.915714075097896003e-03
1.195494532120526749e-03
3.244366862524897797e-04
5.729434498385837881e-05
4.289986112786210249e-05
1.298683564156522246e-04
9.363654030295353746e-05
1.131028963728045026e-04
7.434206736267209533e-05
7.081288524986113970e-05
3.615342838427518723e-05
8.346407393718981160e-05
3.307619971578537924e-05
2.140260757114432119e-05
3.402523330225554627e-05
2.850118911770569468e-05
2.652712974086233924e-05
2.844224617771463692e-05
2.936187115118587217e-05
2.362904336574894984e-05
1.423255673203956583e-05
8.516100832519723460e-06
1.315639016487537069e-05
9.513467425930621915e-06
1.690075754675282677e-05
1.634136528093875157e-05
1.608424714796641983e-05
1.556827611193919091e-05
1.169319038094782601e-05
1.252358075974913290e-05
1.739983573809723396e-05
1.211039812643161866e-05
9.454830316874278558e-06
1.004639787362995903e-05
8.102258619139675143e-06
1.118999037755088285e-05
1.963558987917297420e-05
1.340175904134255720e-05
9.276729758166607360e-06
9.892770580256602671e-06
9.371842470038293409e-06
6.499037564280795073e-06
6.137468634273403217e-06
6.695460075334256786e-06
8.580760790218481491e-06
7.262201331298285581e-06
7.837737114587571612e-06
7.536562287056924075e-06
6.486871635182405382e-06
4.237385544152719561e-06
3.732945610999047769e-06
3.826785892390508028e-06
4.025594693289336463e-06
5.004880325724250255e-06
6.270618359437586478e-06
6.314464503821732014e-06
6.753881633802657327e-06
6.109395391063791126e-06
5.631219030604333627e-06
5.112578533727364904e-06
4.206883651245105498e-06
3.142387360464671338e-06
2.671550337591820777e-06
2.459903432870348488e-06
2.317364645537621984e-06
2.565925683162579039e-06
3.006174547293027880e-06
2.574158375752364890e-06
2.533594260701464524e-06
2.324291838846215309e-06
2.233439306346454413e-06
2.154908838519747448e-06
2.319254282824749139e-06
2.260562176806787467e-06
2.119404465299212254e-06
2.301933553220021881e-06
3.067799720161649804e-06
3.153232790095902641e-06
3.202164620546085958e-06
3.234419671051156765e-06
2.831696547132798460e-06
2.586029402117018903e-06
2.465721075591058599e-06
2.529959033071630470e-06
2.700822746364352250e-06
3.001573996060090522e-06
3.141126875068759233e-06
3.146684977187554176e-06
3.164748789177468451e-06
2.537847178090109388e-06
1.694065894508600678e-21
1.694065894508600678e-21
1.694065894508600678e-21
1.694065894508600678e-21
