3.312073027780176870e-02
1.126882168122429750e-02
4.538302280345254090e-03
1.641736722318919931e-03
5.861747880412001600e-03
4.441970320772523073e-03
2.066786279882865292e-03
1.369415630865241686e-03
2.343915800502814444e-03
5.702183854474331343e-04
9.089757510278133074e-04
6.994430111317006009e-04
4.770186068645060817e-04
5.099452328265687180e-04
3.558041779362290484e-04
6.372494405000761909e-04
1.713825920811864404e-04
3.160677499907835696e-04
1.755953445155695168e-04
1.467134760214970711e-04
1.478281652785002449e-04
1.501173829691776777e-04
1.760400874093381786e-04
1.660042029699741121e-04
6.200940694149643256e-05
1.217402924527253227e-04
1.291800282862468053e-04
1.407653447176687147e-04
2.008826656671298353e-04
1.758890109795857939e-04
8.717943040070949784e-05
9.804893550420193003e-05
1.125554332077818712e-04
8.723422325803402043e-05
7.853060390794738073e-05
9.796645263250713530e-05
7.570891793463573331e-05
4.604792790717372026e-05
7.593220972231438882e-05
7.805246043182713649e-05
4.862089437131857398e-05
5.429008806187178354e-05
7.166746087446499195e-05
4.712734522106609383e-05
8.840993018160555532e-05
3.865607819381169295e-05
2.943882639614871160e-05
2.999986440335080320e-05
4.601079031300946126e-05
4.045377929955607974e-05
2.685957066128753006e-05
3.219009575310484878e-05
2.726510438800093289e-05
2.988759521834075813e-05
4.099814646426222330e-05
3.384473556309371410e-05
2.256361804394440930e-05
2.284996125693246536e-05
2.257991954191291862e-05
2.201571621291230268e-05
2.364819725694539487e-05
3.009927911074217937e-05
2.482563147844896558e-05
2.093166614646167835e-05
2.076015711009885080e-05
2.054260044525097191e-05
2.192342154086543286e-05
1.979458343965592276e-05
1.862109002542700374e-05
1.843201041463192106e-05
1.874116617571635783e-05
1.869743404564244956e-05
1.815082004458643585e-05
1.811341640044571071e-05
1.646178853632878982e-05
1.710301435417999340e-05
1.633741108914413319e-05
1.634844602030173315e-05
1.624414992869881562e-05
1.597153830824488309e-05
1.627925748688412736e-05
1.569295628012863227e-05
1.587230281812586011e-05
1.567220736505825553e-05
1.564209250511533025e-05
1.554645807626370857e-05
1.570717474732513457e-05
1.523139427184251027e-05
1.577506732314733217e-05
1.550157240344655058e-05
1.555690577023240598e-05
1.548508411649180571e-05
1.536705096632264418e-05
1.549486423786818447e-05
1.543432746480931570e-05
4.426590115565679871e-06
1.600004826040201947e-06
1.159443595926349247e-06
2.590414436561862753e-07
0.000000000000000000e+00
