2.776461727452851462e-03
3.889478173439689834e-04
3.711463581489774758e-04
4.435654527884764576e-04
1.069876059835790281e-04
9.201271817799161739e-05
5.172914506295977149e-05
4.053950310079248423e-05
2.212614878652608999e-05
2.776393574482995794e-05
4.615281318051979578e-05
2.430584161335963954e-05
1.452445877650507218e-05
1.571637953599567958e-05
8.699035905445943545e-06
8.571001431947001869e-06
4.209629889708214204e-06
6.577398775844862232e-06
6.917750568508185369e-06
3.899643771211311393e-06
6.121903178446582114e-06
2.537668943547979034e-06
3.105853136572307157e-06
2.529599447852870803e-06
2.030005686404842069e-06
2.193319062220800460e-06
2.840511259502126667e-06
2.193287606982135939e-06
2.030329904964077990e-06
2.264916511699689850e-06
2.261881892561111744e-06
2.065257614509818258e-06
2.275488478670778931e-06
1.873902765577964398e-06
2.037519054472714112e-06
1.843120856638897508e-06
1.915854086891786190e-06
1.981480913907803864e-06
2.098150470077972548e-06
1.956284315702776223e-06
1.996277792052337494e-06
2.270115147586617829e-06
1.904675939114234270e-06
2.045377661198448492e-06
1.957178424221761438e-06
2.067840637614167762e-06
2.102630196389750615e-06
2.252034114263869475e-06
2.189693837480557324e-06
2.269068021487256494e-06
2.201828818272151650e-06
2.247388439548899754e-06
2.481894460311676497e-06
2.443690067837710150e-06
2.436356300089187022e-06
2.301318632464471500e-06
2.190140282741076127e-06
2.397964108391911967e-06
2.390330600248151269e-06
2.170224524579932979e-06
2.235897121792411699e-06
2.314332698003133008e-06
2.487732193437462570e-06
2.649631541285444566e-06
2.805701547011932878e-06
2.917621554746981278e-06
2.883345345135284763e-06
2.749886300687794129e-06
2.665516732598071606e-06
2.744666321435429007e-06
2.870157274051290682e-06
3.048430102381145384e-06
3.138492774896577961e-06
3.138940667396804396e-06
3.083237661611045867e-06
2.228551473855370481e-06
2.238218675619246410e-06
2.993092278191861778e-06
3.134754275650261561e-06
3.135536783743459461e-06
3.135426570175240645e-06
3.114467456126799242e-06
3.049122563309163593e-06
3.058943199503374903e-06
3.110244581893205273e-06
3.149417824138950397e-06
3.153322730842215049e-06
3.139692790915493202e-06
3.138806135073886938e-06
3.070347352294443784e-06
1.180337927742051039e-06
5.321199195221801422e-07
4.041438605667763644e-07
0.000000000000000000e+00
0.000000000000000000e+00
0.000000000000000000e+00
0.000000000000000000e+00
0.000000000000000000e+00
0.000000000000000000e+00
0.000000000000000000e+00
