6.607817980604254252e-03
4.494544839630912380e-04
4.166406327070468793e-04
5.582046659235304813e-04
5.560830252526418509e-04
3.688942090828153876e-04
1.592011082532438350e-04
1.303232653986981682e-04
1.129322086209815152e-04
1.174400713826652414e-04
8.909023878133690943e-05
4.970515358590148978e-05
5.055636700897656960e-05
2.884205749721851315e-05
4.864583900409768217e-05
1.795441200692591557e-05
1.603396758646944353e-05
1.069593275522400789e-05
1.188623097515950142e-05
8.511298268995284258e-06
1.044808767385322268e-05
7.450891134370380741e-06
6.430416613658060215e-06
7.658643276070208549e-06
5.374398166616597707e-06
6.174362590406872858e-06
8.559142649267956278e-06
6.847915058179416293e-06
5.113162170593643264e-06
4.598431126614272031e-06
6.163433449685999953e-06
4.681594809879467860e-06
5.572467684122044417e-06
5.230715250342199409e-06
3.846809600229703740e-06
4.244926867002210708e-06
3.691163544553907261e-06
2.897781552602528010e-06
2.435746143055110526e-06
3.489814699314060427e-06
5.140534926112862921e-06
4.383771901176554587e-06
4.683050890099704720e-06
4.166536742316234165e-06
4.127038399909790993e-06
4.281229272211556717e-06
2.467381126189718669e-06
2.435459641335920819e-06
2.234519477162401821e-06
2.527734013431571322e-06
2.843491977157750547e-06
3.159731611658342811e-06
3.637586817433653815e-06
2.861015485406326323e-06
2.456911053589118936e-06
2.497960695866301559e-06
2.377769135054676693e-06
2.216876031000355633e-06
2.243032577607965805e-06
2.129592745969357374e-06
2.132495139035565815e-06
2.077772003917706851e-06
1.982594187486194439e-06
2.069308167953412146e-06
2.062358853137165625e-06
2.176301964471812760e-06
2.275491226908483708e-06
2.248419702305917003e-06
2.264830837876021648e-06
2.300723989913299659e-06
2.302663970168690796e-06
2.421272579902463379e-06
2.653860295675777053e-06
2.825341386930767519e-06
2.951717696837537149e-06
2.219214489014419686e-06
2.285131401828837649e-06
3.010793890335237964e-06
3.137114749702691790e-06
3.142212325288383260e-06
3.150608148081163410e-06
3.026939119964511234e-06
2.868274666591021824e-06
2.926301024599256911e-06
3.016972846954626086e-06
3.113199500370701419e-06
3.153918313754015001e-06
3.154087314013016295e-06
3.155469525367415360e-06
3.122933645036522539e-06
1.250591749657583833e-06
3.189179248277189943e-07
1.694065894508600678e-21
1.694065894508600678e-21
1.694065894508600678e-21
1.694065894508600678e-21
1.694065894508600678e-21
1.694065894508600678e-21
1.694065894508600678e-21
1.694065894508600678e-21
