1.321419341945711569e-02
2.207256571150290145e-03
1.272812200692134904e-03
1.789632023416148562e-03
1.028592346007145726e-03
1.162613306641260618e-03
4.031976540475069046e-04
3.413890897773881540e-04
4.649187003389057202e-04
5.900329821728943300e-04
4.398610573389293357e-04
2.084312628157990145e-04
1.846285640913086789e-04
1.589736504653852195e-04
1.113090058719592919e-04
2.623128848888987602e-04
1.203304844327688099e-04
8.300805752111524666e-05
7.865135351115091090e-05
1.222270138833019589e-04
1.304005868066162633e-04
3.779480110512373659e-05
5.821774451769638347e-05
1.043484649200682212e-04
9.593235565348577664e-05
5.870667199919416159e-05
8.265280531366801266e-05
1.065735035367167149e-04
3.724411720065616706e-05
3.973373815917366508e-05
5.077694372618335087e-05
2.233610748217320738e-05
3.202271178808467622e-05
4.068588300216909861e-05
3.247593536416884009e-05
1.663940111519729198e-05
3.258681247299249201e-05
3.306697404323826985e-05
1.533631724720750487e-05
2.313541872684096563e-05
1.776227063022362828e-05
1.650239480735443085e-05
1.795052262834801772e-05
1.302884186613788566e-05
9.696481143413285302e-06
1.077290981920427550e-05
2.130911970914694842e-05
1.310148212491930159e-05
1.061503792205668698e-05
1.419458405744805215e-05
2.105325858351856023e-05
1.549580680233667341e-05
8.375805470185104719e-06
7.752802735777141705e-06
7.371366932804744151e-06
5.330096554012747002e-06
4.966940449368811188e-06
5.494257136114623469e-06
7.681411917658704255e-06
7.076456639255604761e-06
5.579539265560935002e-06
5.568006784708117778e-06
5.077188788447611015e-06
5.594100582076826032e-06
4.407445663733650474e-06
3.898296013887175801e-06
3.934540376854711420e-06
3.977108805952163363e-06
3.514187454561469103e-06
3.409323393435051115e-06
3.364355003765928977e-06
3.306690327121004791e-06
3.172982782831819767e-06
3.290394169928929387e-06
3.116693948299198949e-06
2.957730022201378195e-06
2.976218636812530576e-06
3.509152252629614641e-06
3.704601911849928440e-06
3.742720598790172623e-06
3.793155734137393505e-06
3.367384020659302698e-06
3.263356756895787534e-06
3.247194269016074438e-06
3.459892670774401134e-06
3.704293172450683842e-06
3.653895212809373298e-06
3.700249581832063677e-06
3.711157829197404793e-06
3.722446607937214332e-06
0.000000000000000000e+00
0.000000000000000000e+00
0.000000000000000000e+00
0.000000000000000000e+00
0.000000000000000000e+00
0.000000000000000000e+00
0.000000000000000000e+00
0.000000000000000000e+00
0.000000000000000000e+00
0.000000000000000000e+00
