1.558782647231991836e-02
3.872953120045819798e-03
5.125505885975717088e-03
4.296197667141151214e-03
2.924843683615027754e-03
2.626249825358872598e-03
8.343549058269830168e-04
1.743010889865720739e-03
7.918935170392177574e-04
1.371741716102436786e-03
9.705657235070399257e-04
4.544193703507285603e-04
3.900946704078669253e-04
3.702411795473355442e-04
2.554843024718781602e-04
1.956835365585027505e-04
1.574942675435567739e-04
2.017425354268224881e-04
1.079074210610233100e-04
1.890216378836393201e-04
3.341875063405723933e-04
1.614070345752426745e-04
1.506552162048887633e-04
1.325532525085128678e-04
7.978269599319417842e-05
5.557516402467792304e-05
7.270179096149906382e-05
1.034959275528467428e-04
9.129623848526047182e-05
9.241923030033991223e-05
2.032373053741210291e-04
1.843939645013352251e-04
1.178696335537452659e-04
1.182613339830428800e-04
6.565181507258887521e-05
3.466727839042367472e-05
3.673894270154776402e-05
4.089857076645934437e-05
2.578661138652386633e-05
2.730489548226375124e-05
4.125862567200147633e-05
5.805487488325659006e-05
5.132781432487195007e-05
3.491030780514988119e-05
2.324205366482920147e-05
2.798810398552004785e-05
2.537810237202921913e-05
4.365401900712597073e-05
2.935148473219817457e-05
3.486898484595118177e-05
2.023911082775865978e-05
2.150432070000104292e-05
1.791677624292651696e-05
2.131700664330012988e-05
2.083152799119508772e-05
2.080542766215119757e-05
1.557134039553340247e-05
2.246211399605519944e-05
2.432926285008316409e-05
1.770527967862962489e-05
1.853176009159956416e-05
2.089040189886479589e-05
1.503745329325986664e-05
1.275106246624120850e-05
1.131081321952993597e-05
9.802266760197067151e-06
9.798888084995770957e-06
1.029234076261337210e-05
9.282255232635907728e-06
9.096828002401898097e-06
8.810370345328884112e-06
8.641912092103662892e-06
8.848594082328172536e-06
8.308977996490497930e-06
8.126967474024326610e-06
8.180149161630105868e-06
8.086301281666725754e-06
7.817311880857021579e-06
7.876285844261375925e-06
7.854845416089935580e-06
7.881030768324931397e-06
7.852066972158081555e-06
7.820732501036017944e-06
7.638196241499994451e-06
7.578741140827572908e-06
7.659284433430026186e-06
7.577260888489360436e-06
7.632118726770465943e-06
7.775514162532609074e-06
7.796047221968165081e-06
6.837270243063735319e-06
3.069772820025226234e-07
0.000000000000000000e+00
0.000000000000000000e+00
0.000000000000000000e+00
0.000000000000000000e+00
0.000000000000000000e+00
0.000000000000000000e+00
0.000000000000000000e+00
0.000000000000000000e+00
