1.800222494359231479e-03
4.454077087806341596e-04
3.661886692918530435e-04
7.686780109875594562e-04
8.798122464744178054e-04
1.957145479559987077e-04
2.273217222234515090e-04
9.110365788439874412e-05
1.206083250311948719e-05
1.323066413650229365e-05
1.905429993329645170e-05
8.155966550780630991e-06
1.876226499462074025e-05
8.135728872289230840e-06
8.443652569137788903e-06
6.387928828154569362e-06
7.215559803800391058e-06
3.339609407058758779e-06
3.346230938098304138e-06
3.836206733801584096e-06
2.427506871628944081e-06
2.840429808691318721e-06
3.431410377811245101e-06
2.478646641498257782e-06
2.452167292536912100e-06
2.672329041973629661e-06
2.921502366103685523e-06
1.867919192222063975e-06
2.727463322550845722e-06
2.471297978324746534e-06
1.831190323838119284e-06
1.884357794149763590e-06
1.698612805303348226e-06
2.064172483695151782e-06
1.984264150303444446e-06
1.768040894072597456e-06
1.821983031543873976e-06
1.895199832620673453e-06
1.926982856912572543e-06
2.368069662883916249e-06
2.189999384802874670e-06
1.953773005704298207e-06
1.931001817918780390e-06
1.833188661783990964e-06
2.120726146514498884e-06
2.068711605121620219e-06
2.156561270946877099e-06
2.354086537192837019e-06
2.487125787645163318e-06
2.655947726248279723e-06
2.745510604020694014e-06
2.622473546134673000e-06
2.643411450453502496e-06
2.629563542236626999e-06
2.432339876494028798e-06
2.453599347720520068e-06
2.591084227075600357e-06
2.537190596350311031e-06
2.448176116979631603e-06
2.546093694891011596e-06
2.657362401187891014e-06
2.774460469941637565e-06
2.940168068591456454e-06
3.010479299889520749e-06
2.941843553506172339e-06
2.873324025409751228e-06
2.955975083204538215e-06
3.024530566683158046e-06
3.044328084818268167e-06
3.083761033245430776e-06
3.094140031359304810e-06
2.592461544690961201e-06
2.373478178711239223e-06
2.678863985263165087e-06
3.126615699569530703e-06
3.139586519494726418e-06
3.143990620329848768e-06
3.105225903070033936e-06
2.989625158757659247e-06
2.986455202468524027e-06
3.106123410052707689e-06
3.165570251411563992e-06
3.170592266659204111e-06
3.170079766488392017e-06
3.106437795007228166e-06
2.814860234201684364e-06
7.357326691834451331e-07
1.534586704637099789e-07
1.694065894508600678e-21
1.694065894508600678e-21
1.694065894508600678e-21
1.694065894508600678e-21
1.694065894508600678e-21
1.694065894508600678e-21
1.694065894508600678e-21
1.694065894508600678e-21
1.694065894508600678e-21
1.694065894508600678e-21
1.694065894508600678e-21
1.694065894508600678e-21
