3.156929792332775504e-03
8.641034888926995075e-04
1.089977053860338285e-03
1.939885371794240927e-03
1.433459524226049931e-03
1.253679816396486820e-03
5.057217926012936172e-04
2.257965091282711223e-04
3.854762058998424304e-05
6.456456860297831411e-05
8.611727810495158628e-05
2.245884968671652554e-05
4.150832452866936900e-05
2.137905949144041279e-05
3.967640291803846962e-05
1.758248309925356228e-05
1.284272317025030487e-05
1.177977829674341742e-05
2.348308724503072771e-05
1.682700489967866491e-05
8.327575060567754599e-06
8.587767197569212579e-06
9.736111367984407388e-06
7.318478028945108164e-06
7.808129676407938176e-06
9.028347676761264260e-06
5.197888325566425892e-06
5.334551297437477661e-06
6.817670390165868024e-06
7.686390739017583744e-06
4.370848846737862354e-06
5.278821390029934200e-06
5.424190753646883620e-06
4.374717735179282441e-06
4.203300970433295446e-06
4.683248098669098530e-06
3.987418059343966216e-06
4.112336332138649630e-06
6.446174314791147410e-06
4.699625103185130036e-06
4.194729854181039662e-06
4.510966497115810161e-06
4.380286519158922150e-06
3.445427790861503115e-06
3.003865696708508566e-06
2.691190363171794421e-06
2.671496760089051392e-06
2.898619858255043221e-06
2.856313972363817533e-06
3.048618588925825227e-06
2.990288635045127317e-06
2.911825179810162639e-06
2.936126207488956995e-06
2.977240484478759068e-06
2.889948273920785108e-06
2.612423492218049419e-06
2.536597902255489915e-06
2.671223453603862274e-06
2.925419837704926909e-06
2.599699021352809989e-06
2.476469293811469656e-06
2.742929072498162132e-06
2.688847118628669992e-06
2.925224012311719804e-06
2.834560180407069115e-06
2.719054655607315725e-06
2.756685618601403487e-06
3.039791898637884988e-06
3.169112867932646859e-06
3.214373401455363700e-06
3.297108390927065171e-06
2.814627970494320110e-06
2.717990321371992307e-06
3.033980682083915236e-06
3.455714678249950841e-06
3.452666743913112267e-06
3.444091854235928825e-06
3.404107448664903566e-06
3.243349269030776344e-06
3.269051206869763918e-06
3.380179215921805986e-06
3.445854935134530025e-06
3.456333269699968685e-06
3.434417309464557441e-06
3.402979951447167834e-06
3.022243428345139704e-06
5.257741668586835680e-07
2.723497535617396287e-07
3.193472228310738858e-07
3.193472228310738858e-07
0.000000000000000000e+00
0.000000000000000000e+00
0.000000000000000000e+00
0.000000000000000000e+00
0.000000000000000000e+00
0.000000000000000000e+00
0.000000000000000000e+00
0.000000000000000000e+00
0.000000000000000000e+00
0.000000000000000000e+00
