4.027779248219060318e-03
1.784094063353278093e-03
1.248715518510427804e-03
2.064289390315464379e-03
2.061233987004219663e-03
1.571541249503071282e-03
1.103848309677755383e-03
6.743432615775867304e-04
9.344426088129396599e-05
9.219236542973367450e-05
6.156974348718272799e-05
3.412815163432141442e-05
9.128746731098410735e-05
7.931217449859075022e-05
5.974608472873310373e-05
5.292977420319587030e-05
1.886653804693382149e-05
3.561605642408460136e-05
5.248973767552385378e-05
4.351528655609367916e-05
2.366834726297880730e-05
3.151087125020444985e-05
5.249405967842830548e-05
2.994582993908516402e-05
1.242829224756734480e-05
1.703513698979377828e-05
2.079210183155464302e-05
1.425353328998619362e-05
1.454898326162472588e-05
1.092909459297845601e-05
1.146998097121451362e-05
1.465757415483557695e-05
1.246360785200005811e-05
5.844140818999100906e-06
7.131339545205850607e-06
7.080478592519612010e-06
6.997696015449330210e-06
4.970293719136032919e-06
7.689088849732915050e-06
5.413725341207985405e-06
5.925623461428662986e-06
7.101078588660031277e-06
7.530529071282889780e-06
3.709957609720853326e-06
4.018697318699983758e-06
5.234837820355286933e-06
5.091013143380194097e-06
5.383358629022618905e-06
6.592093364134873926e-06
6.032900052217958578e-06
3.384404584862336983e-06
2.656657761662090819e-06
2.347439846863649278e-06
2.263183341452545792e-06
2.674317846108195015e-06
2.314011266939269111e-06
1.953335069104133013e-06
2.169087565246249641e-06
2.316061224130297908e-06
2.472797011612906394e-06
2.259090864213699635e-06
1.961161159152970539e-06
1.867855154949336205e-06
2.054983054724908541e-06
2.132822706145613148e-06
2.190661786629755997e-06
2.070998505162981559e-06
2.251845853085092906e-06
2.399880350931360761e-06
2.691063881280031747e-06
2.833513670165101853e-06
2.326718447101607316e-06
2.375496935494787475e-06
3.076179102952109587e-06
3.151494991227277109e-06
3.155472413179529364e-06
3.117238844062982692e-06
3.038138826307149601e-06
2.927088326390402677e-06
2.922707403097984189e-06
2.983977244213096308e-06
3.092743513727377927e-06
3.149222847520533758e-06
3.154254213954639432e-06
3.152938878437086492e-06
2.290320216429507935e-06
2.409661543597635244e-07
4.468778943889635370e-08
1.694065894508600678e-21
1.694065894508600678e-21
1.694065894508600678e-21
1.694065894508600678e-21
1.694065894508600678e-21
1.694065894508600678e-21
1.694065894508600678e-21
1.694065894508600678e-21
1.694065894508600678e-21
1.694065894508600678e-21
1.694065894508600678e-21
1.694065894508600678e-21
