4.329371997443586320e-03
1.186796736124620406e-03
1.569938934907032973e-03
3.671531036961116472e-03
3.921359967280995014e-03
1.532276720233764723e-03
1.917832951045853355e-03
1.115413639980306374e-03
2.897187978022515691e-04
9.470635050812698267e-04
6.962162247276772664e-04
1.992144006543218875e-04
2.969664308780038111e-04
2.868818441226329103e-04
8.530785501515099399e-05
1.346069279900264889e-04
1.767434241921822871e-04
1.380775801475008532e-04
2.108241744617754564e-04
1.753269581868701341e-04
1.023655978071527384e-04
1.055115808116252623e-04
1.133034342986222073e-04
7.276899439672197985e-05
8.176908026722760708e-05
4.772241091999132010e-05
3.874181344533188633e-05
5.543391753808469771e-05
6.251373050411515467e-05
5.480904739242133014e-05
4.300624741574419780e-05
5.054120197706709998e-05
4.514350718344805604e-05
1.921924818956346828e-05
1.717296901063611303e-05
1.784305951442580578e-05
1.414532371309374945e-05
1.861973258103385265e-05
2.523925957598749506e-05
3.164164978488739297e-05
2.768974781945061911e-05
1.729413273278458278e-05
1.574331929837994004e-05
2.031049443764437843e-05
1.417030089413594683e-05
1.260004053532463706e-05
1.718308012221608696e-05
1.558581354050494547e-05
1.860843538093533996e-05
1.434514216805412769e-05
1.139343621532688676e-05
1.043621946370510761e-05
8.544121046317646218e-06
8.368298217992442016e-06
6.500459897828604435e-06
6.963960874105554597e-06
8.081416905638046257e-06
7.167874318269229238e-06
7.720226309756327408e-06
6.998943384895266243e-06
6.270680984182316644e-06
5.329637253938571909e-06
4.482141774842296295e-06
4.144094051856714081e-06
4.125032929888088439e-06
3.588916475498828082e-06
2.818886656206674879e-06
2.439590514056212503e-06
2.303230701436913689e-06
2.043452648282540301e-06
1.811090665122267965e-06
1.701711211639938323e-06
1.867364957659319801e-06
2.152984287106686592e-06
2.492505522079236734e-06
2.852871887211682445e-06
2.913199136604415344e-06
2.613252475831141030e-06
2.166022493915338802e-06
2.037362963115082742e-06
2.334248520898679364e-06
2.706278819825670950e-06
2.834873433895541080e-06
2.775385898564785497e-06
2.949183004387284467e-06
3.151912927511718691e-06
3.779998319140425632e-07
3.280587549626203543e-07
2.765210321778481482e-07
2.372293594109986947e-07
1.367408889689122640e-07
1.861801828034652405e-07
0.000000000000000000e+00
0.000000000000000000e+00
0.000000000000000000e+00
0.000000000000000000e+00
0.000000000000000000e+00
0.000000000000000000e+00
0.000000000000000000e+00
0.000000000000000000e+00
