7.848521927771199506e-04
8.992556862031593533e-04
2.360124453880581296e-04
3.555669527451759695e-04
2.161567328710373029e-04
1.120302359184684052e-04
5.568386228181113447e-05
2.207083701670735563e-05
3.670694750864077872e-05
1.500301320403191642e-05
1.760981765771801240e-05
1.731146391968636208e-05
8.980025525616504192e-06
7.805542403426644389e-06
4.552225771158092564e-06
2.358909442986328500e-06
4.405164795933067848e-06
2.505531114480360412e-06
2.416188260015191139e-06
1.450505004515444819e-06
1.710206288138565373e-06
1.698086511714122443e-06
1.405445077858492308e-06
1.202459041112727695e-06
1.351121363009672017e-06
1.333215888578854093e-06
1.468935432503171263e-06
1.510652748085934782e-06
1.318594447172640815e-06
1.571817446166654899e-06
1.587699250359669766e-06
1.712781043815206836e-06
1.963776743008750449e-06
2.615195277771669552e-06
3.090743303332717048e-06
9.586851172348233003e-07
7.756995932375782862e-07
7.251066984676387364e-07
6.008944839155320110e-07
5.265276449842230296e-07
4.977724402726389417e-07
5.109580835666278237e-07
5.068419108093104914e-07
4.240285153492470158e-07
4.855104361738970332e-07
3.817829658227626246e-07
4.253620379487417215e-07
3.848317167960235280e-07
2.176944569865467416e-07
2.176944569865467416e-07
1.694065894508600678e-21
1.694065894508600678e-21
1.694065894508600678e-21
1.694065894508600678e-21
1.694065894508600678e-21
1.694065894508600678e-21
1.694065894508600678e-21
1.694065894508600678e-21
1.694065894508600678e-21
1.694065894508600678e-21
1.694065894508600678e-21
1.694065894508600678e-21
1.694065894508600678e-21
1.694065894508600678e-21
1.694065894508600678e-21
1.694065894508600678e-21
1.694065894508600678e-21
1.694065894508600678e-21
1.694065894508600678e-21
1.694065894508600678e-21
1.694065894508600678e-21
1.694065894508600678e-21
1.694065894508600678e-21
1.694065894508600678e-21
1.694065894508600678e-21
1.694065894508600678e-21
1.694065894508600678e-21
1.694065894508600678e-21
1.694065894508600678e-21
1.694065894508600678e-21
1.694065894508600678e-21
1.694065894508600678e-21
1.694065894508600678e-21
1.694065894508600678e-21
1.694065894508600678e-21
1.694065894508600678e-21
1.694065894508600678e-21
1.694065894508600678e-21
1.694065894508600678e-21
1.694065894508600678e-21
1.694065894508600678e-21
1.694065894508600678e-21
1.694065894508600678e-21
1.694065894508600678e-21
1.694065894508600678e-21
1.694065894508600678e-21
1.694065894508600678e-21
1.694065894508600678e-21
1.694065894508600678e-21
1.694065894508600678e-21
