1.322102274152325754e-03
2.208792641754530380e-03
3.316836121137874344e-04
4.580057020956716839e-04
4.441273777290880779e-04
9.898040227543346834e-05
4.035492673740782897e-05
5.738275022040364336e-05
7.493337788562000779e-05
3.751249326358987481e-05
3.160096076169835726e-05
1.909739892164637095e-05
1.127077370489342076e-05
1.265385526904619838e-05
8.039903248090770398e-06
6.191258953058784074e-06
8.421508982328011327e-06
5.927356841880756533e-06
6.785259317553263904e-06
5.099814504686075469e-06
3.978748603500171192e-06
4.145294261676408512e-06
3.522416092245192609e-06
4.275656771947235660e-06
3.796728017775301000e-06
3.265521550244789073e-06
4.477394380698454103e-06
3.893357363807844425e-06
2.572063923700542841e-06
2.508222531689228240e-06
2.811087818622618483e-06
2.714405491395752765e-06
2.306357287124398878e-06
2.332066461958798810e-06
2.850195934061396878e-06
3.164039706797566588e-06
2.471547505047255784e-06
3.367518076662248346e-06
3.244984197897739743e-06
2.944174869360714393e-06
2.183669396343707651e-06
2.095765911451423690e-06
2.199114380677940087e-06
2.164596324164977666e-06
2.091879823054873767e-06
2.205643778734292322e-06
2.431663674040474719e-06
2.467563658364012392e-06
2.290131432420235902e-06
2.270116611662408448e-06
2.108982600761136220e-06
2.068873238137489027e-06
2.052706126112549759e-06
2.309690082970044906e-06
2.405147052576641886e-06
2.346703460727243610e-06
2.389393748080126485e-06
2.586582064406646635e-06
2.753900841027611146e-06
2.765484986455351353e-06
2.805237147232433059e-06
2.857291521948719037e-06
2.983448768153068570e-06
3.041704160315581059e-06
2.998527624084162472e-06
3.079781188203127059e-06
3.149585429342111383e-06
2.479852072239669203e-06
2.481649683950177002e-06
3.120870175821300052e-06
3.223373666134180926e-06
3.233753175390139072e-06
3.209901370259161228e-06
3.129647933757290854e-06
3.094193904299077879e-06
3.113948397602824100e-06
3.221681251288898234e-06
3.234268275232372377e-06
3.216024015065463974e-06
3.213052522898972298e-06
3.011226074898323331e-06
9.220537611877470885e-07
6.012417699146500660e-07
4.075012612466594727e-07
3.406795955341150120e-07
1.626831597006685882e-07
0.000000000000000000e+00
0.000000000000000000e+00
0.000000000000000000e+00
0.000000000000000000e+00
0.000000000000000000e+00
0.000000000000000000e+00
0.000000000000000000e+00
0.000000000000000000e+00
0.000000000000000000e+00
0.000000000000000000e+00
0.000000000000000000e+00
0.000000000000000000e+00
0.000000000000000000e+00
0.000000000000000000e+00
