2.749190877139953432e-03
4.874956564797651090e-03
7.408135803245708383e-04
4.947867863742876158e-04
1.453155429940280021e-03
7.404759382985180802e-04
2.363270531641511302e-04
2.610903776332143132e-04
6.557299488416229167e-05
7.078189027639375573e-05
8.539468399858948723e-05
1.179936375959941971e-04
9.090580618266774001e-05
3.746323815272703485e-05
3.526667320226284683e-05
2.658309664940013549e-05
2.767362009596429300e-05
3.569442648552269325e-05
2.769854764414407823e-05
2.020570229971863834e-05
1.081884611240021974e-05
1.574926714283301937e-05
1.138877029925182042e-05
1.877086236463946709e-05
1.282878715890695470e-05
1.071635308207534555e-05
1.245661247275766654e-05
8.161127991072105467e-06
1.084382726793406660e-05
8.427543367256570166e-06
8.488937375966373853e-06
1.063830157968043022e-05
5.342492660189829551e-06
4.335034461660930031e-06
9.278302016998083771e-06
7.705908888034553270e-06
8.621631604828624849e-06
9.360112672114275525e-06
6.548307125136841519e-06
4.781984736223175206e-06
7.899856043195563237e-06
4.216084079403968347e-06
3.886990530086476522e-06
2.862281462471587275e-06
3.228524487802956402e-06
4.371677076226226687e-06
3.214781894114804179e-06
3.108434892546644260e-06
3.336739801489693913e-06
3.591951466229709403e-06
3.404378337303414452e-06
4.210307168110809601e-06
3.827587426532742554e-06
3.236633169140142871e-06
2.807506274721337395e-06
2.921649999071770699e-06
3.065958992824828252e-06
2.432377312543470808e-06
2.229626751794441897e-06
2.279853146968514889e-06
2.160263237973257624e-06
2.061719242653440832e-06
2.004727258921168273e-06
2.151224015141384855e-06
2.368122899526088339e-06
2.531811191359015858e-06
2.786326517209643892e-06
2.182914129984108077e-06
2.185040718830447560e-06
3.119768948688451212e-06
3.218431395984884627e-06
3.176502649492559158e-06
3.062829112316694044e-06
2.861904620194790368e-06
2.853957139542725103e-06
3.033633599142463814e-06
3.156667373540611482e-06
3.210139309791798517e-06
3.223981075227853163e-06
3.251144817150328798e-06
2.025645720251943143e-06
2.182711456114869608e-07
1.694065894508600678e-21
1.694065894508600678e-21
1.694065894508600678e-21
1.694065894508600678e-21
1.694065894508600678e-21
1.694065894508600678e-21
1.694065894508600678e-21
1.694065894508600678e-21
1.694065894508600678e-21
1.694065894508600678e-21
1.694065894508600678e-21
1.694065894508600678e-21
1.694065894508600678e-21
1.694065894508600678e-21
1.694065894508600678e-21
1.694065894508600678e-21
1.694065894508600678e-21
1.694065894508600678e-21
