5.328215007625758393e-03
1.188179215334748615e-02
2.036353476736728948e-03
1.972387503030583692e-03
3.700040778874513856e-03
2.563632942535750553e-03
1.548215645641965376e-03
2.451265114054133757e-04
1.518822111249837218e-03
5.647252753868460019e-04
2.706054735254840031e-04
5.582506905518643241e-04
1.724009481422194841e-04
1.089628379584573609e-04
6.971240910172070654e-05
1.238750911650596752e-04
1.309519211597605847e-04
1.094452137709753204e-04
1.598974508374101464e-04
7.956152713025042573e-05
7.240311242935565199e-05
4.767304712889243202e-05
3.503768122841465150e-05
3.916382596123953224e-05
4.811592509056167912e-05
3.002562025269200254e-05
3.989571593905289149e-05
5.490688640385962003e-05
4.737475499104879575e-05
5.238565612138357052e-05
3.253377575240056467e-05
2.300820326211067880e-05
2.831334892116383093e-05
2.527567754279624586e-05
2.415247348195497315e-05
2.494215766190475430e-05
3.301048598734534828e-05
3.056751417147637878e-05
2.262677969768175085e-05
2.362339397745961481e-05
1.671731420284078742e-05
2.658420961048095491e-05
1.515306048783865425e-05
1.662983766895812329e-05
1.941761373347408007e-05
2.038843081056137708e-05
1.212845665848532628e-05
1.078708544008639581e-05
8.862619389710066443e-06
6.708414600292083674e-06
5.971295250037004575e-06
8.879448961564352750e-06
9.878293067841308999e-06
7.750308301632265710e-06
7.336530867147539831e-06
6.759547667485203814e-06
6.409013442907988210e-06
6.113911159421593240e-06
5.645262074868685902e-06
5.757877938214109366e-06
5.915921131276914629e-06
5.345837683721054720e-06
3.673645973479192453e-06
3.365368663224209554e-06
3.045240837076030407e-06
2.493526330219116772e-06
2.333298347804452814e-06
1.960170455326879720e-06
1.845415360652887457e-06
2.105870688135410926e-06
2.545175061527902122e-06
2.748243617077104922e-06
2.604688131770600991e-06
1.804762003317750205e-06
1.840114445874204873e-06
2.009611880953069293e-06
2.197645974916307585e-06
2.455858701588507132e-06
2.452743351914133691e-06
2.707644388916135801e-06
3.096442804112104346e-06
5.408021281187661576e-07
0.000000000000000000e+00
0.000000000000000000e+00
0.000000000000000000e+00
0.000000000000000000e+00
0.000000000000000000e+00
0.000000000000000000e+00
0.000000000000000000e+00
0.000000000000000000e+00
0.000000000000000000e+00
0.000000000000000000e+00
0.000000000000000000e+00
0.000000000000000000e+00
0.000000000000000000e+00
0.000000000000000000e+00
0.000000000000000000e+00
0.000000000000000000e+00
0.000000000000000000e+00
0.000000000000000000e+00
