7.020110528779087552e-04
7.639811306484795049e-04
1.833674174281802729e-04
2.497396760887460386e-04
1.344843568343898174e-04
1.285883135471877891e-04
2.794095686967567813e-05
1.612495761010407066e-05
1.790392539538999400e-05
1.570698867232797806e-05
2.427637528411576051e-05
7.216163373427340462e-06
5.160744642800972498e-06
5.069448012756431130e-06
3.777252912258119421e-06
3.917822447443593485e-06
5.453997326654747616e-06
3.815987096505628867e-06
2.644720327018042651e-06
2.428845970591644507e-06
2.451893547577389931e-06
1.937128158119567936e-06
1.877481503633972133e-06
2.014005980263659117e-06
2.129734058776706557e-06
2.423147392357735159e-06
1.835262018762576244e-06
1.776125594133320566e-06
1.747297726836189224e-06
1.714353943536532220e-06
1.841081155725067800e-06
1.652282597527761791e-06
1.766992776877890603e-06
1.909046244651086161e-06
2.267197304352506353e-06
2.161545661354671660e-06
1.797501233189457416e-06
2.125427234079842933e-06
2.281144619225848872e-06
2.425352234993596593e-06
2.173442443926569056e-06
2.212336516785797849e-06
2.381874707294724963e-06
2.693534624614588416e-06
2.712423508045191118e-06
2.636811094768804488e-06
2.631791392702901031e-06
2.632258684542832742e-06
2.618994624255509837e-06
2.689334684291809473e-06
2.693429699681991719e-06
2.429188647765093069e-06
2.383387238250227504e-06
2.642384647535440228e-06
2.714018696310227333e-06
2.776569124239782361e-06
2.938400499830848594e-06
3.025575439117716659e-06
3.028995295635470491e-06
3.062510288641945893e-06
3.113530337800623337e-06
3.108101122628417541e-06
2.928845348997594732e-06
2.304827700582598202e-06
2.336826467300411448e-06
3.086216519310949695e-06
3.155447699365581769e-06
3.120974737143096057e-06
3.071205750072030225e-06
3.031540668963072478e-06
3.081655907863945552e-06
3.131425349150810556e-06
3.140845081062962938e-06
3.156660126221779250e-06
3.162115658987749281e-06
2.800704898783578227e-06
8.577185414113587798e-07
1.975470306508477735e-07
0.000000000000000000e+00
0.000000000000000000e+00
0.000000000000000000e+00
0.000000000000000000e+00
0.000000000000000000e+00
0.000000000000000000e+00
0.000000000000000000e+00
0.000000000000000000e+00
0.000000000000000000e+00
0.000000000000000000e+00
0.000000000000000000e+00
0.000000000000000000e+00
0.000000000000000000e+00
0.000000000000000000e+00
0.000000000000000000e+00
0.000000000000000000e+00
0.000000000000000000e+00
0.000000000000000000e+00
0.000000000000000000e+00
0.000000000000000000e+00
0.000000000000000000e+00
0.000000000000000000e+00
