2.221912973945543938e-03
1.819288134555567711e-03
7.260512101563434094e-04
8.426694478913173423e-04
1.239044804519178183e-03
1.084491289587812424e-03
3.194710525233317579e-04
1.303377810774279243e-04
1.142159434732553083e-04
7.686175500082918441e-05
1.094378716474862068e-04
1.072321605432236864e-04
5.170692770947077669e-05
4.121097224667630851e-05
1.308008407260743714e-05
1.981613794366182495e-05
4.029295935744380729e-05
4.053447725561673548e-05
1.994753474982521483e-05
1.494711940952509013e-05
2.551432475201588084e-05
1.464689109549486110e-05
1.932994513246505923e-05
9.688509197703466664e-06
7.577438932208962028e-06
9.667655306857730199e-06
7.463942805115405667e-06
7.861386988988293948e-06
1.164456631787725081e-05
5.242401185477577024e-06
4.364239399433674046e-06
6.019302050362172375e-06
7.100886216097844201e-06
9.275428491653703891e-06
7.204613584082309324e-06
8.630310369042780254e-06
4.556841575099652449e-06
6.038981377237008085e-06
4.460669455140079947e-06
3.028420757931187261e-06
4.288421008574957778e-06
5.076398347476411399e-06
7.427477185773564030e-06
5.326368583169584900e-06
3.486139651977201488e-06
2.125821903193477553e-06
2.077395485498038261e-06
2.309228203890965349e-06
3.446342223737886292e-06
2.689802828580042815e-06
2.009176323337056378e-06
2.232510576444604678e-06
2.228185803613728275e-06
2.108161397880704662e-06
2.036673132353473908e-06
2.048578126882974483e-06
2.032101587065429409e-06
2.018844588166379304e-06
1.989207014175471958e-06
2.103700798419991977e-06
2.477911075816514846e-06
2.727725980550706051e-06
2.821440991709276948e-06
2.271617612697465486e-06
2.304709237744492919e-06
3.085066720627213806e-06
3.143115629982838027e-06
3.142024176956583293e-06
3.016312958070234726e-06
2.932651761916452937e-06
2.972978398809843908e-06
3.071840669919902346e-06
3.149079068644564901e-06
3.149722220418813981e-06
3.153796310293182818e-06
2.305262953170992184e-06
4.645743819251927475e-07
2.007068471576172402e-07
0.000000000000000000e+00
0.000000000000000000e+00
0.000000000000000000e+00
0.000000000000000000e+00
0.000000000000000000e+00
0.000000000000000000e+00
0.000000000000000000e+00
0.000000000000000000e+00
0.000000000000000000e+00
0.000000000000000000e+00
0.000000000000000000e+00
0.000000000000000000e+00
0.000000000000000000e+00
0.000000000000000000e+00
0.000000000000000000e+00
0.000000000000000000e+00
0.000000000000000000e+00
0.000000000000000000e+00
0.000000000000000000e+00
0.000000000000000000e+00
0.000000000000000000e+00
0.000000000000000000e+00
