2.055768846909290012e-03
2.877598943168972485e-03
4.416250537251881583e-04
8.516502570021921171e-04
4.157650552320248604e-04
5.997975066676309230e-04
2.784590633517539625e-04
3.651514757790883014e-04
1.866221073268189306e-04
1.432137139644455606e-04
9.011255580119076391e-05
9.512813339679903355e-05
3.426140921595592366e-05
7.175982684303781954e-05
2.547631113466516256e-05
1.923169331823644304e-05
6.683547003866712041e-05
6.300532705610113868e-05
2.638605232334540526e-05
1.809770215877945661e-05
3.078069765106375698e-05
1.839448367044512267e-05
2.069285346724949735e-05
2.134443325972567069e-05
2.427653779505243767e-05
1.085342994493461734e-05
1.459692322357991689e-05
1.619113204986705128e-05
1.454744516932402959e-05
1.012590121146366939e-05
8.663696403307199716e-06
9.210657328674411835e-06
7.637780854796983636e-06
9.933253580431515854e-06
1.908143397719290908e-05
1.441996334499624290e-05
9.508759717237232547e-06
1.020601049660028309e-05
6.957324754176508198e-06
5.433469723139488661e-06
5.256663293437672660e-06
7.801566998689976853e-06
6.509102623705839283e-06
6.950257155022995128e-06
5.279798671881486634e-06
5.340198660727611397e-06
4.638821716900602654e-06
4.428564314424136691e-06
6.512795307402371727e-06
4.448345196800247383e-06
3.730686924003396730e-06
3.771671168537708637e-06
3.383991249115135111e-06
2.542170409454344351e-06
2.729819049746928966e-06
2.789216671814157830e-06
2.710843375427301289e-06
2.368604438230744771e-06
2.105387460268417997e-06
1.869502670472217906e-06
2.219322069788769347e-06
2.371284673077009112e-06
2.338260739327862428e-06
2.249056103255262586e-06
2.571468130186470574e-06
3.142470965988817800e-06
3.200375614868059845e-06
3.088186057601380328e-06
2.538673024221659965e-06
2.488072296606969657e-06
2.784335990556117862e-06
3.092099235949113426e-06
3.133350360717519775e-06
3.180638720872641235e-06
3.270462683380897286e-06
1.875643931646812674e-06
2.510677931381124002e-07
0.000000000000000000e+00
0.000000000000000000e+00
0.000000000000000000e+00
0.000000000000000000e+00
0.000000000000000000e+00
0.000000000000000000e+00
0.000000000000000000e+00
0.000000000000000000e+00
0.000000000000000000e+00
0.000000000000000000e+00
0.000000000000000000e+00
0.000000000000000000e+00
0.000000000000000000e+00
0.000000000000000000e+00
0.000000000000000000e+00
0.000000000000000000e+00
0.000000000000000000e+00
0.000000000000000000e+00
0.000000000000000000e+00
0.000000000000000000e+00
0.000000000000000000e+00
0.000000000000000000e+00
0.000000000000000000e+00
