3.829055474414955283e-03
4.702032087658516817e-03
1.000079012494781540e-03
1.943159643474316658e-03
2.177890568362599640e-03
2.859795016486009218e-03
6.344804355142996287e-04
5.140176971128999255e-04
6.872955303038187462e-04
2.996245810009783017e-04
2.188412551612372735e-04
1.923819271826253136e-04
1.054916490796993278e-04
1.363034387605166877e-04
1.005568400197065081e-04
1.131956280689915120e-04
1.112414636229089315e-04
1.269492103305942571e-04
7.458307068989721445e-05
8.827313792500034607e-05
6.088708414660730660e-05
5.141489712776494520e-05
4.524076434328132219e-05
5.104637730702561477e-05
7.903417708446191072e-05
6.122962074011975282e-05
5.120378257494084839e-05
4.824876456590431747e-05
6.347976679063897960e-05
5.047374479847209906e-05
2.658966715544938073e-05
1.871664209502636771e-05
2.027591620318451229e-05
3.757285708295418836e-05
2.857518630119660713e-05
2.565923673590123359e-05
3.212419907487005242e-05
3.977627737695223095e-05
3.565182445183868250e-05
2.726196563709724595e-05
1.985497660584016965e-05
3.074927857469362012e-05
2.233346361290140680e-05
1.626935069649280410e-05
1.308394732809752478e-05
1.440797699669743246e-05
1.287183287801573892e-05
1.300972015401395083e-05
1.781151731115780421e-05
1.281533340774462126e-05
1.223972258226120110e-05
8.429032117945139304e-06
8.287930139214351899e-06
8.433528727458832177e-06
7.975964697532735977e-06
7.738616570130744279e-06
7.055329900434053208e-06
7.526031255033194381e-06
5.226966821068328369e-06
5.209971033877695057e-06
4.855733716166197034e-06
4.486532751596086791e-06
4.084921490245484844e-06
4.002154318410846635e-06
3.950028081378872743e-06
4.016088592838134535e-06
4.017839018974054612e-06
3.956404291213261230e-06
3.871520847667062199e-06
3.753550536441405045e-06
3.791048157473322740e-06
3.910106115628198068e-06
4.039827722265285881e-06
3.961049250926247887e-06
2.893618302668816607e-06
1.063308139448700069e-06
0.000000000000000000e+00
0.000000000000000000e+00
0.000000000000000000e+00
0.000000000000000000e+00
0.000000000000000000e+00
0.000000000000000000e+00
0.000000000000000000e+00
0.000000000000000000e+00
0.000000000000000000e+00
0.000000000000000000e+00
0.000000000000000000e+00
0.000000000000000000e+00
0.000000000000000000e+00
0.000000000000000000e+00
0.000000000000000000e+00
0.000000000000000000e+00
0.000000000000000000e+00
0.000000000000000000e+00
0.000000000000000000e+00
0.000000000000000000e+00
0.000000000000000000e+00
0.000000000000000000e+00
0.000000000000000000e+00
0.000000000000000000e+00
