1.996907124442886031e-04
7.890966270822852768e-04
2.775368538536612177e-04
2.637092278098689428e-04
8.272906365370731889e-05
1.401716655211877438e-04
2.823747808822191542e-05
2.819326103991671892e-05
3.907145386714852114e-05
1.524786837049109571e-05
1.682188712741412821e-05
1.120391839615512797e-05
4.667357145344558880e-06
6.532291569915528615e-06
3.285814030623355071e-06
2.164956711985612843e-06
2.539726656672985608e-06
2.056428585721712041e-06
1.565036174443427024e-06
1.386903293572991311e-06
1.667035369262869224e-06
1.226031863625736546e-06
1.396552891164297287e-06
1.385586383414844090e-06
1.278229935542200144e-06
1.512670654021757095e-06
1.469295665948760022e-06
2.103005684028389471e-06
2.171241082820026797e-06
2.276140580062165798e-06
3.099320250798654338e-06
6.366155060511835498e-07
5.731257884204472679e-07
5.453690351678949658e-07
5.281364971512626290e-07
5.365805410192863131e-07
4.962340121836745805e-07
4.436936677131213650e-07
4.473729726321221559e-07
4.322441866231707707e-07
4.106177988180585572e-07
4.168958654998732807e-07
3.723505877757747992e-07
2.871885011013053338e-07
3.246882075052640852e-07
2.066744364476007520e-07
0.000000000000000000e+00
0.000000000000000000e+00
0.000000000000000000e+00
0.000000000000000000e+00
0.000000000000000000e+00
0.000000000000000000e+00
0.000000000000000000e+00
0.000000000000000000e+00
0.000000000000000000e+00
0.000000000000000000e+00
0.000000000000000000e+00
0.000000000000000000e+00
0.000000000000000000e+00
0.000000000000000000e+00
0.000000000000000000e+00
0.000000000000000000e+00
0.000000000000000000e+00
0.000000000000000000e+00
0.000000000000000000e+00
0.000000000000000000e+00
0.000000000000000000e+00
0.000000000000000000e+00
0.000000000000000000e+00
0.000000000000000000e+00
0.000000000000000000e+00
0.000000000000000000e+00
0.000000000000000000e+00
0.000000000000000000e+00
0.000000000000000000e+00
0.000000000000000000e+00
0.000000000000000000e+00
0.000000000000000000e+00
0.000000000000000000e+00
0.000000000000000000e+00
0.000000000000000000e+00
0.000000000000000000e+00
0.000000000000000000e+00
0.000000000000000000e+00
0.000000000000000000e+00
0.000000000000000000e+00
0.000000000000000000e+00
0.000000000000000000e+00
0.000000000000000000e+00
0.000000000000000000e+00
0.000000000000000000e+00
0.000000000000000000e+00
0.000000000000000000e+00
0.000000000000000000e+00
0.000000000000000000e+00
0.000000000000000000e+00
0.000000000000000000e+00
0.000000000000000000e+00
0.000000000000000000e+00
0.000000000000000000e+00
