3.882507274448383392e-04
1.672865061563590322e-03
1.130430143055980450e-03
7.385602638252807169e-04
6.062579142546742654e-04
2.084190679803647164e-04
1.177134268387598965e-04
1.907686152640123323e-04
1.854892687068209801e-04
9.543689031971123776e-05
2.128158276579817428e-04
2.183113454424107102e-04
1.087078596074888561e-04
1.839949050510103327e-04
9.491287642424880977e-05
3.262013835579320817e-05
4.604950575814978261e-05
4.902300319515876572e-05
1.123988394400964307e-04
2.996030605303596326e-05
1.848203570169141695e-05
6.232617080810034257e-05
1.732193508727664183e-05
1.503373530834838414e-05
1.492512338628074776e-05
1.195134803565418483e-05
9.660757590354775943e-06
1.849554559295768212e-05
9.693876536000090700e-06
1.015932517399395507e-05
7.240797431546189593e-06
9.074294979737101819e-06
4.866671540774371943e-06
1.140986915896735477e-05
5.517188984340112680e-06
3.949044517707069465e-06
5.507780869977613213e-06
4.134693528939372046e-06
4.064425466569517263e-06
4.412211547410949404e-06
5.249500735114741739e-06
4.426389924760208644e-06
3.293649249179651808e-06
4.753367398646492594e-06
5.400443065550316291e-06
5.723006610141879008e-06
5.174323502104000901e-06
4.630796252539810866e-06
4.572122952968555979e-06
2.857525735288908994e-06
3.355879689079084331e-06
3.223473180589311572e-06
3.257796454854204368e-06
3.618072995679123604e-06
3.934381882280608570e-06
4.216616162659019977e-06
3.421327617750970818e-06
2.424681616056291761e-06
2.434306247883713745e-06
3.086155878005874198e-06
3.207040729531235136e-06
3.542073291371122542e-06
3.762167656714190380e-06
3.371728814851765707e-06
2.918687874159733429e-06
3.159805508179783465e-06
3.047551740772924031e-06
3.242180867021741860e-06
3.425931277729679020e-06
3.664828810316834950e-06
3.482489813561827538e-06
2.813483355926422922e-06
2.561931189154438608e-06
2.415263051272946513e-06
2.257413099046861205e-06
2.254280671796035673e-06
2.318835839889725761e-06
2.455808540225533021e-06
1.958404007733547887e-06
1.958861069134532674e-06
1.850662543729190431e-06
1.837064513607830075e-06
2.039002892038127272e-06
2.151834070617373105e-06
2.172568030401844321e-06
2.357021895989668595e-06
2.647825924158352278e-06
2.998383113166596136e-06
2.991402657346353958e-06
2.065723864453365635e-06
1.907038062749614490e-07
1.887585900386640874e-07
1.834426483717017251e-07
1.694065894508600678e-21
1.694065894508600678e-21
1.694065894508600678e-21
1.694065894508600678e-21
1.694065894508600678e-21
1.694065894508600678e-21
1.694065894508600678e-21
