3.069208626046025161e-04
3.515165602508462175e-03
1.105949529432588650e-03
1.311889231584530092e-03
2.263479587200000094e-03
7.483381383719282581e-04
3.338575927188631521e-04
2.741029709102707186e-04
1.431365767664693350e-04
6.923000489273853050e-05
9.214367445161315850e-05
1.026435697433087106e-04
6.618138545262260120e-05
3.929809508497541799e-05
4.187519822854896722e-05
4.032244052302155540e-05
4.031559078992973664e-05
3.426863257319494750e-05
1.930631192888572053e-05
1.248119220917586018e-05
1.103201620715005996e-05
9.256892826783649753e-06
7.447194582038806466e-06
9.526658024683210820e-06
1.285415722805231017e-05
9.635977971697593859e-06
7.552247365320738406e-06
4.772201944275590727e-06
3.370623085477934274e-06
6.867734558922568499e-06
2.463768820048338052e-06
2.874628401398968588e-06
7.832005993045691466e-07
6.705291882410566586e-07
6.900017218949231914e-07
6.369920003950873916e-07
5.934723333742978497e-07
5.674626054691620736e-07
9.848740803779957394e-07
7.437311058572945808e-07
4.698643352832129854e-07
4.773042518910099790e-07
4.635543993884280422e-07
3.998084585066239016e-07
6.180325088511745427e-07
3.030764689066125405e-07
2.165667854120141076e-07
2.314159465801168002e-07
0.000000000000000000e+00
0.000000000000000000e+00
0.000000000000000000e+00
0.000000000000000000e+00
0.000000000000000000e+00
0.000000000000000000e+00
0.000000000000000000e+00
0.000000000000000000e+00
0.000000000000000000e+00
0.000000000000000000e+00
0.000000000000000000e+00
0.000000000000000000e+00
0.000000000000000000e+00
0.000000000000000000e+00
0.000000000000000000e+00
0.000000000000000000e+00
0.000000000000000000e+00
0.000000000000000000e+00
0.000000000000000000e+00
0.000000000000000000e+00
0.000000000000000000e+00
0.000000000000000000e+00
0.000000000000000000e+00
0.000000000000000000e+00
0.000000000000000000e+00
0.000000000000000000e+00
0.000000000000000000e+00
0.000000000000000000e+00
0.000000000000000000e+00
0.000000000000000000e+00
0.000000000000000000e+00
0.000000000000000000e+00
0.000000000000000000e+00
0.000000000000000000e+00
0.000000000000000000e+00
0.000000000000000000e+00
0.000000000000000000e+00
0.000000000000000000e+00
0.000000000000000000e+00
0.000000000000000000e+00
0.000000000000000000e+00
0.000000000000000000e+00
0.000000000000000000e+00
0.000000000000000000e+00
0.000000000000000000e+00
0.000000000000000000e+00
0.000000000000000000e+00
0.000000000000000000e+00
0.000000000000000000e+00
0.000000000000000000e+00
0.000000000000000000e+00
0.000000000000000000e+00
