6.694219598451906471e-04
3.642806036098594769e-03
1.599006023894581447e-03
1.482300801765609397e-03
1.610517266006906935e-03
1.316156708965789904e-03
3.809183083178979061e-04
2.747968766309726767e-04
4.210281439503165595e-04
1.079079141902574801e-04
1.880727115694761232e-04
2.385280623026678030e-04
2.094895042095398015e-04
1.107268575756438224e-04
6.144759962839730597e-05
1.521008476609650851e-04
1.979081156019330315e-04
1.471240921761641856e-04
7.159733103357075279e-05
5.601917525031503990e-05
5.401585105496908227e-05
4.773555888742663655e-05
1.722397560587014603e-05
3.498005220886773629e-05
3.382926699919830828e-05
2.656887087559346196e-05
4.517571714017552478e-05
2.025797415643731264e-05
1.430328683207490864e-05
1.786306025027891919e-05
9.482819062144007440e-06
7.564389129010744406e-06
2.476102288971632231e-05
1.764781675630147940e-05
2.325346030482596576e-05
9.423392657500282435e-06
5.211894533369675239e-06
7.163651030376087014e-06
9.039872317791370921e-06
1.239168558293561045e-05
1.335119518430201602e-05
6.159496551255052573e-06
6.256790501185238611e-06
3.459725340262042038e-06
3.442364282069374212e-06
3.286138009914435482e-06
5.310502116452652573e-06
5.863300781931704499e-06
3.404259815037655044e-06
2.951033629261733297e-06
2.424046862170601280e-06
2.219804863929141221e-06
2.269288554814493550e-06
2.147992604725013909e-06
1.806795071340043514e-06
1.694197851829388354e-06
1.895126062313648424e-06
2.241230854560156586e-06
2.303195942527160829e-06
1.931168217885684375e-06
2.017453909267689670e-06
2.714993161583612390e-06
3.039156803880137279e-06
3.045815516731853069e-06
2.874506096757742812e-06
2.645435703918041976e-06
2.673343218425687586e-06
2.919573899448225952e-06
3.034503114947511795e-06
3.056937595124454564e-06
3.124891734613644257e-06
2.212899754452978586e-06
4.492179429540352785e-07
3.305347073007520287e-08
1.602849310836592242e-08
0.000000000000000000e+00
0.000000000000000000e+00
0.000000000000000000e+00
0.000000000000000000e+00
0.000000000000000000e+00
0.000000000000000000e+00
0.000000000000000000e+00
0.000000000000000000e+00
0.000000000000000000e+00
0.000000000000000000e+00
0.000000000000000000e+00
0.000000000000000000e+00
0.000000000000000000e+00
0.000000000000000000e+00
0.000000000000000000e+00
0.000000000000000000e+00
0.000000000000000000e+00
0.000000000000000000e+00
0.000000000000000000e+00
0.000000000000000000e+00
0.000000000000000000e+00
0.000000000000000000e+00
0.000000000000000000e+00
0.000000000000000000e+00
0.000000000000000000e+00
