2.515857634884120786e-03
1.519266685761087258e-03
5.183520963844482146e-03
2.762636331717708595e-03
2.627547736734197562e-03
1.252090738766411734e-03
2.425978328260010829e-03
7.923132889676046207e-04
8.850366550619117928e-04
4.943065792647735384e-04
6.570645747677396516e-04
5.350107166513248065e-04
2.643110885927139322e-04
2.718605879807516686e-04
1.076890110140962429e-04
3.937679208740679716e-04
3.375513751870580243e-04
2.395118357534822395e-04
1.499812787141514890e-04
2.080014176779618814e-04
1.556019927520361525e-04
1.033002547917986658e-04
6.903921885202150767e-05
7.529076499963222350e-05
7.949386623278025454e-05
6.585033808936228018e-05
5.001017996679749735e-05
3.031702174189213533e-05
2.860333270212634391e-05
3.524376383083440610e-05
3.043010446172207380e-05
2.500349504461091637e-05
3.206688875573402727e-05
5.075568414857764489e-05
3.055330751121080110e-05
3.098444942455070937e-05
1.303521760522724661e-05
2.409639320974331085e-05
2.756850372478877650e-05
1.910655598992209750e-05
1.031922287522941664e-05
7.190317719593028106e-06
1.088668771278580410e-05
1.251104210656486870e-05
1.540709582694389725e-05
7.065824876536404151e-06
1.429846228468024492e-05
1.297804390878624448e-05
7.950794487370286572e-06
7.794833459088410579e-06
5.421908182699889724e-06
9.340011979033298434e-06
7.303983817985310152e-06
3.945233079941926230e-06
6.573948154384348659e-06
4.840308019312485307e-06
4.074358023310480130e-06
3.078022568885792461e-06
2.412914804067290132e-06
2.634096921172755821e-06
2.375909808976409173e-06
2.488679597725249080e-06
3.107467019783718721e-06
3.324439152358121748e-06
3.291011473418416412e-06
2.895300258362953540e-06
2.686006337342877457e-06
2.685596966683519132e-06
2.955772906039248023e-06
3.240121438858318133e-06
3.287711553411203757e-06
3.421245355072303419e-06
1.176308695396363728e-06
1.072338906841746808e-06
1.090781533181106688e-06
1.056139276201275040e-06
1.060430555395508934e-06
1.013605404775272778e-06
1.016529458713551623e-06
8.394110372305631889e-07
7.954078420895218604e-07
7.898099420211913922e-07
8.247346288999577431e-07
0.000000000000000000e+00
0.000000000000000000e+00
0.000000000000000000e+00
0.000000000000000000e+00
0.000000000000000000e+00
0.000000000000000000e+00
0.000000000000000000e+00
0.000000000000000000e+00
0.000000000000000000e+00
0.000000000000000000e+00
0.000000000000000000e+00
0.000000000000000000e+00
0.000000000000000000e+00
0.000000000000000000e+00
0.000000000000000000e+00
0.000000000000000000e+00
0.000000000000000000e+00
