1.879015174787186833e-03
8.567722188422700457e-04
1.270138415949598849e-03
1.878161373263831455e-03
1.089044726829209751e-04
1.052072679776891359e-04
5.197471261289114154e-05
6.487001831215368072e-05
5.490753564140505867e-05
2.810446136854172973e-05
1.866602626662758945e-05
7.867295415581600809e-06
5.457522128313400985e-06
1.546970303416649034e-05
5.253199985331247694e-06
1.061173719160600834e-05
5.807847385092449358e-06
4.117754247216224149e-06
4.534134242429573440e-06
4.093491275784333526e-06
3.404928969842628537e-06
3.594850245038731767e-06
4.463274946242871098e-06
3.109154610557670093e-06
2.710981390744797347e-06
2.917157758709178412e-06
1.966253517699915574e-06
2.483331835219207867e-06
2.370454733130789104e-06
2.034717428470876506e-06
2.810339752467257895e-06
2.804522025342283218e-06
2.190124638347440861e-06
1.865674101053111669e-06
1.928117391111235221e-06
2.246235317610257892e-06
1.935189504133384138e-06
2.066859491691795287e-06
1.911063730409001021e-06
1.853021046499858483e-06
2.094083736999758356e-06
2.239890306330021533e-06
2.373701327433456487e-06
2.350318960651193773e-06
2.289808366088744638e-06
2.231833775662266874e-06
2.308462565932629915e-06
2.561229228564302532e-06
2.528038628959504229e-06
2.683773946681002390e-06
2.802492182012859308e-06
2.928801242435573008e-06
2.964615581084003689e-06
3.050101536835317941e-06
3.085128983793300256e-06
3.077917110475786686e-06
2.140165116838712487e-06
2.096394145919351556e-06
3.097911509415760351e-06
3.153262444584377856e-06
3.133701727449701413e-06
3.078445629171482946e-06
3.060957946826337095e-06
3.120891506679858236e-06
3.155689222161556493e-06
3.167042858030080846e-06
3.169742734606946247e-06
2.510902042714318938e-06
2.417348128760666625e-07
1.694065894508600678e-21
1.694065894508600678e-21
1.694065894508600678e-21
1.694065894508600678e-21
1.694065894508600678e-21
1.694065894508600678e-21
1.694065894508600678e-21
1.694065894508600678e-21
1.694065894508600678e-21
1.694065894508600678e-21
1.694065894508600678e-21
1.694065894508600678e-21
1.694065894508600678e-21
1.694065894508600678e-21
1.694065894508600678e-21
1.694065894508600678e-21
1.694065894508600678e-21
1.694065894508600678e-21
1.694065894508600678e-21
1.694065894508600678e-21
1.694065894508600678e-21
1.694065894508600678e-21
1.694065894508600678e-21
1.694065894508600678e-21
1.694065894508600678e-21
1.694065894508600678e-21
1.694065894508600678e-21
1.694065894508600678e-21
1.694065894508600678e-21
1.694065894508600678e-21
1.694065894508600678e-21
