3.344155402848042382e-03
1.404906148723707648e-03
2.159647837110226839e-03
2.340873680539098424e-03
9.069821858923421800e-04
5.360803183716003270e-04
4.625567955987134369e-05
9.578564246955760823e-05
7.211772494605503717e-05
7.186703927747436127e-05
4.373994583356438567e-05
1.863347176815691842e-05
4.546350738722563346e-05
2.634105728593453150e-05
2.865014173012932997e-05
1.963903521546462116e-05
1.839597540836680791e-05
8.768119865330700635e-06
1.613409086770384228e-05
1.320330318784080735e-05
1.332119706254714281e-05
7.457858774829965179e-06
9.698620309814991031e-06
7.695649880884942914e-06
8.075177048886400454e-06
8.373238482308070310e-06
5.183448504170120615e-06
8.817130457464386327e-06
6.067438173182511893e-06
5.470028057922244138e-06
9.418406588972099135e-06
7.682138538905718285e-06
4.228624126287605916e-06
3.853757861388598159e-06
2.300113146023911579e-06
2.664605446494819211e-06
2.480600120621829786e-06
3.117935557526559682e-06
3.408942324883051638e-06
2.366861627732129095e-06
2.355343939422685919e-06
2.404754929418272621e-06
2.961697180137913367e-06
2.886017887317362244e-06
2.220661527434026102e-06
2.281252678550948500e-06
2.454472420411948834e-06
2.228167572658425186e-06
2.140789521547889184e-06
1.812081513324941896e-06
1.818130831406959030e-06
1.839908224545524508e-06
2.323871815910015177e-06
2.477757853394763220e-06
2.695372563818367401e-06
2.742386049873899028e-06
2.002388421567846985e-06
2.035903879909656689e-06
3.021041286178991626e-06
3.109117217858882197e-06
3.099000019582022661e-06
2.910467423372873231e-06
2.844694462626956083e-06
3.024816956166390648e-06
3.141424858773334591e-06
3.131302928675985676e-06
3.137560355871138773e-06
2.596306986516568719e-06
4.390190575072131130e-07
0.000000000000000000e+00
0.000000000000000000e+00
0.000000000000000000e+00
0.000000000000000000e+00
0.000000000000000000e+00
0.000000000000000000e+00
0.000000000000000000e+00
0.000000000000000000e+00
0.000000000000000000e+00
0.000000000000000000e+00
0.000000000000000000e+00
0.000000000000000000e+00
0.000000000000000000e+00
0.000000000000000000e+00
0.000000000000000000e+00
0.000000000000000000e+00
0.000000000000000000e+00
0.000000000000000000e+00
0.000000000000000000e+00
0.000000000000000000e+00
0.000000000000000000e+00
0.000000000000000000e+00
0.000000000000000000e+00
0.000000000000000000e+00
0.000000000000000000e+00
0.000000000000000000e+00
0.000000000000000000e+00
0.000000000000000000e+00
0.000000000000000000e+00
0.000000000000000000e+00
0.000000000000000000e+00
