5.275246691822613881e-03
3.137312284593757154e-03
3.081395755514153203e-03
3.952469529761130050e-03
1.845801275699979769e-03
1.074323523347402382e-03
1.318665589471768333e-04
4.075941686327267072e-04
1.207574419571495029e-04
1.356782407145915947e-04
6.336584800331517887e-05
6.840415775872436908e-05
8.988211109795928716e-05
6.501071482360471637e-05
3.397509390909572914e-05
5.792234905617540811e-05
4.306985115362189166e-05
3.895713526469199130e-05
2.033521754690458422e-05
2.473096728519436088e-05
1.586166456242583744e-05
1.690963063240928294e-05
1.907099023410331850e-05
1.478225666080307260e-05
1.942805192747026270e-05
2.263174575305424731e-05
1.485025781399815728e-05
1.930603408345646984e-05
1.476547767426700472e-05
8.505748276432987084e-06
1.268038173471296435e-05
1.287507634390675812e-05
9.927018437887518432e-06
1.238963151986859800e-05
7.235441677207631167e-06
7.015121400674215028e-06
8.001179872884563689e-06
8.905537628687617351e-06
7.496536468352760289e-06
5.413160837790163399e-06
4.610667573454801387e-06
4.085074913661036389e-06
4.326958784429512433e-06
5.215015013779811754e-06
4.593154107130114413e-06
4.831130640560602378e-06
5.624226028816457865e-06
4.415171226628116550e-06
4.156350738662300516e-06
3.701377713612668020e-06
3.717598931198338088e-06
2.806483353794506537e-06
2.596370681658848997e-06
2.705898696578964104e-06
2.668984260095750149e-06
2.619467614822169688e-06
2.150712527769105309e-06
2.192527750162392571e-06
3.203831685612903075e-06
3.396711785631946609e-06
3.321217700402042393e-06
3.124753027910478780e-06
3.017230738923471321e-06
3.197001206318203578e-06
3.309359906152331740e-06
3.376351956969765245e-06
3.432860708579948183e-06
1.128648716503463453e-06
0.000000000000000000e+00
0.000000000000000000e+00
0.000000000000000000e+00
0.000000000000000000e+00
0.000000000000000000e+00
0.000000000000000000e+00
0.000000000000000000e+00
0.000000000000000000e+00
0.000000000000000000e+00
0.000000000000000000e+00
0.000000000000000000e+00
0.000000000000000000e+00
0.000000000000000000e+00
0.000000000000000000e+00
0.000000000000000000e+00
0.000000000000000000e+00
0.000000000000000000e+00
0.000000000000000000e+00
0.000000000000000000e+00
0.000000000000000000e+00
0.000000000000000000e+00
0.000000000000000000e+00
0.000000000000000000e+00
0.000000000000000000e+00
0.000000000000000000e+00
0.000000000000000000e+00
0.000000000000000000e+00
0.000000000000000000e+00
0.000000000000000000e+00
0.000000000000000000e+00
0.000000000000000000e+00
0.000000000000000000e+00
