8.887110069514144589e-03
5.598954121405921511e-03
6.146570974090471984e-03
5.917627776381171115e-03
2.583460455847575062e-03
1.652594634604174616e-03
2.169742247911910459e-04
6.167467849863652370e-04
4.805698658620955366e-04
6.266903471892327181e-04
3.829187559098041474e-04
2.050423337432769717e-04
4.304624936196158849e-04
2.394885529523758580e-04
2.448624585098643953e-04
2.043003577898784865e-04
1.868714544780478268e-04
3.104918355567681766e-04
1.462600660886448096e-04
1.489977076451356824e-04
9.215288300934078465e-05
7.559753197032307247e-05
1.499157101967710248e-04
8.234962200946053330e-05
7.514436427476720839e-05
6.064697124020782844e-05
4.254322569620914047e-05
4.666156697061828071e-05
2.621925834803269880e-05
2.225930198098018107e-05
2.983486937015589140e-05
2.854737086011751080e-05
2.824745797290571854e-05
3.555824971909918666e-05
2.066513096329916136e-05
1.019128822912545545e-05
2.017517048443254971e-05
2.845075607711562953e-05
1.487351831729112886e-05
1.466934327974590851e-05
9.383804710505790674e-06
8.406726490369915883e-06
1.231969219840216006e-05
1.119382702918398994e-05
1.107764089302311091e-05
1.071512531681999401e-05
8.077985301725650090e-06
8.246083224720067626e-06
9.313051747356141158e-06
7.074587195668698020e-06
5.416634317203398678e-06
3.975924952882230773e-06
3.938983521405599760e-06
3.164898497664944923e-06
2.743818919186314225e-06
2.901513621355083251e-06
2.408845494309513661e-06
2.377935064648015209e-06
3.074949743698268243e-06
3.243908456674001215e-06
3.179404894334706095e-06
2.713655610934000862e-06
2.761510515254984735e-06
2.806386795754167636e-06
2.913176081453588117e-06
3.118813526825762936e-06
3.255565471662674542e-06
1.529156105738366265e-06
2.029464759662757297e-07
0.000000000000000000e+00
0.000000000000000000e+00
0.000000000000000000e+00
0.000000000000000000e+00
0.000000000000000000e+00
0.000000000000000000e+00
0.000000000000000000e+00
0.000000000000000000e+00
0.000000000000000000e+00
0.000000000000000000e+00
0.000000000000000000e+00
0.000000000000000000e+00
0.000000000000000000e+00
0.000000000000000000e+00
0.000000000000000000e+00
0.000000000000000000e+00
0.000000000000000000e+00
0.000000000000000000e+00
0.000000000000000000e+00
0.000000000000000000e+00
0.000000000000000000e+00
0.000000000000000000e+00
0.000000000000000000e+00
0.000000000000000000e+00
0.000000000000000000e+00
0.000000000000000000e+00
0.000000000000000000e+00
0.000000000000000000e+00
0.000000000000000000e+00
0.000000000000000000e+00
0.000000000000000000e+00
