1.226927100268408862e-03
2.974589039964230849e-04
8.612251853575507822e-04
8.823540856059901944e-04
2.202170137024105534e-04
7.737570566844637618e-05
3.876999974479541363e-05
4.320468522566088895e-05
2.100401320143051626e-05
1.677312979806254689e-05
1.122347303063914310e-05
6.345626915121427445e-06
1.054587825465696914e-05
1.105647456399475898e-05
4.897860020047324967e-06
4.315678702145676180e-06
4.048360385795512845e-06
2.475879024034024062e-06
2.874695040264491107e-06
3.437704564083798416e-06
4.397629416627401563e-06
2.813902412784516548e-06
2.331030498355735722e-06
1.962378893276828613e-06
1.706838398461822336e-06
1.909272964043489479e-06
2.034396583604519313e-06
1.845032388068929720e-06
1.708248133232643122e-06
3.386424599848766260e-06
1.942739389738374394e-06
2.091555531037092589e-06
1.909531512013473812e-06
1.954088124131978501e-06
1.987765166370979578e-06
2.051027416153498742e-06
2.102937822402020892e-06
2.283965431676150541e-06
2.362969390669213838e-06
2.513680031532721732e-06
2.313027814722911722e-06
2.401282938445803535e-06
2.311610554576678648e-06
2.302106945410199893e-06
2.249188340763461341e-06
2.227394142895315710e-06
2.414054880319279449e-06
2.530370185894788349e-06
2.528731558227697649e-06
2.693942232889319417e-06
3.026256351138662145e-06
3.108298417796249122e-06
3.097061729450544811e-06
2.339599458661836345e-06
2.363309196758529227e-06
3.137586158147610538e-06
3.126807985687163447e-06
3.055991441910735989e-06
2.975447596009852892e-06
3.087233568632451619e-06
3.139470388763926222e-06
3.158110528760265391e-06
3.156443588103552854e-06
3.094054469788223509e-06
0.000000000000000000e+00
0.000000000000000000e+00
0.000000000000000000e+00
0.000000000000000000e+00
0.000000000000000000e+00
0.000000000000000000e+00
0.000000000000000000e+00
0.000000000000000000e+00
0.000000000000000000e+00
0.000000000000000000e+00
0.000000000000000000e+00
0.000000000000000000e+00
0.000000000000000000e+00
0.000000000000000000e+00
0.000000000000000000e+00
0.000000000000000000e+00
0.000000000000000000e+00
0.000000000000000000e+00
0.000000000000000000e+00
0.000000000000000000e+00
0.000000000000000000e+00
0.000000000000000000e+00
0.000000000000000000e+00
0.000000000000000000e+00
0.000000000000000000e+00
0.000000000000000000e+00
0.000000000000000000e+00
0.000000000000000000e+00
0.000000000000000000e+00
0.000000000000000000e+00
0.000000000000000000e+00
0.000000000000000000e+00
0.000000000000000000e+00
0.000000000000000000e+00
0.000000000000000000e+00
0.000000000000000000e+00
