1.193623668920172284e-03
1.407872012340613348e-04
1.004192386858214188e-03
1.330233524633147582e-03
2.483654682216738466e-04
2.073458035618293283e-04
8.948771607093486651e-05
1.037210669560680552e-04
5.330502538059139897e-05
2.419598506521559997e-05
2.485175614432234004e-05
1.482100382680650429e-05
1.180306533169360589e-05
1.372393944513690408e-05
9.355216680813797244e-06
3.652629890418889327e-06
7.447637153325110780e-06
4.943322956579464146e-06
4.753376049436547155e-06
6.213546493726042635e-06
6.882540976934115716e-06
5.263572393349030945e-06
3.933334412667714372e-06
3.743640326082325245e-06
2.475031620974446557e-06
3.142495432160663021e-06
3.358430506726453380e-06
2.778826104180347513e-06
2.986770544607347417e-06
4.629628087047480042e-06
2.980502262673679648e-06
2.374587613591963329e-06
2.026610398207700130e-06
2.259655290724047535e-06
2.138202009080397513e-06
1.870632973199350899e-06
1.853130677262639816e-06
1.870154474906800364e-06
1.869879691613439051e-06
1.835092064882159641e-06
1.873725834911381894e-06
1.810908252924615626e-06
1.571875412952459642e-06
1.636899563920651707e-06
1.767375727475500526e-06
1.918488314062115991e-06
2.002851365847746142e-06
2.083103234321979342e-06
2.364923758095062511e-06
2.474754748313077108e-06
2.840178222209677416e-06
3.107259389430412009e-06
3.085840008852080025e-06
2.274863107079034233e-06
2.461984644829554090e-06
3.146816563139761426e-06
3.150166598539253459e-06
3.101298432966612069e-06
2.965110714476892998e-06
3.000140439435148910e-06
3.115968468658956346e-06
3.158259618646683559e-06
3.173395193881697142e-06
2.933606028063001477e-06
2.127516297233744508e-07
1.694065894508600678e-21
1.694065894508600678e-21
1.694065894508600678e-21
1.694065894508600678e-21
1.694065894508600678e-21
1.694065894508600678e-21
1.694065894508600678e-21
1.694065894508600678e-21
1.694065894508600678e-21
1.694065894508600678e-21
1.694065894508600678e-21
1.694065894508600678e-21
1.694065894508600678e-21
1.694065894508600678e-21
1.694065894508600678e-21
1.694065894508600678e-21
1.694065894508600678e-21
1.694065894508600678e-21
1.694065894508600678e-21
1.694065894508600678e-21
1.694065894508600678e-21
1.694065894508600678e-21
1.694065894508600678e-21
1.694065894508600678e-21
1.694065894508600678e-21
1.694065894508600678e-21
1.694065894508600678e-21
1.694065894508600678e-21
1.694065894508600678e-21
1.694065894508600678e-21
1.694065894508600678e-21
1.694065894508600678e-21
1.694065894508600678e-21
1.694065894508600678e-21
1.694065894508600678e-21
