2.690450179554490246e-03
9.238782535898643240e-04
1.520034566023624424e-03
1.236440580613933559e-03
8.441348887951413997e-04
8.891176275396251143e-04
4.267424260301920015e-04
1.980197392433683586e-04
1.056830190226152948e-04
9.228030467287991960e-05
4.542362393307759609e-05
7.977892954833975712e-05
8.315727371971275205e-05
9.946992876588431549e-05
9.982261582548477099e-05
5.084835818308686714e-05
6.114969760169835166e-05
2.723842168288040228e-05
4.075438299182809461e-05
1.421400840688948961e-05
2.412496785969147177e-05
2.871422995690932556e-05
1.858911614636303615e-05
2.335053562999460033e-05
7.046404837961194846e-06
8.634079669568250578e-06
8.808679030958776495e-06
7.615566273722276356e-06
1.341126334754421015e-05
1.494317825368072409e-05
5.420278625533632745e-06
5.510729092969306913e-06
4.053812675194291117e-06
5.166582840367076356e-06
5.049151754607878259e-06
2.915421597236444124e-06
3.625277457111415016e-06
2.515434268938660620e-06
2.579866031884812080e-06
2.106157489116097411e-06
3.251894201827227388e-06
3.156599603137443720e-06
2.605210309527510602e-06
2.566648949003550467e-06
2.415252511248681020e-06
2.621001582751651531e-06
2.116536989950966651e-06
1.676439989477688527e-06
1.812103409211324938e-06
2.144019482600436541e-06
2.264371531298877734e-06
2.429209630257866859e-06
2.378110326268832292e-06
1.950494457346402500e-06
2.769062028268834486e-06
3.125257737182415180e-06
3.158340094385066969e-06
2.948974819700231424e-06
2.808885076279594545e-06
2.922619110623466067e-06
3.050030202946112185e-06
3.065950901051758412e-06
3.114688180635747688e-06
2.655991571428470011e-06
1.694065894508600678e-21
1.694065894508600678e-21
1.694065894508600678e-21
1.694065894508600678e-21
1.694065894508600678e-21
1.694065894508600678e-21
1.694065894508600678e-21
1.694065894508600678e-21
1.694065894508600678e-21
1.694065894508600678e-21
1.694065894508600678e-21
1.694065894508600678e-21
1.694065894508600678e-21
1.694065894508600678e-21
1.694065894508600678e-21
1.694065894508600678e-21
1.694065894508600678e-21
1.694065894508600678e-21
1.694065894508600678e-21
1.694065894508600678e-21
1.694065894508600678e-21
1.694065894508600678e-21
1.694065894508600678e-21
1.694065894508600678e-21
1.694065894508600678e-21
1.694065894508600678e-21
1.694065894508600678e-21
1.694065894508600678e-21
1.694065894508600678e-21
1.694065894508600678e-21
1.694065894508600678e-21
1.694065894508600678e-21
1.694065894508600678e-21
1.694065894508600678e-21
1.694065894508600678e-21
1.694065894508600678e-21
