6.792023741264028788e-04
1.894826304477198508e-03
1.917250985304238056e-03
9.016192971463823577e-04
2.013673096824201113e-03
9.238872360602317724e-04
4.952909723675213635e-04
1.210617937738745799e-03
4.226794422390370808e-04
4.342826281873294388e-04
1.177205537294536298e-03
1.423594677329866704e-03
8.561762801513104039e-04
3.875106216647841392e-04
1.679126494074009159e-04
1.339448517306561276e-04
4.718204929027824653e-04
2.419459665094904170e-04
2.324034489627358889e-04
6.718268431825116197e-05
5.461579375462914790e-05
1.356580530821744333e-04
5.680864676507590548e-05
6.841191000486885590e-05
3.941614578885553963e-05
6.802603725448975146e-05
2.083280499673588926e-05
6.395538841609066600e-05
2.418859742648389694e-05
4.224033075976359484e-05
2.252398028432362915e-05
2.276380845232450363e-05
3.144228945196138368e-05
1.434191953007906054e-05
9.979472957035560949e-06
9.621315178683487299e-06
1.402029304366123765e-05
1.154525787851551199e-05
9.537584357395153436e-06
9.852273555329184521e-06
9.845165286090312194e-06
7.049116823706249000e-06
7.309818760425198847e-06
8.514746368565532177e-06
9.788293790676875543e-06
9.776686878469249446e-06
1.045109032523078697e-05
1.199285821194421146e-05
9.620699276674943358e-06
6.817265026378311081e-06
6.449579850477571163e-06
6.260715917623258780e-06
5.871332069566888004e-06
6.405653782247827213e-06
8.624367371575598142e-06
8.710675922361843152e-06
5.663129184849919661e-06
4.550756225757170837e-06
5.635944048745758532e-06
6.040166534219158064e-06
6.268544841560282356e-06
6.931130301855046859e-06
5.669563167518227258e-06
6.353543147091626256e-06
6.444189370635807752e-06
6.621236039849388752e-06
6.024468465310309611e-06
4.754894884995033814e-06
6.046506505810540046e-06
5.430795307886147845e-06
4.214415680055769457e-06
3.558609878925353585e-06
3.024663717813992327e-06
3.774338532170604747e-06
4.143254186442857026e-06
4.778858251575989564e-06
4.496470653749994539e-06
3.776281394028045484e-06
3.382671810806454824e-06
2.913762998858430394e-06
3.211106503502833518e-06
2.984936413790776676e-06
3.172742298865807477e-06
3.440877397975867100e-06
2.968338532681541382e-06
2.512972075459348024e-06
2.196540701200605992e-06
2.543948864113519906e-06
2.861424704498878345e-06
2.976027288370301480e-06
6.101230209182269762e-07
1.863223006498088913e-07
1.827495148975060020e-07
1.700389520138674805e-07
0.000000000000000000e+00
0.000000000000000000e+00
0.000000000000000000e+00
0.000000000000000000e+00
0.000000000000000000e+00
0.000000000000000000e+00
