2.468639854895857567e-03
6.169532359535045106e-04
2.611399312020651429e-03
2.815195203264264732e-03
2.638453894776477543e-03
7.603415452033570601e-04
3.272206789469859546e-04
1.494100876085351776e-03
3.791483162327396431e-04
1.795231287458539391e-04
1.497746790584563359e-04
1.563592963585323174e-04
1.234789462402939911e-04
8.178577796988370833e-05
1.133566882094037077e-04
9.551903924889886780e-05
9.400481537796438270e-05
7.799789646121921434e-05
4.503158873502098993e-05
4.225159207461069922e-05
3.768958148465813117e-05
3.810407945936194828e-05
3.494613525193237570e-05
3.268226418544600397e-05
2.206389734188807697e-05
3.440959513528540166e-05
2.213210720911891626e-05
2.477908053869832443e-05
2.309229834022375675e-05
3.280849958747723074e-05
2.514193675966674266e-05
2.219695541451593675e-05
1.429505410901948177e-05
1.465640184796098726e-05
1.940878922869388419e-05
1.080536049438390071e-05
1.002737674799294830e-05
8.438963074196166581e-06
8.214591293961672668e-06
6.430951742171113775e-06
8.098468169367171516e-06
8.086155892961840913e-06
7.862722925221544176e-06
7.487019201372466794e-06
7.384115094088933450e-06
7.368912333918576347e-06
6.201728375626335517e-06
5.393312788036036071e-06
4.059184835229844268e-06
3.091471635849062527e-06
2.882038573840737960e-06
2.373107384543223285e-06
2.175656422575892068e-06
1.998790935592339534e-06
1.934431626852408443e-06
2.679767923835836816e-06
3.258611054390336174e-06
2.916409877685288066e-06
2.185974937512552707e-06
2.080414295047582812e-06
2.330434538601434356e-06
2.597395910322823835e-06
2.898863941995179706e-06
3.192532139317077616e-06
6.848857608883230626e-07
0.000000000000000000e+00
0.000000000000000000e+00
0.000000000000000000e+00
0.000000000000000000e+00
0.000000000000000000e+00
0.000000000000000000e+00
0.000000000000000000e+00
0.000000000000000000e+00
0.000000000000000000e+00
0.000000000000000000e+00
0.000000000000000000e+00
0.000000000000000000e+00
0.000000000000000000e+00
0.000000000000000000e+00
0.000000000000000000e+00
0.000000000000000000e+00
0.000000000000000000e+00
0.000000000000000000e+00
0.000000000000000000e+00
0.000000000000000000e+00
0.000000000000000000e+00
0.000000000000000000e+00
0.000000000000000000e+00
0.000000000000000000e+00
0.000000000000000000e+00
0.000000000000000000e+00
0.000000000000000000e+00
0.000000000000000000e+00
0.000000000000000000e+00
0.000000000000000000e+00
0.000000000000000000e+00
0.000000000000000000e+00
0.000000000000000000e+00
0.000000000000000000e+00
0.000000000000000000e+00
