1.071958261053238297e-03
4.418634791871603506e-04
2.298789357057489508e-04
3.845543434794768535e-04
1.424865404454068692e-04
5.478843789126837556e-05
3.957693635464949896e-05
3.189977775530771501e-05
5.412854693682502048e-05
2.144898304433827941e-05
1.183516343552705717e-05
6.242198565091174534e-06
7.070067268068123189e-06
1.095247185113597951e-05
2.974649429578254905e-06
3.462955319338312947e-06
2.582402314040896623e-06
2.548428032484144198e-06
2.192063506124248843e-06
2.763965599006730911e-06
2.918441683446878903e-06
2.054897270738113464e-06
1.644287109685642688e-06
1.571002232430220020e-06
1.881814928654362674e-06
1.809138287830631258e-06
1.736927907921416159e-06
1.917180605041476547e-06
2.077077881944617606e-06
2.014629279869230465e-06
2.178020518752744459e-06
2.192611825278641223e-06
2.135000833241612175e-06
2.197006739260050001e-06
2.211958408013934179e-06
2.391485713745913356e-06
2.543193053650055602e-06
2.722592103929433829e-06
2.638356307423017167e-06
2.641232680931438273e-06
2.583237698560446817e-06
2.584174504243953553e-06
2.409356353220520927e-06
2.462438041167387005e-06
2.738706580618363988e-06
2.866315234012817702e-06
2.988034686155608271e-06
3.068502502610831356e-06
3.141597490324614493e-06
3.089870786677655116e-06
2.266194927363374512e-06
2.308759611084494025e-06
3.126087738685365919e-06
3.137629327503743635e-06
3.087825580264250923e-06
2.965753460584778201e-06
3.066221735048981093e-06
3.156431248067840380e-06
3.129910240071188643e-06
3.151526886374265886e-06
1.921419859284771710e-06
5.540928186649705329e-07
2.122019125082295175e-07
1.694065894508600678e-21
1.694065894508600678e-21
1.694065894508600678e-21
1.694065894508600678e-21
1.694065894508600678e-21
1.694065894508600678e-21
1.694065894508600678e-21
1.694065894508600678e-21
1.694065894508600678e-21
1.694065894508600678e-21
1.694065894508600678e-21
1.694065894508600678e-21
1.694065894508600678e-21
1.694065894508600678e-21
1.694065894508600678e-21
1.694065894508600678e-21
1.694065894508600678e-21
1.694065894508600678e-21
1.694065894508600678e-21
1.694065894508600678e-21
1.694065894508600678e-21
1.694065894508600678e-21
1.694065894508600678e-21
1.694065894508600678e-21
1.694065894508600678e-21
1.694065894508600678e-21
1.694065894508600678e-21
1.694065894508600678e-21
1.694065894508600678e-21
1.694065894508600678e-21
1.694065894508600678e-21
1.694065894508600678e-21
1.694065894508600678e-21
1.694065894508600678e-21
1.694065894508600678e-21
1.694065894508600678e-21
1.694065894508600678e-21
