1.164965590365690589e-03
1.396707142311714783e-03
9.354255809167304463e-04
6.865739526995174756e-04
4.686268976158614497e-04
8.407367843960838615e-05
3.192641980230944343e-05
7.379194922770149895e-05
3.719378498591364746e-05
4.567712839746514869e-05
4.427693807073074782e-05
1.653883416182970147e-05
2.320671885093857060e-05
3.798083419320049742e-05
2.130294077526746589e-05
1.263434670622620112e-05
1.123469962978487472e-05
1.663849900783984621e-05
1.264624405195128318e-05
1.295977397069090975e-05
6.597439044252613496e-06
4.935814227019747169e-06
5.797791037961181000e-06
5.442139249191537365e-06
4.132365991174372327e-06
4.205742717618681416e-06
3.717502620000455450e-06
4.665094185726166428e-06
3.055593251831456217e-06
2.637603756106567783e-06
1.904176083708288395e-06
1.595574024802704138e-06
2.548018875158073253e-06
2.375382910810455312e-06
1.904787633701854136e-06
1.737383519738922232e-06
1.781122242166661551e-06
1.804194951554916295e-06
1.734080308730467853e-06
1.737370547075380292e-06
1.659728545002652129e-06
1.690985472855618277e-06
1.691384634723197336e-06
1.865485148895731716e-06
2.009499375025097107e-06
2.200410178049491717e-06
2.308720944374613635e-06
2.567447618653810246e-06
2.856978989423653100e-06
2.858962982093544032e-06
2.099714909813947595e-06
2.532929046820505613e-06
3.143647483674313444e-06
3.152547029721023792e-06
2.936070146842760149e-06
2.865905381344453881e-06
3.022489901084426705e-06
3.120916581974214900e-06
3.153564855918700682e-06
3.131185815467117158e-06
7.484988577576597434e-07
0.000000000000000000e+00
0.000000000000000000e+00
0.000000000000000000e+00
0.000000000000000000e+00
0.000000000000000000e+00
0.000000000000000000e+00
0.000000000000000000e+00
0.000000000000000000e+00
0.000000000000000000e+00
0.000000000000000000e+00
0.000000000000000000e+00
0.000000000000000000e+00
0.000000000000000000e+00
0.000000000000000000e+00
0.000000000000000000e+00
0.000000000000000000e+00
0.000000000000000000e+00
0.000000000000000000e+00
0.000000000000000000e+00
0.000000000000000000e+00
0.000000000000000000e+00
0.000000000000000000e+00
0.000000000000000000e+00
0.000000000000000000e+00
0.000000000000000000e+00
0.000000000000000000e+00
0.000000000000000000e+00
0.000000000000000000e+00
0.000000000000000000e+00
0.000000000000000000e+00
0.000000000000000000e+00
0.000000000000000000e+00
0.000000000000000000e+00
0.000000000000000000e+00
0.000000000000000000e+00
0.000000000000000000e+00
0.000000000000000000e+00
0.000000000000000000e+00
0.000000000000000000e+00
