2.564517990584304786e-03
1.479830147274282734e-03
8.823639306397136704e-04
5.240760715283872186e-04
5.209768589301581529e-04
1.576325877095934730e-04
5.127485275887346807e-04
1.165249037919794322e-04
1.720045996130151254e-04
3.884044502556519392e-05
7.016266854951953369e-05
5.481958406168977105e-05
6.724494378767524475e-05
5.426728519710337449e-05
4.652882519894477217e-05
2.013962190486810977e-05
2.224724983703551572e-05
2.450360305762382948e-05
1.759674817601078852e-05
1.977115392923375713e-05
1.397984733993320696e-05
1.488772287356123138e-05
2.046696202299427307e-05
1.229644814607946744e-05
1.591710783508334823e-05
8.734043734375634735e-06
8.882925512554460475e-06
1.072065247821089458e-05
7.735319412812739106e-06
9.014607105776758746e-06
5.146988613642654172e-06
4.610958914624101732e-06
6.642665104123549487e-06
6.905924083176450975e-06
4.156717952954663151e-06
4.200701500792258089e-06
3.992524888044785983e-06
3.981029288896101591e-06
4.046061043723242820e-06
3.769108144768346918e-06
4.397979558005037977e-06
3.449945152231506481e-06
2.989207662391314987e-06
2.937845055458576988e-06
2.491242283867386443e-06
1.852042885165022601e-06
1.605082125313199064e-06
1.609581738405776899e-06
1.985163352214218979e-06
2.107618930680967273e-06
1.810798364801633129e-06
2.353478153667354229e-06
3.026245459580980509e-06
3.052002719092008506e-06
2.863941505088547886e-06
2.722117484592935826e-06
2.875231265534586880e-06
2.914343887338134971e-06
3.002230472957013216e-06
3.108050881131738142e-06
5.752699361141589929e-07
3.388131789017201356e-21
3.388131789017201356e-21
3.388131789017201356e-21
3.388131789017201356e-21
3.388131789017201356e-21
3.388131789017201356e-21
3.388131789017201356e-21
3.388131789017201356e-21
3.388131789017201356e-21
3.388131789017201356e-21
3.388131789017201356e-21
3.388131789017201356e-21
3.388131789017201356e-21
3.388131789017201356e-21
3.388131789017201356e-21
3.388131789017201356e-21
3.388131789017201356e-21
3.388131789017201356e-21
3.388131789017201356e-21
3.388131789017201356e-21
3.388131789017201356e-21
3.388131789017201356e-21
3.388131789017201356e-21
3.388131789017201356e-21
3.388131789017201356e-21
3.388131789017201356e-21
3.388131789017201356e-21
3.388131789017201356e-21
3.388131789017201356e-21
3.388131789017201356e-21
3.388131789017201356e-21
3.388131789017201356e-21
3.388131789017201356e-21
3.388131789017201356e-21
3.388131789017201356e-21
3.388131789017201356e-21
3.388131789017201356e-21
3.388131789017201356e-21
3.388131789017201356e-21
