2.976735435255058008e-03
2.308131592611787491e-03
4.061234960562617666e-03
4.444170197518183124e-03
1.913898328241294636e-03
8.396128474844823282e-04
8.539587239422218555e-04
3.189031643748832718e-04
5.437229705498693774e-04
1.223218428068617049e-04
1.437866694245009346e-04
5.701884813908287257e-05
1.042967370699881250e-04
2.015164810507000064e-04
7.543959976843877852e-05
1.033465203953763640e-04
4.696947205956760715e-05
3.616240440453774720e-05
3.208870288360127936e-05
2.805728640606632596e-05
3.476698996029697078e-05
2.101302657576531774e-05
3.344300752724165227e-05
1.812828083680116450e-05
2.352636344479095738e-05
2.374878510024491375e-05
3.121920180611742419e-05
1.802284469343745765e-05
5.621827246865279958e-05
2.713557868300953816e-05
2.187740833348558579e-05
1.299409296625568698e-05
1.451470810606956565e-05
1.061194764162748064e-05
8.690463659295065248e-06
7.086845966045797105e-06
7.883924545337961501e-06
5.584087729767496862e-06
7.381384663312808546e-06
7.164841716649308899e-06
8.411270714372100416e-06
6.032711043136797725e-06
6.492999607007287320e-06
5.911226957685667770e-06
4.180959584195248087e-06
3.227945861880344917e-06
2.399515013165585409e-06
2.290222987197718837e-06
1.867875300360792114e-06
1.701471913337106625e-06
1.605526750576003124e-06
1.762606693869156707e-06
2.754288377016141183e-06
3.072556541019705194e-06
2.275359317542857035e-06
1.912943277632840872e-06
1.957617463986283084e-06
2.265650872128907246e-06
2.688572410222538902e-06
2.940085534756742475e-06
6.563868144051445409e-07
1.694065894508600678e-21
1.694065894508600678e-21
1.694065894508600678e-21
1.694065894508600678e-21
1.694065894508600678e-21
1.694065894508600678e-21
1.694065894508600678e-21
1.694065894508600678e-21
1.694065894508600678e-21
1.694065894508600678e-21
1.694065894508600678e-21
1.694065894508600678e-21
1.694065894508600678e-21
1.694065894508600678e-21
1.694065894508600678e-21
1.694065894508600678e-21
1.694065894508600678e-21
1.694065894508600678e-21
1.694065894508600678e-21
1.694065894508600678e-21
1.694065894508600678e-21
1.694065894508600678e-21
1.694065894508600678e-21
1.694065894508600678e-21
1.694065894508600678e-21
1.694065894508600678e-21
1.694065894508600678e-21
1.694065894508600678e-21
1.694065894508600678e-21
1.694065894508600678e-21
1.694065894508600678e-21
1.694065894508600678e-21
1.694065894508600678e-21
1.694065894508600678e-21
1.694065894508600678e-21
1.694065894508600678e-21
1.694065894508600678e-21
1.694065894508600678e-21
1.694065894508600678e-21
