2.269995607316403242e-03
9.580260610225544739e-04
6.328188399573996935e-04
1.822306285981127388e-04
4.419419331544366457e-04
5.018780578499708886e-04
4.831072181738621497e-04
3.066243603526076409e-04
7.988264427402385259e-05
7.158680925537309664e-05
4.998832744142480094e-05
4.300325211124474427e-05
8.497027949344265296e-05
3.065002699646670047e-05
2.279838686056099870e-05
9.019626165818460948e-05
2.196629446320624574e-05
2.277862826005438410e-05
1.152591247568348834e-05
1.850500936070003370e-05
1.015123515703021944e-05
1.318782456814252636e-05
8.011767112728263913e-06
6.498011499593506432e-06
6.325130669998810225e-06
5.617855604690709975e-06
4.537294851118281177e-06
4.724279673954088681e-06
7.961571096138426684e-06
5.451063447458075695e-06
7.828627380544685068e-06
3.765990105687526504e-06
3.803916353313217157e-06
3.972516162503891059e-06
6.603707807797878808e-06
3.821248440825424608e-06
3.537657643179904935e-06
4.457340130467283689e-06
6.366909918152179377e-06
5.062335150360667088e-06
3.664046206274203298e-06
2.562947370083344812e-06
2.234569664930457040e-06
1.952461819200383043e-06
3.104352734758894238e-06
2.163998458219854674e-06
2.036602214379051370e-06
2.167621994426078918e-06
2.245070085888770618e-06
3.086792368252313415e-06
2.203460076730010869e-06
2.220022820714051430e-06
2.023255625746199642e-06
1.976288861848416332e-06
2.019711801544852931e-06
2.030368308467447724e-06
2.059929772031733206e-06
2.203052437907857400e-06
2.211838029912087548e-06
2.185515896454006418e-06
2.162330278010426515e-06
2.122847991855620536e-06
2.264989701704574005e-06
2.230487495922105612e-06
2.168938028808656411e-06
1.999191072634979593e-06
2.103223808478306805e-06
2.163772891708782305e-06
2.183839141198279144e-06
2.204753388405843502e-06
2.157985776008610506e-06
2.086494582549050028e-06
2.127134246331674663e-06
2.327217621887847444e-06
2.414282206334468269e-06
2.416509409274316918e-06
2.438781767024689192e-06
2.570354851253684467e-06
2.550512659643794429e-06
2.575217384774199007e-06
2.688840552083579413e-06
2.892940236715053910e-06
2.870646069244527639e-06
3.002241803956636414e-06
3.039926107796190480e-06
3.076729855342764269e-06
3.120517688809364781e-06
3.118139947120196954e-06
3.137369222790922704e-06
3.105909640166896422e-06
2.372868398573546024e-06
2.374691763754568482e-06
2.922723589918184461e-06
3.151542969441245441e-06
3.146007576696833240e-06
3.159716612312948729e-06
3.148292705257139405e-06
3.144422936619267162e-06
3.084439981659853212e-06
3.033769131011024992e-06
