2.176706272017313228e-03
8.449072170612142649e-04
6.259835056550465751e-04
1.750976510351671359e-04
3.990640759285463005e-04
5.033966686629397181e-04
9.338615341685743048e-04
3.495463808625407821e-04
7.288806222834997954e-05
7.664945567621059524e-05
1.305594881483011945e-04
9.283075453045277028e-05
1.001053441093864707e-04
1.072258040953845464e-04
8.670991241934435610e-05
3.456251063545940483e-05
4.945507254162250275e-05
1.980281587134476531e-05
2.124138538530272985e-05
3.892342824200496749e-05
2.052404330020048029e-05
2.151386066919491871e-05
6.780709258158768341e-06
5.848273483855778594e-06
1.274792353983400421e-05
7.738591124066189166e-06
5.439922419422696026e-06
9.295339902010819021e-06
1.457509013398510620e-05
1.461938158330819797e-05
4.788017080226361784e-06
5.097815328337873227e-06
5.871392488987229692e-06
5.421395724728145560e-06
5.048557198507515240e-06
5.596762644055168896e-06
4.624231677945476967e-06
8.469592952241272287e-06
9.860870308082088690e-06
4.031444768710252199e-06
4.303473228627912556e-06
3.564902470970899888e-06
2.846871492876113852e-06
2.175086508105522851e-06
2.233242349033951042e-06
2.296134352869397177e-06
1.946006339964608215e-06
2.083604330878235610e-06
2.584990962537744224e-06
3.508656382586734566e-06
4.106379817405645911e-06
2.539519564237481594e-06
2.627611592950359280e-06
2.572863356954556179e-06
2.414718022161501109e-06
1.861882812551220908e-06
1.976616121847568469e-06
1.952835284667062852e-06
1.870570376565050638e-06
1.910180451033515258e-06
2.033143195638927701e-06
2.127672984992885898e-06
2.060042083011270675e-06
2.029120075535169242e-06
1.983808672774082739e-06
2.010406059306457273e-06
2.073737662880414703e-06
2.188232211759330019e-06
1.833759362991471645e-06
1.805913710491084200e-06
1.738493253601070190e-06
1.860667631874178481e-06
2.019282720385916979e-06
1.880156312444394921e-06
2.006903286669542765e-06
2.223828944571274340e-06
2.216754144030447226e-06
2.270553305584116711e-06
2.314834512450548781e-06
2.422961653130217816e-06
2.421685241755024175e-06
2.204243164100593937e-06
2.197871517570990492e-06
2.261334869002955742e-06
2.471171209305257767e-06
2.796994279447807861e-06
2.898315017821134073e-06
3.015326440946833697e-06
3.108491711686009519e-06
3.094272421564915046e-06
2.321147848558760562e-06
2.291416792503221556e-06
2.774141749705350993e-06
3.161041715420907733e-06
3.162994526737375092e-06
3.150905003110374132e-06
3.152238674446616726e-06
3.146216618920886999e-06
3.063315586130700532e-06
3.002339591964749538e-06
