3.790988977587914175e-03
1.904421229692526826e-03
1.217795488306078980e-03
2.939958143001008390e-04
6.740484462707038845e-04
6.772024745825692190e-04
1.454779557726596255e-03
5.800877536868562700e-04
3.948711145472894404e-04
2.907540227223660910e-04
1.807568052601838532e-04
2.144525587442019606e-04
1.344442918076859544e-04
6.920969608882837718e-05
6.528022474534277727e-05
1.420500704418159650e-04
9.586260157616427436e-05
6.554343567196433123e-05
5.440397215463668582e-05
6.950972178873612189e-05
9.945348745375984960e-05
3.100326320444343026e-05
3.704541328590005219e-05
3.297269976774654430e-05
2.120669094890646116e-05
2.732158804552690278e-05
2.908060993560761148e-05
2.755592616537986869e-05
2.572439691270096842e-05
3.053311603135284107e-05
3.533263223519574894e-05
1.208341108929879097e-05
2.084852278737133344e-05
1.191591932204417713e-05
1.995576026579462932e-05
1.422618085270245358e-05
1.019862140795271588e-05
1.112184963156416726e-05
2.201391342701855674e-05
1.082724065906488576e-05
1.656643859855978792e-05
9.782646901174665746e-06
8.407639738755684388e-06
8.921945932961703675e-06
7.307217866225167943e-06
6.224113788007457155e-06
6.658641126103265573e-06
8.426771424217362248e-06
7.470752502337433760e-06
7.666422442223377702e-06
1.018220782562059945e-05
1.037585390387140570e-05
8.252412403756475979e-06
6.019868970878674334e-06
7.501007862239690616e-06
4.822113234943364632e-06
4.590258175837012039e-06
5.130499636026701230e-06
3.805996045735604506e-06
4.950706161658602523e-06
5.382105137769876715e-06
5.226067969916604834e-06
5.568755112165194885e-06
4.599098881154045865e-06
5.172600547925555239e-06
4.771438205122559059e-06
3.462371836428314905e-06
4.360963873110411561e-06
4.355392382537265743e-06
3.519792193358643605e-06
4.002175469766514250e-06
3.497366904682285014e-06
3.478879763328157737e-06
3.194192900818815237e-06
3.060632438973209629e-06
2.718579611020341867e-06
2.707208444248878847e-06
2.676441367698366527e-06
2.606691255387662525e-06
2.680921105808870975e-06
2.646829425290805174e-06
2.870061508696800196e-06
2.572946496569478530e-06
2.208046831045051586e-06
2.010193662325827236e-06
2.052869268272480100e-06
2.265143979022836538e-06
2.538008951155883768e-06
2.758671728724885172e-06
2.823896234945209861e-06
2.170097273663105610e-06
2.223120954152024557e-06
2.511483510433111359e-06
3.029008122945964443e-06
3.143511794696113552e-06
3.200427477018692672e-06
3.183351112622904632e-06
3.101930301403620110e-06
2.835453655638715695e-06
2.716522189922739563e-06
