1.408130434948752507e-02
8.110700437639629598e-03
5.420377578140648731e-03
1.546116350741063520e-03
2.529352451389430510e-03
2.957651593167671608e-03
4.283970704673564084e-03
3.538210219635780449e-03
6.867384885781480965e-04
1.727722877102438317e-03
1.063619289293578699e-03
7.342977792753899516e-04
8.675223185823442273e-04
2.416371237513818403e-04
6.253396948668060598e-04
1.375578474789949240e-03
6.166419349050856601e-04
4.999242364142270686e-04
2.852767322139540171e-04
4.119521749894335225e-04
3.583896961059161550e-04
3.909528683619538695e-04
1.566542934551402551e-04
1.480802015592665697e-04
1.115462490519560795e-04
2.322471433957273000e-04
6.122254912307062728e-05
6.200994021393499639e-05
6.357576384069413299e-05
1.384104943231394670e-04
7.637055828750630149e-05
1.824891455777905794e-04
1.304802685575968534e-04
1.015889329269706245e-04
1.821487188295939981e-04
1.500202160985555574e-04
7.004354314711321635e-05
1.097691608813751153e-04
8.638874464306240807e-05
4.045699959318873294e-05
3.435909129692688783e-05
5.148420133542093414e-05
4.192826824028344910e-05
6.191741126977220902e-05
4.314359908457824760e-05
4.008473289263108909e-05
6.693455750984757952e-05
4.683892878757517781e-05
4.176847242119740081e-05
5.810387458718703729e-05
3.137409718925200235e-05
3.753618691771102629e-05
4.756078558142640622e-05
4.053867476272436399e-05
3.171046852949221462e-05
2.086844095656374096e-05
4.199592237457482427e-05
4.903210787360791497e-05
5.134801822286149661e-05
3.247262040878123721e-05
3.564262613481354808e-05
3.600270487641327877e-05
3.931026121660653348e-05
3.060814174595694753e-05
1.963040999672551460e-05
1.820634704137597117e-05
1.746598451737359044e-05
1.544895801138468770e-05
1.582675938711948499e-05
2.181466794954430274e-05
1.617454905363500012e-05
2.539186332195567019e-05
1.160530891222139134e-05
1.259909977242047458e-05
1.317467329229077237e-05
1.479723670623125982e-05
1.815918224843615051e-05
2.656815753443535663e-05
2.092304869684680327e-05
1.901118152008672354e-05
1.022822341137820114e-05
8.611687810528944652e-06
8.684831171208791021e-06
6.019051177119009747e-06
1.038905268441620327e-05
8.278100532453597381e-06
5.841130890909491357e-06
3.841327851914668833e-06
3.615079356758918640e-06
3.349985058894674225e-06
3.127955402563221173e-06
3.102594009385794207e-06
2.900711189701758178e-06
2.729763040914908102e-06
2.825089678369288045e-06
2.946586141013945445e-06
2.951147996561036973e-06
2.828015550803806042e-06
2.715988386342269846e-06
2.884263175510747735e-06
