7.870569402979622764e-04
5.947791946727156972e-04
4.628699659446832110e-04
9.338452784780177599e-05
4.139337158963545221e-04
2.382637245799355808e-04
2.429493810889073191e-04
1.324589307191140132e-04
9.809354921905235529e-05
5.348337897162415178e-05
5.227307841835516220e-05
5.203267526796162979e-05
1.008232071978897085e-05
3.381327279603980917e-05
3.519081426768832398e-05
2.357732575091683609e-05
7.717370040562623594e-06
5.013890381045169003e-06
7.487270600822964032e-06
5.665334202406490235e-06
8.960963171564920757e-06
4.459427104151887499e-06
3.136003372521820655e-06
7.160493346355857697e-06
4.015906711574778188e-06
5.853210472955400654e-06
3.463213272308992124e-06
3.047060510742933994e-06
3.337735447899745267e-06
4.463475670559465009e-06
2.795790781285979390e-06
3.850116543047240902e-06
4.368418919285445961e-06
1.895363416111600776e-06
2.091916405197004130e-06
2.099141479766031776e-06
2.104930010139764433e-06
2.139137496189675292e-06
1.882253882076613240e-06
2.234472685962146282e-06
1.787887015927070866e-06
2.009963446452669640e-06
2.049920427209185099e-06
2.100261947724567398e-06
2.090799430743287298e-06
1.869796546795664255e-06
1.945768599989989013e-06
1.947847404682614344e-06
1.998617122292909368e-06
1.943526444636143242e-06
2.260299862526710828e-06
2.407564743681945531e-06
2.476648997921226998e-06
2.557584645119023347e-06
2.506039556389618787e-06
2.253054284008616705e-06
1.877073531338018036e-06
1.846061982279313288e-06
1.935755962858546117e-06
2.068920225710158559e-06
2.378445225000509923e-06
2.676178049267464830e-06
2.657419356587100640e-06
2.718097294849690935e-06
2.654618144907565443e-06
2.382844416565688888e-06
2.316442409171641022e-06
2.277313474841101762e-06
2.385409345354683589e-06
2.546203256120256472e-06
2.568911175749362921e-06
2.611444788082971901e-06
2.797937313209356547e-06
2.948985552222636843e-06
2.957190849633591214e-06
2.982276286926276236e-06
2.982880014468427839e-06
3.044435025542372476e-06
3.048558815053664744e-06
3.105987432551361840e-06
3.116660685356054277e-06
3.116878766060186368e-06
3.132815397364946418e-06
3.121222158182603772e-06
2.825528965013284257e-06
2.391954690214928993e-06
2.385103505350325784e-06
3.044924192473375312e-06
3.120059802453086471e-06
3.128882877097469197e-06
3.137463260679019044e-06
3.128049362754265128e-06
3.115974342919803450e-06
3.075981809899643689e-06
3.077246224477881501e-06
3.096725221747602547e-06
3.127427209041038145e-06
3.150839182667911327e-06
3.151308169790655382e-06
3.144455054048747526e-06
