1.306798309707756043e-03
3.106728230350427108e-03
3.723159033188576644e-03
1.594301679058165826e-03
3.252459052703310545e-03
1.365981023680632594e-03
6.725241675639403440e-04
1.880648564764276099e-03
5.984363535948832328e-04
1.561809342764683764e-03
2.393713105283740497e-03
1.894657090191586299e-03
9.585508842297922128e-04
4.267771936573412856e-04
2.494604668231731217e-04
5.015306853882828351e-04
6.593490881055141415e-04
4.579090314929477315e-04
5.041970282178450096e-04
2.959269458173431318e-04
2.187877408331811416e-04
3.649069139202950935e-04
1.539100750945756810e-04
2.300089310666142124e-04
1.040983489499404678e-04
2.152504086799052934e-04
8.944372938373556939e-05
1.236427679509907284e-04
5.554316547193864146e-05
7.587835477302803369e-05
5.537977215067685935e-05
4.643470250453530710e-05
5.849132577662212250e-05
5.079582266029439601e-05
2.822893258336837990e-05
3.364623096383720358e-05
6.509915695718019831e-05
4.619525288935073028e-05
3.686598815901900725e-05
5.027065936419385117e-05
3.672918930580165936e-05
1.619542216681479500e-05
1.362358122723764449e-05
1.623878047066245256e-05
1.898529930343727807e-05
2.035850800303461771e-05
3.587444870214889125e-05
3.803004374350920833e-05
3.328056871695369125e-05
2.109739210679036366e-05
2.080139796077885253e-05
2.124372821271759091e-05
1.465951208324069277e-05
1.583719892764286644e-05
2.210232370165308741e-05
3.366235682234534302e-05
2.983205421732784373e-05
2.161201769321022134e-05
2.449206971679832891e-05
2.492735559224326642e-05
2.067083491031040639e-05
1.737443370846021494e-05
1.459633045624061057e-05
1.394194279610357106e-05
1.143899324208939154e-05
1.798737194240006553e-05
1.937598354034424740e-05
2.074835498966609945e-05
1.790598334612262380e-05
1.427962997382357504e-05
1.223636394665451225e-05
1.026689694633691884e-05
9.798724686308862798e-06
1.168801088423410364e-05
1.319577169852784168e-05
1.864843666019640284e-05
1.894984922553958834e-05
1.493486249624666557e-05
9.023212040243143255e-06
6.724387511710982152e-06
6.170941596655952670e-06
6.679867708652523216e-06
7.095771281774266258e-06
7.385919734017421449e-06
6.891044167580245929e-06
5.315335119298689842e-06
3.537232661270263214e-06
2.803830810833333785e-06
2.159881635792452093e-06
2.357367851724868805e-06
2.664630709187259274e-06
1.726251008071000042e-06
1.645662784768954795e-07
1.450219397569800607e-07
9.619942934385704284e-08
8.119628257410194980e-08
7.802261636842279708e-08
7.341470001927298694e-08
0.000000000000000000e+00
0.000000000000000000e+00
