2.629606311790315832e-03
2.297916692262970146e-03
1.668762285435988063e-03
1.732760164172869762e-04
1.065102253927201160e-03
9.426913076741286375e-04
1.518665396993344437e-03
1.909010472860569541e-04
1.413002885981387872e-04
1.227387326493995119e-04
7.823047705999991723e-05
2.102301166968896984e-04
7.476358022999828718e-05
1.366554989762619324e-04
1.133863976056207113e-04
6.401795788588066159e-05
5.225940270525202761e-05
3.367644579669568816e-05
1.962639536657760295e-05
1.933420188632846388e-05
2.438609889859262003e-05
3.252636632132310844e-05
2.027364599753568402e-05
1.930978036161416875e-05
2.424039145907270557e-05
1.777196060553374636e-05
1.997581897677318908e-05
1.755256212802485039e-05
1.050415430122300459e-05
2.040305541356873041e-05
2.152085591908721045e-05
1.810311458510950380e-05
1.529803206914150964e-05
9.714457382168211957e-06
1.077558834784785709e-05
7.578935248596591076e-06
8.265544220058759309e-06
6.316585263322031994e-06
6.004297179196286633e-06
9.519486392056708703e-06
5.042973669784747148e-06
1.023152466122283382e-05
4.045312230264001264e-06
4.479435068106081974e-06
7.094126670777987005e-06
7.297697539993153006e-06
4.928936479491507195e-06
4.881618988215919539e-06
7.665727820449394866e-06
5.879826603606243565e-06
7.622756958853248505e-06
6.311604801609129982e-06
5.711136547260349083e-06
5.027107241694715266e-06
4.082105358341436876e-06
2.367053477610345125e-06
2.655273947555271446e-06
3.458323733545619240e-06
3.736550737370976566e-06
3.773008883542972530e-06
3.692539473304012986e-06
3.338177435166139647e-06
3.109638325216300295e-06
3.030903925070723664e-06
3.264891031543162884e-06
2.837801362488960599e-06
2.364813682416579353e-06
2.565381498867770902e-06
2.339831016297261436e-06
2.436851713985439381e-06
2.216183914868118926e-06
2.165926899758779043e-06
2.093572413190610303e-06
2.142412191979340220e-06
2.251831536491945117e-06
2.184170091282054575e-06
2.262146904954109144e-06
2.107895856058105585e-06
2.098447216237159762e-06
2.246972714749761121e-06
2.424085311580375098e-06
2.784299428455723850e-06
2.968736653082339148e-06
3.000783580297845448e-06
2.560587496208910145e-06
2.368119086567929899e-06
2.379891080988448603e-06
3.163978673211374257e-06
3.207045736811360001e-06
3.229767731926683184e-06
3.188615369092811528e-06
3.128766666062727032e-06
2.936607837069691248e-06
2.923269429504265385e-06
3.017656109848680695e-06
3.140080955413918175e-06
3.222305872954749453e-06
3.222743291879863195e-06
3.200885290154412338e-06
3.214928207093519489e-06
