1.552178497389870154e-03
1.664388643765147462e-03
9.902689616482758615e-04
1.916095519569464313e-04
6.734986591832882712e-04
1.264936435310410690e-03
7.388114118076180873e-04
5.934313656657207430e-04
2.455991685613692264e-04
6.475871880089060020e-05
5.943800165726046553e-05
1.435189202514414056e-04
2.755382729648471742e-05
4.008294125636325021e-05
5.763995709324453722e-05
7.463601185376289343e-05
4.305330082679575460e-05
3.146603547788895069e-05
4.603429495754868771e-05
6.137020519453229483e-05
6.835689106041552428e-05
2.764201004364702296e-05
2.026725372984983502e-05
2.529734343582352031e-05
1.108496785056547900e-05
1.741430972719369409e-05
2.127554292076440880e-05
1.737400964570701348e-05
1.371767055387031130e-05
1.154107585150174938e-05
1.177128524594973909e-05
1.368501067805363607e-05
1.249216116816606607e-05
7.628522997414528805e-06
6.984412454158341864e-06
7.651302833505671386e-06
5.546516587645098061e-06
6.445881364763750270e-06
5.260340302684605204e-06
5.991882886146314920e-06
5.639984789745384743e-06
6.597001509707874725e-06
4.929449006972098923e-06
6.286985490303350235e-06
5.532217385975892082e-06
6.807161892232150618e-06
5.508719319198368097e-06
5.675573203125907865e-06
1.005631714469353121e-05
5.769908546652840369e-06
3.341866702797129420e-06
3.232939155774956209e-06
2.082815881320008305e-06
1.972206890543725005e-06
2.325605939873986240e-06
2.899352252884549038e-06
4.607605175493815521e-06
4.553103860630120197e-06
4.295274406556005022e-06
3.054410695697278659e-06
2.616285983430055909e-06
2.684003763353419671e-06
2.432549651453008691e-06
2.575572900465800688e-06
3.208633689413775801e-06
3.805588726715147810e-06
3.302322771097234128e-06
2.266464592280960526e-06
2.035458825757966019e-06
1.773228511173744247e-06
1.648156888106738695e-06
1.682225098497734296e-06
1.591460135902963219e-06
1.920975472527602290e-06
1.750310277882888600e-06
1.913867332317803037e-06
1.832711127765841520e-06
1.924876696244750747e-06
2.092210599246830133e-06
2.327811363669951609e-06
2.588648027410574577e-06
2.582962748192071131e-06
2.664338007104157065e-06
2.717284400203992179e-06
2.109986726083226114e-06
2.103556271245423082e-06
2.465506551857923344e-06
3.001814807643288732e-06
3.103237502908293842e-06
3.136396602662061184e-06
3.129268015214835893e-06
3.013489238238976961e-06
2.861881907852607890e-06
2.881902171784801256e-06
3.000090421747103982e-06
3.080348456091561279e-06
3.120935595025610149e-06
3.138213601502854636e-06
3.143763483080174279e-06
3.141579202384869604e-06
