1.213337061929368153e-02
8.726428947062851368e-03
5.423946435233228600e-03
2.116468515533207959e-03
1.664403403908412422e-03
1.323351377782149008e-02
4.650502036239049022e-03
6.851102667241997304e-03
8.762012986680443524e-04
9.344371886317348911e-04
6.604779835873899468e-04
1.126271219590753653e-03
7.719277070855058666e-04
6.391790819068052590e-04
8.340142460615063494e-04
3.686693070861440740e-04
3.145277578319763097e-04
1.212984493333955948e-04
2.152166732250883959e-04
1.132121560512211933e-04
1.343431734009724115e-04
2.264113709054033801e-04
3.331156873799811526e-04
1.156097688548106390e-04
1.429249273121433080e-04
1.400232027480196781e-04
1.016783408560931315e-04
1.079870044658109079e-04
6.265701579717316021e-05
1.947374049588563541e-04
8.399762487112782527e-05
9.331446188721446479e-05
8.267201536435248770e-05
9.255708949800388536e-05
7.035556573557668475e-05
9.911258421235744141e-05
6.359943156337966291e-05
5.964843036089244630e-05
3.108217496014890598e-05
7.543652693334143003e-05
5.843142524955785393e-05
6.270409994108466561e-05
3.915674374894195965e-05
4.280151081128567755e-05
7.364477124746023919e-05
4.878813711837832540e-05
3.885865185862571845e-05
3.367813991197955627e-05
2.631235237658871150e-05
3.069905287416681516e-05
3.680284530212974981e-05
3.162854206702650863e-05
4.729511145128221768e-05
3.874796696189955551e-05
3.878855296050997013e-05
3.039049739405816353e-05
2.383514256987068170e-05
5.878191738081675697e-05
7.431207397946181436e-05
5.144515844641236215e-05
2.463078144169147921e-05
1.937325358890129416e-05
2.418177066365663038e-05
2.417835251894081088e-05
1.918926595802508551e-05
2.061300738027441827e-05
2.787136849792154310e-05
2.213110008944506877e-05
1.785489527386506463e-05
1.898501201429484464e-05
1.832064878829070756e-05
1.859976585063447235e-05
2.359133273904882302e-05
2.726395532300053280e-05
2.211404025757889214e-05
2.123184040626694411e-05
2.198744711610916305e-05
1.152921702559404020e-05
8.460713093130214487e-06
9.470390941272238144e-06
9.330935836692812676e-06
9.608023724207048985e-06
8.136470292012503225e-06
7.042623689498284902e-06
6.514694175056616750e-06
5.825897623770428925e-06
5.658740191128396137e-06
5.724376926747146729e-06
5.660901170832736821e-06
5.780125417128817745e-06
5.642976023661281973e-06
5.898173935260820629e-06
6.497243870834656446e-06
6.356222461772691694e-06
5.769023650066574438e-06
5.596023639838323083e-06
5.562687800837982311e-06
5.662078251774678073e-06
5.549681956548278256e-06
5.715849098740933167e-06
