3.491791553105955733e-03
6.833853982394573652e-04
4.017570255709885596e-04
3.022963182096537432e-04
2.741234519379741634e-04
5.172424439819627452e-04
2.558818782685859080e-04
2.023604617037635532e-04
2.000424493121757833e-04
4.432787646942964440e-05
2.172046137174899098e-05
2.270540988591671886e-05
4.525118509547246856e-05
3.334154333766455155e-05
1.243380050911446497e-05
3.017484544891559437e-05
1.442482237334952062e-05
2.674094168268531177e-05
1.113160319975065047e-05
1.310454045088219121e-05
1.425386841817176348e-05
1.132244911467347110e-05
1.567994796124733809e-05
5.749951501548210887e-06
7.362621822982709196e-06
7.768133233894112692e-06
5.819392388028118582e-06
5.164013640157131764e-06
5.128861430712878375e-06
4.663736147813596179e-06
3.129681337327502996e-06
5.203715755580799817e-06
2.915086141709381481e-06
4.115400704134954826e-06
7.256115464921561739e-06
4.385835746963578193e-06
3.012250226304747224e-06
4.321423932254370588e-06
2.850226706911542488e-06
2.691189254752509093e-06
2.622283879884819870e-06
2.232702997232973018e-06
2.213300869015434769e-06
2.210555158506887202e-06
2.105076058881652185e-06
2.111339416771753587e-06
2.408725218103592673e-06
2.240280058390321086e-06
2.218053292474020353e-06
2.306848876572848739e-06
2.303032905511866298e-06
2.406765921958378311e-06
2.318650723523916138e-06
2.431214195357015964e-06
2.449090158401428461e-06
2.451132233750414076e-06
2.356883690065794301e-06
2.252293140948576648e-06
2.229865995388351503e-06
2.360761440589714721e-06
2.551317025640290694e-06
2.478046979133294701e-06
2.526441600438642567e-06
2.721788913172344784e-06
2.547311501516891112e-06
2.443825859700891071e-06
2.417572212594500178e-06
2.420318142666994711e-06
2.461131017009670363e-06
2.497594707532978953e-06
2.565038680796268702e-06
2.576373269815166649e-06
2.619075524228897724e-06
2.761329089583651118e-06
2.967972202021799625e-06
3.100613390899951844e-06
3.136674748233623393e-06
3.144732791586099560e-06
3.137215163332212099e-06
3.030387757611629556e-06
2.331018318903201777e-06
2.336056600307068578e-06
3.043624210943963915e-06
3.143678069645510713e-06
3.142695885270591239e-06
3.144716779594998850e-06
3.122143908538066846e-06
3.068404361806815152e-06
3.059838091045432007e-06
3.099241923381884425e-06
3.143877308205347826e-06
3.151068030125092009e-06
3.149079335687554168e-06
3.144908446064287355e-06
3.159394054428660940e-06
3.005746269933212511e-06
1.064615183963946215e-06
4.872923565642099046e-07
1.694065894508600678e-21
1.694065894508600678e-21
