3.171789438536330892e-03
6.851474413995445106e-04
4.189175105346771839e-04
2.446030690560323522e-04
5.873110414666804328e-04
5.024028499809736177e-04
1.717022453146097754e-04
2.113949860720288829e-04
7.547315043151757148e-05
2.490422048880888949e-05
6.862299961015621338e-05
3.550137226637110151e-05
7.136374173002189955e-05
5.420875630026811260e-05
2.024468358504384366e-05
4.603761734157654019e-05
2.757161962882753007e-05
3.156684009258268672e-05
1.653669411582327234e-05
1.520653843385611651e-05
1.084889688532135502e-05
2.885118135158038847e-05
2.613006651720431060e-05
7.805667814146495195e-06
1.213485105398466465e-05
1.156874994809481878e-05
6.541608311863824050e-06
7.270601719935509235e-06
4.671070353637798419e-06
4.763179853965085685e-06
4.670681283840022050e-06
3.998411671302557841e-06
4.475792515061007174e-06
4.471078209301007027e-06
3.952515278928783064e-06
4.518907248424681230e-06
4.943419008220434705e-06
3.548766927540707085e-06
3.059433097031950061e-06
4.620453288060600146e-06
3.004584336117264440e-06
2.815001485717440646e-06
3.623889770700145675e-06
3.353832417856219591e-06
2.961041009352252737e-06
2.369579046113098963e-06
2.312694677645168443e-06
2.485701614554035260e-06
2.258481120322430474e-06
2.234797476965077924e-06
2.279077709759022252e-06
2.443627686370997938e-06
2.901883434717312344e-06
2.779041637119547415e-06
2.642469139254040504e-06
3.322592768635970744e-06
2.244402402161459394e-06
2.002335041826183899e-06
2.036803978039360726e-06
2.198328620120905313e-06
2.463484016183556953e-06
2.393284617531944758e-06
1.995198420731565586e-06
2.050005325354579857e-06
1.977808239312864183e-06
1.921302415096820635e-06
1.810274270051932332e-06
1.888468850651615755e-06
2.048607821907831340e-06
2.289006602731466779e-06
2.504240441628413897e-06
2.654514908015071715e-06
2.755100133390605485e-06
2.941466551562005960e-06
2.964681270126801040e-06
3.041721524203270303e-06
3.108470286806666712e-06
3.111996878227759878e-06
3.117770391987097350e-06
3.015126577186629202e-06
2.257653178148726052e-06
2.277134222219798299e-06
3.081340218692414315e-06
3.142942475773260649e-06
3.148914031461648424e-06
3.143659459851514675e-06
3.127438553787716392e-06
3.065848203708517213e-06
3.055566840584947833e-06
3.104083354008285282e-06
3.143108284410290062e-06
3.164357575638237723e-06
3.159451783772053691e-06
3.158514242092544821e-06
3.144284295868012264e-06
2.997018269635712997e-06
4.777016526386984771e-07
1.694065894508600678e-21
1.694065894508600678e-21
1.694065894508600678e-21
