5.678980025778484521e-03
1.276733087426473777e-03
8.044138402292211852e-04
4.563767644268889039e-04
8.272172895068835184e-04
5.641016054110394549e-04
4.223024325836103134e-04
1.670775644805914603e-04
8.264395506455672494e-05
4.026463209281522243e-05
1.569962480966415779e-04
1.214611192723459414e-04
1.694177868198646004e-04
5.338436793343856788e-05
3.687678943950416184e-05
9.747728108322095046e-05
6.418541999718886551e-05
1.030551351647473096e-04
5.319290830755123801e-05
4.227180125839342478e-05
6.006253253685881003e-05
4.124862612493054403e-05
3.777769133580703649e-05
2.156832603932324634e-05
3.258727335303334251e-05
3.682424150223728075e-05
2.477045374475298452e-05
2.883178308428057868e-05
1.444421052463321068e-05
1.931926324182596703e-05
1.466907105613955028e-05
1.142936732440133930e-05
1.453149957770464604e-05
7.908132066168049428e-06
7.997586336012936601e-06
1.062297733684868268e-05
1.402641667012425697e-05
7.887481314341253540e-06
1.085462647766139681e-05
8.501812501176516577e-06
1.096201654886858118e-05
7.585189402317409626e-06
8.328538678820642663e-06
9.247877119959440693e-06
6.401156706452992461e-06
7.041263306471042979e-06
6.010291728172823874e-06
7.726225281595007976e-06
4.247167224287091946e-06
5.946145534226752331e-06
4.152578916600108467e-06
3.713098065188739843e-06
4.057798220880579086e-06
5.156150765639973930e-06
6.633906777145336075e-06
6.934026060918421838e-06
5.064153529119653599e-06
4.640651525968257457e-06
6.026908658422695397e-06
7.200921854793228387e-06
8.715280596826981702e-06
5.608922650876086593e-06
2.877891154474484035e-06
2.775570727531336523e-06
2.554146977093282763e-06
2.513068552198044752e-06
2.565723199081277297e-06
2.813825960450968177e-06
2.896377730659150687e-06
2.493958345440251467e-06
2.568305205843651351e-06
2.351339886613641800e-06
2.261797397135022423e-06
2.279735827750739285e-06
2.200766381657871518e-06
2.159805113106566349e-06
2.576817963153227503e-06
2.901624471812350155e-06
2.945281122175953215e-06
2.783576194434722461e-06
2.303154197736207585e-06
2.354754321559239623e-06
3.223961694232149419e-06
3.292870196041066428e-06
3.284003430414454677e-06
3.319713119220024011e-06
3.254549098915526089e-06
3.017768736164584243e-06
3.005867486833738654e-06
3.198730015471042756e-06
3.319294308863610046e-06
3.398411561233844039e-06
3.387934818871498313e-06
3.363774523179077906e-06
3.374457807002498736e-06
3.008730044940770507e-06
2.019220572574841671e-07
1.582892808089159406e-07
9.624525147829541435e-08
1.694065894508600678e-21
