3.643092243307472639e-02
9.480113339896310831e-03
4.761997964165621058e-03
2.196539957904674809e-03
6.057940653396418074e-03
1.722712435742427975e-03
4.923389578887341946e-03
2.459457439839727536e-03
1.616577575474115744e-03
1.074546531299182175e-03
1.095664916896015159e-03
6.462765435544402717e-04
4.269357003630291588e-04
9.083611697533671781e-04
5.681014834989434655e-04
6.841223324662655710e-04
3.365126310947358975e-04
3.298451076752264254e-04
1.845641968742981311e-04
2.297714085204378889e-04
1.941251260042432965e-04
1.970882936673469716e-04
1.875125640893164929e-04
1.184348994459963594e-04
1.702620909888673099e-04
1.350212050502806900e-04
1.131298737463506965e-04
1.627324729493479112e-04
2.878112058147343005e-04
1.779777470700724781e-04
1.313615113912909181e-04
1.906571706844993315e-04
9.980048606255424650e-05
7.705169019228561228e-05
6.240455878434479837e-05
8.156721750196412556e-05
7.685388131823195292e-05
1.338577570791819004e-04
6.172226378368406705e-05
7.722136697288416673e-05
6.588239240104640671e-05
6.553787556689760958e-05
1.031796190282326136e-04
1.038070698091589052e-04
4.390351656379074837e-05
4.211795104616585525e-05
4.736682426756172373e-05
4.848095717289995784e-05
3.419990604891218254e-05
5.318574142925775123e-05
5.529566852271733249e-05
6.035645434216977198e-05
3.638841991680609103e-05
4.008607562807054673e-05
3.639019808581259332e-05
5.180612400704103681e-05
4.037883992763405505e-05
2.480259130141617357e-05
3.143082794790609199e-05
4.218362517661795912e-05
3.013020463422101422e-05
2.866301184348217829e-05
2.386516962716002469e-05
2.735187168845751597e-05
2.842141724554326585e-05
3.425963141662520794e-05
3.237289091735017578e-05
2.395604970762679406e-05
3.024193141706468200e-05
3.123129710992819213e-05
3.933209030368684629e-05
3.418462111967320114e-05
2.250121941134841771e-05
1.765901767477799403e-05
1.744307630722398986e-05
1.639264515671635131e-05
1.548950791257438193e-05
1.561806464092039878e-05
1.505518498183261551e-05
1.313044044645222334e-05
1.349029271885873078e-05
1.279316215950323183e-05
1.269865802928151327e-05
1.265525390909528207e-05
1.268088381545811126e-05
1.279051360857386313e-05
1.247588686379222795e-05
1.335015390673557609e-05
1.269114063812118390e-05
1.287281962922882655e-05
1.247421696297262024e-05
1.263496616636650907e-05
1.255822604985798110e-05
1.257589738468326335e-05
1.245316140191722795e-05
3.140343355666724688e-06
1.240876270533874650e-06
0.000000000000000000e+00
0.000000000000000000e+00
0.000000000000000000e+00
