2.578425091572611981e-03
3.292097063861542804e-04
5.331200727791672329e-04
7.331185938601759294e-05
3.237907729232064645e-04
1.663463125431358450e-04
7.270827905237304222e-05
1.065333661468054931e-04
6.329330994380238614e-05
9.129023717578172879e-05
7.692399815785856774e-05
3.467046691496038159e-05
1.989967985207004666e-05
1.599294192308137736e-05
1.448437340524330233e-05
2.246511934132556476e-05
1.120401908896161406e-05
6.058145656128323889e-06
6.432551411741437659e-06
1.126935350345725172e-05
1.302378261223861570e-05
5.457804889604401122e-06
5.840168962694768045e-06
6.628958942759485219e-06
5.981105101087818660e-06
6.978817728406703647e-06
3.718913314244294358e-06
4.128090348596120242e-06
3.615899076160587292e-06
2.876252803271625566e-06
3.308962394973830557e-06
2.703803205483941194e-06
3.443568862906504684e-06
4.060650657484061524e-06
6.110457932689309966e-06
4.006710470585281318e-06
2.708351271695203278e-06
1.954164647084437372e-06
2.275058392865838649e-06
2.332179745912450140e-06
2.105708898939794384e-06
2.142757354154965672e-06
2.107616698764254279e-06
2.182405014655017604e-06
1.954617483873224785e-06
2.069761880254559940e-06
2.048983261574066778e-06
1.951166616903426787e-06
2.012318854543101625e-06
2.077342308538933765e-06
2.110631085274102574e-06
2.011259204002443210e-06
2.009153060590350357e-06
1.960408602534664111e-06
1.933009557272976488e-06
2.160324216509315463e-06
1.916690382880432147e-06
2.129229399251257824e-06
2.096328508295245423e-06
2.057196996455771151e-06
2.252770718718239608e-06
2.302844304948813685e-06
2.406206471348354801e-06
2.425769417423785035e-06
2.522052946632073509e-06
2.727989182039379312e-06
2.882372545394445418e-06
2.962740810070172067e-06
3.006858819309463670e-06
3.073406799091462484e-06
3.004350929965517359e-06
2.994821284518417858e-06
3.118957023352933825e-06
3.140451790879966933e-06
3.130984147008572348e-06
2.393888973415104786e-06
2.356003097447920007e-06
2.609533389178095089e-06
3.169439242099115071e-06
3.158175369486809327e-06
3.158039188338643713e-06
3.167545791694199341e-06
3.077718352825247112e-06
3.021083482931702548e-06
3.042811551986564243e-06
3.114400435094327473e-06
3.159011101476011432e-06
3.177344541467350591e-06
3.182824384390172370e-06
3.167370528026941341e-06
2.794885701430565724e-06
3.460770189212892768e-07
1.694065894508600678e-21
1.694065894508600678e-21
1.694065894508600678e-21
1.694065894508600678e-21
1.694065894508600678e-21
1.694065894508600678e-21
1.694065894508600678e-21
1.694065894508600678e-21
