6.165508427760420934e-03
1.219961262257517444e-03
1.096613568724341898e-03
5.066246082968069208e-04
6.063581538821469176e-04
7.734097818469029420e-04
2.274177567111049312e-04
3.271404701206946674e-04
2.031596347240517578e-04
1.094626161233080698e-04
2.320284239343880638e-04
8.911131556099270885e-05
7.816728080594697529e-05
5.313747212267513881e-05
6.434648556449454717e-05
5.659427538472226250e-05
9.995487161258039530e-05
6.804215224830976766e-05
3.572575641008362445e-05
4.279744146845991651e-05
4.251733623086798329e-05
1.710931372945074177e-05
1.910604867352282639e-05
4.672610684557634484e-05
2.048291088299919002e-05
2.386288126473375040e-05
2.764138583349679321e-05
1.608871506632333199e-05
2.279564388542727028e-05
2.659429100624779890e-05
1.444354150027924480e-05
1.005708950537215257e-05
9.856085854303372576e-06
7.904821898782340517e-06
5.637602087080122201e-06
1.170020917151215396e-05
1.879133043760874327e-05
7.381509960261471548e-06
7.568805234925430498e-06
9.878740905490026781e-06
8.183147062275420691e-06
1.050873316554076340e-05
1.134481904578327143e-05
7.475534262629093726e-06
5.651270906210378974e-06
4.114656338815616049e-06
4.848051021086009740e-06
4.078162624145483970e-06
3.500102957461872019e-06
2.551900342219404242e-06
3.029046439450898648e-06
7.586754870942839912e-06
4.467405355078430000e-06
3.408376310514857211e-06
3.654404176132039322e-06
3.501124672672914691e-06
2.738869943179473224e-06
3.401185560024962344e-06
4.601171425934922874e-06
2.655929582114920989e-06
2.266990905949829289e-06
3.187004918213638216e-06
2.437430049068238034e-06
2.072279706024383449e-06
2.059045016964401992e-06
2.047317591499008114e-06
1.859773331070899936e-06
1.921443099365042504e-06
2.015152596805373097e-06
1.961627815552262290e-06
2.028136936700727333e-06
2.123252300080362505e-06
2.162709611260393902e-06
2.401388085234148574e-06
2.809270185749179987e-06
2.264693698542113692e-06
2.313464750758419103e-06
2.830155226365509989e-06
3.122451426601442463e-06
3.140692865122978713e-06
3.146341310220109541e-06
3.106515204953307967e-06
2.987114565062030718e-06
2.846869601455762128e-06
2.944361115223766415e-06
3.074963205921824719e-06
3.152444597938354087e-06
3.174965981344066305e-06
3.160922006079174798e-06
3.162834134310666241e-06
2.090333112974084465e-06
1.694065894508600678e-21
1.694065894508600678e-21
1.694065894508600678e-21
1.694065894508600678e-21
1.694065894508600678e-21
1.694065894508600678e-21
1.694065894508600678e-21
1.694065894508600678e-21
1.694065894508600678e-21
