8.408900947158298375e-03
2.083096340574333918e-03
1.442264797992728930e-03
7.621952570148145039e-04
6.499436598156051962e-04
1.304328752258891028e-03
4.135350527648422227e-04
3.338366422040481393e-04
2.272217340817088839e-04
2.978642059161216711e-04
4.173413108536333082e-04
1.960102641412743256e-04
2.225328992303949834e-04
1.404055555967770221e-04
6.339255779461914738e-05
5.058139189501916481e-05
1.246338657300553497e-04
3.400237586390873350e-05
6.594920900557033939e-05
8.567602582299849515e-05
4.680208941335861086e-05
5.032683726195686709e-05
3.894727715408446414e-05
6.221235296392159278e-05
5.552319085188412508e-05
4.136492891945258804e-05
3.259652957284752642e-05
1.926758332862242909e-05
3.949456512770365806e-05
2.527547384709142130e-05
2.998520633171119243e-05
2.030287876688911385e-05
2.298471420295312805e-05
1.213583953210377653e-05
1.599026119182239315e-05
1.304818039782101104e-05
1.026304820359433282e-05
1.702336435793425841e-05
2.252300027874850155e-05
1.719082050776701181e-05
2.598309465462576314e-05
3.452664417800976361e-05
1.345493866987449133e-05
1.438508316551126861e-05
9.516339423393148031e-06
1.580747324851000383e-05
1.226824388593537464e-05
8.293307513780024499e-06
7.268152728292640327e-06
6.515392527031113227e-06
2.016720936326788093e-05
2.628199211275834550e-05
1.575811730116864333e-05
1.265541503561111183e-05
1.274196172725757331e-05
6.676666215214468648e-06
5.826460209583026336e-06
4.818688544443371850e-06
5.567753864971560990e-06
6.590229625569959386e-06
4.826104098076231787e-06
4.347376706045895710e-06
4.307136250334279663e-06
3.414046521722447882e-06
3.489452351748667706e-06
2.996402693340061433e-06
2.847452705331359410e-06
2.174472742113660502e-06
2.857437286851503902e-06
2.633277815310728049e-06
2.178698737771640204e-06
2.005397331848730034e-06
1.987349768140143848e-06
1.976683770816958890e-06
2.058647442735192847e-06
1.803631252577379426e-06
1.844677368736452326e-06
2.654691804869553108e-06
3.043112168370325153e-06
3.124219441559633176e-06
3.126475806973194436e-06
2.926150148513411698e-06
2.546448076080144772e-06
2.498015725601235660e-06
2.533803967865665854e-06
2.715856144032771979e-06
2.808672080346533293e-06
2.894229795969455407e-06
2.963554359252930412e-06
3.100092709333473796e-06
1.416793210519091933e-06
6.529470238578553095e-08
0.000000000000000000e+00
0.000000000000000000e+00
0.000000000000000000e+00
0.000000000000000000e+00
0.000000000000000000e+00
0.000000000000000000e+00
0.000000000000000000e+00
0.000000000000000000e+00
