1.000867485353605082e-03
4.800531583169447003e-03
2.610833663222156785e-03
4.864982643881116293e-03
5.061216997325423093e-03
1.240385699995683261e-03
1.113059696542878724e-03
1.447434485854937926e-03
2.518493775696468116e-03
1.636116846454764746e-03
2.531212065690284074e-03
5.895991732109450052e-03
2.212655484262175069e-03
2.367975095212153727e-03
1.346231923563224846e-03
5.670218737978945187e-04
1.157363992776640638e-03
8.037348433583168432e-04
2.109633847443309184e-03
4.202246579489201392e-04
3.541127227290544600e-04
7.055384988455319596e-04
3.055941624131343890e-04
1.783431594517479444e-04
1.850705352375639479e-04
1.786648876190806217e-04
2.127298561483429915e-04
3.189315329079873778e-04
2.488777104229319037e-04
1.943949411439033388e-04
1.879987436474178533e-04
1.775521884139276722e-04
9.974706769932142848e-05
1.113574959291630765e-04
9.301134162299007694e-05
6.891096648796576560e-05
1.109934227515590869e-04
8.509015682517959232e-05
6.397943912053479355e-05
9.035406721921781798e-05
1.009970475274106049e-04
6.019771920335941721e-05
5.286850170072280480e-05
7.077245378055155235e-05
6.224552670487452347e-05
6.334240975037610318e-05
6.409688961904985813e-05
6.819903181090407850e-05
4.379281994159743059e-05
2.380764442417403131e-05
3.308548171762827644e-05
3.742882885748409353e-05
3.032696251023867025e-05
2.864005924997288543e-05
4.868637640324199086e-05
5.098486756950688139e-05
3.173625525789778836e-05
2.847451681158271798e-05
2.399512236594677844e-05
3.635043045912456528e-05
2.447730209468680017e-05
3.149391906630300025e-05
2.770299278267046808e-05
2.939098424182507046e-05
4.006731001432884548e-05
4.209262946519319511e-05
4.754980408235307064e-05
3.156109337743723004e-05
3.987928560328369410e-05
3.662723640793421741e-05
2.385707347417007909e-05
1.910154709053807972e-05
1.523518014130500059e-05
1.751134988144419969e-05
1.698979226313709646e-05
1.775141327897665364e-05
2.188049547793310037e-05
1.684791295713966257e-05
1.794406938962198782e-05
1.301350141434867629e-05
1.119580629898312001e-05
1.346865565948716304e-05
1.586257557392582626e-05
1.538102593642922363e-05
1.148897076710231647e-05
9.552502120957347641e-06
7.225013183821080209e-06
5.964737963965292726e-06
2.571703545041804386e-06
1.865798939358085568e-06
2.177246346535874836e-06
1.977429014511153800e-06
1.558706642176194242e-06
2.677999503606564974e-07
2.383569413469653342e-07
2.216162234554855408e-07
1.696498383515044407e-07
1.694065894508600678e-21
1.694065894508600678e-21
1.694065894508600678e-21
