1.519711624913219761e-02
5.461838839639805709e-03
2.447548383576193722e-03
2.810461015924225255e-03
1.762903108507575447e-03
2.291885939752548364e-03
8.521412291284430514e-04
9.682989933793800883e-04
1.159330328369634084e-03
6.252507004969967176e-04
1.042336045789088927e-03
2.874233496533178307e-04
2.768276429938254990e-04
7.293159372404405504e-04
4.404756137291003233e-04
1.676546960023497660e-04
1.616498974609096890e-04
2.237552518759262454e-04
2.588266848328801611e-04
1.747655775029502304e-04
2.223195668159112749e-04
1.475956122098666628e-04
1.573376414752407522e-04
1.080256562012260168e-04
1.376718481734489458e-04
1.285496340874578522e-04
2.813373912970616405e-04
1.375433368331051439e-04
8.834607541265163892e-05
1.578054415560277283e-04
7.159207695515892172e-05
1.315024615333616341e-04
6.324383173599143135e-05
8.283406681786359296e-05
8.034816577262834177e-05
6.281394219664445853e-05
1.092710073210548727e-04
4.911295037622742931e-05
4.661698769300990134e-05
3.858272477207986038e-05
3.673389625260236186e-05
7.221256733413354903e-05
6.903467432492595222e-05
4.712629536349259790e-05
4.434862906606006251e-05
5.577481702575029613e-05
3.413395919931454692e-05
5.177351810067306839e-05
1.062885990832046170e-04
6.507316475948581784e-05
1.000081768901338021e-04
7.259112597276143439e-05
4.195864912316355324e-05
3.908184082194923731e-05
2.518022699719492548e-05
3.956233109667442200e-05
3.417253882712641513e-05
1.910629122222429354e-05
3.418313391096981812e-05
1.764228804309971905e-05
2.441905409454168629e-05
1.348765970081847140e-05
1.071038743122827095e-05
1.191338608513931190e-05
1.558265164771105657e-05
1.861466726904055383e-05
1.572803973742692034e-05
1.468604471083110138e-05
1.982261410336655158e-05
1.839832191919971098e-05
1.019423963010274227e-05
1.204756432456452569e-05
6.375487638314761292e-06
7.436305006951992199e-06
5.844567642024840995e-06
5.396160292988692068e-06
6.057439037507987533e-06
5.226409708321837486e-06
5.108332906913590688e-06
5.238430058856668882e-06
5.263322526206565761e-06
5.246359197370068246e-06
5.397738353352524637e-06
5.739816002232688320e-06
5.186045346081473498e-06
5.651481233168140294e-06
5.159896330401343225e-06
5.268586140261495969e-06
5.240894588685382149e-06
3.972009724371435337e-06
2.201299315351947432e-06
1.250147532547050249e-06
1.080940940617493330e-06
0.000000000000000000e+00
0.000000000000000000e+00
0.000000000000000000e+00
0.000000000000000000e+00
0.000000000000000000e+00
0.000000000000000000e+00
0.000000000000000000e+00
