1.148032837090246514e-03
7.335873835238395941e-04
1.403174857223090451e-04
5.847860905202070065e-04
4.267604328588265141e-04
2.087972287678043827e-04
1.849093436184110970e-04
1.275680187788004504e-04
1.585128790334997879e-05
4.384268601874301079e-05
1.615823275932795557e-05
1.815761926713118521e-05
2.822248421526126267e-05
1.684161313447715677e-05
6.579129982633611938e-06
1.592673127451850197e-05
7.967585444163647495e-06
5.470296074856024950e-06
8.908541056621125219e-06
4.543543734628633369e-06
3.486976829399417902e-06
3.700506060023386515e-06
5.725931851719319985e-06
4.416844457691387696e-06
3.527470877272485231e-06
2.202168158034661614e-06
2.229337371709561322e-06
2.133707397987729402e-06
2.947413381826095652e-06
2.413604700770466426e-06
2.765223571695051802e-06
4.791442288966604000e-06
2.833484978381592568e-06
2.102099354187735690e-06
1.813822565172605951e-06
2.044183939343940825e-06
2.028271290012018932e-06
1.963175043268715166e-06
1.893208333802392178e-06
1.840999850040343246e-06
1.869699972535182916e-06
2.029705513580026785e-06
1.985086274575990696e-06
1.785636708811265356e-06
1.843158914217410302e-06
1.969531398164533738e-06
2.368629668254953650e-06
2.323222851738839774e-06
2.204451410553236978e-06
2.285797905867498234e-06
2.156914216958556220e-06
2.249244009500907624e-06
2.423519086112566608e-06
2.435758666401094479e-06
2.357923124453770304e-06
2.474802972523512300e-06
2.520095658142744473e-06
2.540303257522108897e-06
2.560453049089326537e-06
2.521400867787801185e-06
2.515518503830564706e-06
2.602191022142617569e-06
2.818340275897729843e-06
2.977683644738809509e-06
3.049510476873378717e-06
3.047715791572366693e-06
3.051372115804000162e-06
3.051457407035356108e-06
3.136703254437266910e-06
3.127394111349008317e-06
3.002636798857331734e-06
2.276380167514678477e-06
2.207696634013488915e-06
3.017388057864600293e-06
3.127102721169681995e-06
3.149969492524875605e-06
3.122475578028864228e-06
2.979820880628031070e-06
2.854362421232301001e-06
2.982519308624801128e-06
3.096241291491824666e-06
3.148752489857105179e-06
3.145322087201291825e-06
3.149223388317298952e-06
3.111854839060253252e-06
2.042306270080451187e-06
8.123893262132551302e-07
4.100661006679726765e-07
4.161709923554982445e-07
4.841491848425945563e-07
4.928801492560138701e-07
4.043555909788418547e-07
3.040684938635372602e-07
2.124015925438301458e-07
1.694065894508600678e-21
1.694065894508600678e-21
1.694065894508600678e-21
1.694065894508600678e-21
1.694065894508600678e-21
1.694065894508600678e-21
