1.571231091968244625e-03
1.058669537864950858e-03
1.285366601972746741e-04
9.658113905370810945e-04
1.136838762286613647e-03
1.025838762404605430e-03
6.540437636939996262e-04
2.654653164325739305e-04
4.045129785274996758e-05
8.018354640760987399e-05
2.460623199856557260e-05
4.566466780219411277e-05
1.403565979117081368e-04
4.876386418242374161e-05
1.209315351850186686e-05
2.894931271476428050e-05
6.562934321854777128e-05
3.101640759159384733e-05
2.803164788576692333e-05
3.947037959506563288e-05
1.257171380340817972e-05
1.638084806192247446e-05
1.692023995269970881e-05
2.371417317118515555e-05
1.354246591584377151e-05
1.072313894924192238e-05
7.088099210965553445e-06
4.910543789153433411e-06
6.646707821206489403e-06
6.376257969916082802e-06
5.976418394969933710e-06
5.154036801651968138e-06
6.903859215666391365e-06
3.407164541825228393e-06
3.461046622228913527e-06
4.133637838118617588e-06
3.364172358574189882e-06
3.364334535234666816e-06
3.936078260066753621e-06
4.226461617534081482e-06
6.475453149729684440e-06
4.714358246818456246e-06
4.354865818869782454e-06
5.265180282406435471e-06
3.976063110170756067e-06
3.454798569634781039e-06
1.902726865241098772e-06
2.535475286741356312e-06
2.855804150178788599e-06
2.568680131775181784e-06
2.693338308901358417e-06
1.916994019299185202e-06
1.820568454710107642e-06
2.161771600500425472e-06
2.007863471619013821e-06
2.644597024631149086e-06
1.899872750375500136e-06
1.916026024153689802e-06
1.804404310443230532e-06
2.057941677247486628e-06
2.017037804483111001e-06
1.670368917204198822e-06
2.011740783759090990e-06
2.427624420313371190e-06
2.349116024084448957e-06
2.607822450324978333e-06
2.695500962226938932e-06
2.833768111276069557e-06
3.004146794045018406e-06
3.072004986758427015e-06
2.963039441715604429e-06
2.141711812519934909e-06
2.169345804980389661e-06
3.072108185915325116e-06
3.086317805477432764e-06
3.139975912426527547e-06
3.122864929591326339e-06
3.027232325103327272e-06
2.936174058639187225e-06
2.949550984609584798e-06
3.091061759331129129e-06
3.152559917593559050e-06
3.154039728851201101e-06
3.151403728859007862e-06
3.093431436075122083e-06
1.665733269967338599e-06
5.821049345809837191e-08
1.694065894508600678e-21
1.694065894508600678e-21
1.694065894508600678e-21
1.694065894508600678e-21
1.694065894508600678e-21
1.694065894508600678e-21
1.694065894508600678e-21
1.694065894508600678e-21
1.694065894508600678e-21
1.694065894508600678e-21
1.694065894508600678e-21
1.694065894508600678e-21
1.694065894508600678e-21
