3.393582239302319736e-03
1.847079796695187638e-03
3.404627286876103407e-04
1.783560441526452125e-03
1.485364839200220251e-03
1.386100810631257134e-03
1.339328204607860692e-03
5.717178302630218688e-04
1.366877418766250204e-04
2.334371097206058322e-04
4.394820221432995685e-05
1.646857270907939579e-04
1.582417777404200717e-04
6.264408227384446731e-05
4.143647913047075965e-05
1.079947552322402948e-04
9.233251484699173638e-05
4.470400964159639061e-05
5.142060197285401612e-05
7.054322892450289473e-05
2.949248621740613153e-05
3.048601977923201658e-05
3.277487770166097255e-05
5.039658031847844865e-05
3.276715290447467188e-05
2.426708471277014411e-05
2.096837039094716433e-05
2.432137052995882680e-05
3.228028124663968846e-05
1.021952830494990205e-05
1.861732414037876808e-05
1.761140540310845735e-05
2.439808420664881783e-05
1.228676622964002660e-05
6.377307128515063304e-06
1.263480330315395877e-05
1.262772081642649670e-05
6.724332536319911224e-06
1.458386416332621521e-05
1.401343157846992323e-05
1.004475045880215589e-05
1.188927335783819887e-05
5.749484953624886398e-06
7.353206853114272730e-06
7.652038627754727748e-06
6.708237499296230471e-06
4.417891024496276741e-06
7.858280306482003390e-06
1.156668622625122357e-05
1.681751537339794804e-05
1.449217597116142765e-05
1.132234155588704601e-05
8.762938544606527731e-06
1.157535364852997724e-05
1.067552957059689990e-05
5.787295036399722306e-06
5.611196978210951440e-06
4.447801541699277773e-06
3.564971531062064567e-06
3.403098896472784878e-06
3.480410352464988929e-06
3.974455560666150295e-06
3.516917032729914234e-06
3.124322905093311549e-06
3.205083767132481998e-06
2.741761480520851760e-06
2.417479205224152864e-06
1.940112643980698219e-06
1.916080041015608361e-06
2.174269922336146331e-06
2.130609816559660515e-06
1.666144581287388813e-06
1.773990423015404529e-06
2.489977691652881933e-06
2.873853719527035400e-06
2.989468054055364485e-06
2.916519264916249882e-06
2.431195488116461792e-06
2.267409769364531913e-06
2.382729564951081371e-06
2.649027563029293045e-06
2.897906542386898435e-06
2.954893552864209696e-06
2.961921291878732110e-06
3.102230079525279516e-06
4.742315571389300417e-07
1.694065894508600678e-21
1.694065894508600678e-21
1.694065894508600678e-21
1.694065894508600678e-21
1.694065894508600678e-21
1.694065894508600678e-21
1.694065894508600678e-21
1.694065894508600678e-21
1.694065894508600678e-21
1.694065894508600678e-21
1.694065894508600678e-21
1.694065894508600678e-21
1.694065894508600678e-21
1.694065894508600678e-21
