8.667143811465695402e-03
5.253375826030891489e-03
5.740636716167747634e-04
5.387473203831310599e-03
5.773339999550754394e-03
3.147501042880369426e-03
6.430521788857724609e-03
6.006872368777349059e-04
5.653377920595873633e-04
1.817328339387845734e-03
2.404033741969055667e-04
4.178269749329617208e-04
8.279243826864490004e-04
5.328625710058750107e-04
1.611428458312465109e-04
4.844813920137977644e-04
2.612596808430763212e-04
1.267326919252764392e-04
1.540256871938988073e-04
2.068984000155353001e-04
2.055692491358485172e-04
1.332777953930313372e-04
1.329143111022401962e-04
1.234418724161990015e-04
1.012720170923588211e-04
1.208481546207171146e-04
7.754073733579228231e-05
1.296997699563711684e-04
1.470098508916721188e-04
3.970859260496547216e-05
8.298384302140878572e-05
6.846677212069855940e-05
5.196784796635534179e-05
3.376925878164931583e-05
5.692795406599353151e-05
4.169797963911400801e-05
5.267500189437679240e-05
4.612794919671541616e-05
4.561907751038988922e-05
6.263155468980866958e-05
7.448892841281913959e-05
3.351406859467866151e-05
4.057446803102328814e-05
3.345136463382426253e-05
1.773290278246483835e-05
2.975011986305921071e-05
3.395870309568637676e-05
3.751563167216469805e-05
2.437818479947302241e-05
6.966261890321788475e-05
3.572344867657706237e-05
3.306681725363967223e-05
2.336146485952828722e-05
2.065738449586399983e-05
3.303948010990610243e-05
2.244486089891718788e-05
1.318131220266142803e-05
2.017493809857912371e-05
2.727647911826513012e-05
1.426232244420932504e-05
1.958645217891340090e-05
1.765499259580261018e-05
1.819109970780546405e-05
1.100861087548254165e-05
1.262825524188185153e-05
1.145916602271624524e-05
7.055538371178180157e-06
9.035763465038602557e-06
6.662512668970619241e-06
5.535844267785949343e-06
3.763500015108589411e-06
2.801423166770030821e-06
2.427237538575115715e-06
2.197432555018475437e-06
1.967530535074580535e-06
1.649590740773756895e-06
1.628635295031558313e-06
2.316469648082997142e-06
2.950536393576771145e-06
2.068400711850665982e-06
1.870080619630073501e-06
1.747059161002927719e-06
1.845008108768590385e-06
1.885116488181050805e-06
2.389784504131845425e-06
4.697565794702586869e-07
3.833691165928600060e-07
4.340457490061807304e-07
2.568547053855286289e-07
1.706159810318005098e-07
0.000000000000000000e+00
0.000000000000000000e+00
0.000000000000000000e+00
0.000000000000000000e+00
0.000000000000000000e+00
0.000000000000000000e+00
0.000000000000000000e+00
0.000000000000000000e+00
0.000000000000000000e+00
0.000000000000000000e+00
