1.326360828119466399e-03
2.353424374676631094e-03
2.648221111876762602e-04
4.943494646487105052e-04
3.982054351683346352e-04
1.907775047201498632e-04
4.032181485098268464e-05
9.352328035366311472e-05
8.469695923022516125e-05
7.218687201118028100e-05
2.030125905918242523e-05
5.001211733220882401e-05
2.028265823582900217e-05
1.812973620154095480e-05
1.052599424223461009e-05
2.417737223163746654e-05
9.966503259221550214e-06
8.565163222365233364e-06
1.544075831381879998e-05
7.669336114445368994e-06
4.932814186684434830e-06
6.375846645372325739e-06
5.597402002251150600e-06
4.453691108736760859e-06
3.563330214581497390e-06
5.565185149544470143e-06
3.472616792451966549e-06
2.599186262906075342e-06
2.767646607833982033e-06
2.826398628416428346e-06
2.897276986313818864e-06
2.928830880880945200e-06
2.713064386928366849e-06
2.218099110490999526e-06
2.969992757142730375e-06
3.699814612453152239e-06
3.750699378035813832e-06
2.155664273789749231e-06
2.866648955664403358e-06
1.999399973931506357e-06
2.405400323113672126e-06
2.302712390522288395e-06
2.335839228230382098e-06
2.349037256348228289e-06
2.283797340482810197e-06
2.452797486303047669e-06
2.438447816862448569e-06
2.445040743416793551e-06
2.473356639088844278e-06
2.578717882798756138e-06
2.535197052019893618e-06
2.283413629664190528e-06
2.298727275332255509e-06
2.451375054676496287e-06
2.635706791671768478e-06
2.662751541582413101e-06
2.736095373754153237e-06
2.759375566160003980e-06
2.806182413876758685e-06
2.868612084356518442e-06
2.846924787117319601e-06
2.906770631091574572e-06
2.910109940719768733e-06
3.051659472153917627e-06
3.115705551688442968e-06
3.130399091383886672e-06
3.025261125088101568e-06
2.339479711809428912e-06
2.387666427010701310e-06
3.082574999666035535e-06
3.151627831025624314e-06
3.151034844206924817e-06
3.137602252603349563e-06
3.121940440495379884e-06
3.104438904514064261e-06
3.133550792177253250e-06
3.175367631506188710e-06
3.189590660663844206e-06
3.183606012472021071e-06
3.134931397022837398e-06
1.903017141850250463e-06
7.420122697961069810e-07
1.582490117113345004e-07
3.388131789017201356e-21
3.388131789017201356e-21
3.388131789017201356e-21
3.388131789017201356e-21
3.388131789017201356e-21
3.388131789017201356e-21
3.388131789017201356e-21
3.388131789017201356e-21
3.388131789017201356e-21
3.388131789017201356e-21
3.388131789017201356e-21
3.388131789017201356e-21
3.388131789017201356e-21
3.388131789017201356e-21
3.388131789017201356e-21
3.388131789017201356e-21
3.388131789017201356e-21
