2.000707838832572853e-03
3.745128221295444121e-03
3.850664139612686274e-04
6.888397634436952072e-04
5.712458096310021709e-04
8.493637524566323817e-04
9.230498282474658422e-05
1.578657226924563687e-04
7.406038563144139056e-05
4.771350976731730212e-05
3.214713631635563281e-05
1.453419846698289942e-04
9.181301256715411463e-05
3.974641711182202623e-05
5.647608899767835332e-05
1.719855082805015441e-05
4.187284967421172813e-05
3.839487036836963319e-05
3.118857008256455631e-05
1.993624861833736368e-05
1.365157209205404310e-05
1.765334397678623154e-05
1.653696370974754785e-05
1.518743065390288437e-05
1.420190548676643705e-05
1.119283788378532416e-05
7.777395028420000894e-06
8.113880676894323786e-06
1.378739743555362627e-05
8.207398280471343429e-06
6.145724898884502915e-06
9.154504396520357369e-06
6.688476086318366933e-06
6.128067064934197500e-06
5.887756436695364635e-06
7.396401327756170320e-06
7.956932026997321075e-06
3.402527138309039133e-06
6.282292011680097898e-06
3.864016260355885008e-06
5.629778005563526381e-06
3.575527915637801882e-06
2.715886316912063934e-06
2.744024972010038042e-06
2.298301951974987084e-06
2.148287039603081034e-06
2.472916871434712101e-06
2.703860681571044257e-06
2.644280840434293050e-06
2.354881445731045789e-06
2.991051381817573743e-06
2.656484863047118047e-06
2.257807048657799386e-06
2.223010060893811829e-06
2.193730532557808533e-06
2.125888349020617873e-06
2.586354996248921952e-06
2.025815532633142897e-06
1.976144505599503234e-06
2.071976069531901681e-06
2.117001969844467774e-06
2.149065432910265928e-06
2.320866242083037422e-06
2.508867985284419729e-06
2.622628509338544740e-06
2.901375908190275506e-06
2.936374052787642660e-06
2.345991168529319578e-06
2.418419507048316173e-06
3.140803877415507402e-06
3.193254624508450295e-06
3.204457770566029661e-06
3.038278779159277753e-06
2.975047957216053225e-06
3.008994306777395618e-06
3.078622554752833059e-06
3.145390003843047063e-06
3.178299239155843915e-06
3.211880998565643102e-06
3.165843038889161706e-06
1.498315791168719981e-06
4.498593396383427868e-07
3.163349342882689549e-07
2.377370712855856014e-07
1.129698673826296828e-07
1.694065894508600678e-21
1.694065894508600678e-21
1.694065894508600678e-21
1.694065894508600678e-21
1.694065894508600678e-21
1.694065894508600678e-21
1.694065894508600678e-21
1.694065894508600678e-21
1.694065894508600678e-21
1.694065894508600678e-21
1.694065894508600678e-21
1.694065894508600678e-21
1.694065894508600678e-21
1.694065894508600678e-21
1.694065894508600678e-21
