2.474365081871308415e-03
3.599279319729383961e-03
5.920577746003377563e-04
8.957488819147245472e-04
6.804601265492858349e-04
1.326351259743523700e-03
1.212141774696805615e-04
1.809441137322201961e-04
2.239568207910351365e-04
2.750845262663306821e-04
8.917328941249492709e-05
2.050589339588536016e-04
1.469860603078477915e-04
9.079398981677227001e-05
5.655028538408055620e-05
1.298118633780315787e-04
1.183710303922068673e-04
1.127455617797645316e-04
6.094979187887422949e-05
4.563126537991369313e-05
3.643677374045091618e-05
4.703475776261345064e-05
2.054679244030783723e-05
3.324517073045980348e-05
4.692175342546693980e-05
3.639475121717461800e-05
1.554943303419261012e-05
1.627793513082981678e-05
1.726613134811079398e-05
1.804924570531907309e-05
1.352598681789669841e-05
1.218535365159902080e-05
1.432568393026687113e-05
2.093190893305680073e-05
2.873714858465502980e-05
2.411047000138375731e-05
1.583648263255157474e-05
8.591196697694130998e-06
1.391057439503697705e-05
1.190679968215641859e-05
8.086444981491888758e-06
4.584005752467083798e-06
3.443916689332796754e-06
4.301175335959407535e-06
6.530138982905537209e-06
1.606480873487126109e-05
1.956920576534956481e-05
1.335012106554387388e-05
9.642237751813376116e-06
7.077793593782723845e-06
5.046413885615228775e-06
7.385278157240283453e-06
9.306699735373292259e-06
5.305492726846570830e-06
4.989622744788533433e-06
5.919345616406342564e-06
3.644919559568725389e-06
3.411846711356107291e-06
3.091568965685179502e-06
3.004018481277668806e-06
2.752710938505880262e-06
2.160603504675280199e-06
2.264074190294441599e-06
1.715479873296317187e-06
1.867178474963760802e-06
1.981141482490711485e-06
1.976856605585008494e-06
1.567959285477197047e-06
1.776129213022010165e-06
2.811474090264287755e-06
3.019601616744505325e-06
3.054002091755767230e-06
2.707469958049523466e-06
2.236825395349219638e-06
2.147848024185465631e-06
2.353538549976179181e-06
2.596507073583231072e-06
2.610208105033686163e-06
2.746325558672827105e-06
2.944860146355972816e-06
1.369893078270115937e-06
0.000000000000000000e+00
0.000000000000000000e+00
0.000000000000000000e+00
0.000000000000000000e+00
0.000000000000000000e+00
0.000000000000000000e+00
0.000000000000000000e+00
0.000000000000000000e+00
0.000000000000000000e+00
0.000000000000000000e+00
0.000000000000000000e+00
0.000000000000000000e+00
0.000000000000000000e+00
0.000000000000000000e+00
0.000000000000000000e+00
0.000000000000000000e+00
0.000000000000000000e+00
0.000000000000000000e+00
0.000000000000000000e+00
