8.651029469351818879e-03
7.089714176758094705e-03
1.460026954971928694e-03
2.968027020851478782e-03
3.219662885104977897e-03
4.669060162621744246e-03
7.405990622295082100e-04
6.425415589168857007e-04
1.071564729865452908e-03
4.245718655429478049e-04
2.627039943561672113e-04
9.942945649249639636e-04
4.178373559603620478e-04
3.680796417541400069e-04
4.602426573830689085e-04
1.998703726398082746e-04
3.164595469857035847e-04
2.934850778086620874e-04
1.942514623937932248e-04
8.388618566833464581e-05
8.368946149356722890e-05
1.156384106404858143e-04
6.991170969701961905e-05
1.135233417341493373e-04
1.693681477296228415e-04
1.195583025114117228e-04
8.830996076468633916e-05
1.027216819203673767e-04
7.601368842186455017e-05
6.525016943610154280e-05
4.362098543148619332e-05
3.455015458455449359e-05
6.074557551606614783e-05
6.480603102287419998e-05
5.693703935702393380e-05
8.830649295147325185e-05
5.256024298665172600e-05
4.949158596579498743e-05
8.553579526862859286e-05
4.055047752733549393e-05
5.360807817060741695e-05
2.340614031644756073e-05
5.534754049709000038e-05
2.775766620603511696e-05
4.420352312721234872e-05
3.493866989203057641e-05
3.679978008029949408e-05
2.929722419196887083e-05
3.200273941942609503e-05
1.708398381388473764e-05
3.592929059690487791e-05
3.263291843149031962e-05
1.901147936863032266e-05
1.505462056305931516e-05
1.578344482821352762e-05
1.256460921729021702e-05
1.577340294157494904e-05
1.383064155126703967e-05
1.319645611474147108e-05
1.212346769773898720e-05
6.022956749568045170e-06
1.190987615769382322e-05
6.292040163277345019e-06
6.702458923073166662e-06
5.375429542760869407e-06
4.113647107800911772e-06
3.053016151561748086e-06
3.726397775075847663e-06
2.012020717379473348e-06
2.069204970621148797e-06
2.367813969904169736e-06
2.192528991952746046e-06
1.803793629009688220e-06
2.897570994593894217e-06
2.743721940772402625e-06
1.870119543382807385e-06
1.889243738249333362e-06
2.078079426636949473e-06
1.965211538984538132e-06
2.151027727233166702e-06
2.863341864122868059e-06
3.340016857732554486e-07
1.944210127918550058e-07
0.000000000000000000e+00
0.000000000000000000e+00
0.000000000000000000e+00
0.000000000000000000e+00
0.000000000000000000e+00
0.000000000000000000e+00
0.000000000000000000e+00
0.000000000000000000e+00
0.000000000000000000e+00
0.000000000000000000e+00
0.000000000000000000e+00
0.000000000000000000e+00
0.000000000000000000e+00
0.000000000000000000e+00
0.000000000000000000e+00
0.000000000000000000e+00
0.000000000000000000e+00
