6.806139897651652775e-04
6.193911066365087115e-04
2.373582510888389160e-04
9.711934262292334094e-04
3.043511958694883400e-04
1.188918682968088676e-04
3.188306855574702981e-05
3.379144959637551222e-05
7.310065558520258122e-05
3.969719054069224275e-05
2.485905028435274539e-05
1.767102290979492843e-05
2.276081021876917733e-05
4.033826441149908310e-05
1.103357341079172298e-05
9.621090821557490552e-06
7.590878217579969917e-06
5.947315129995953978e-06
5.907789325956905538e-06
6.120345153003325745e-06
4.390297772671339775e-06
6.593795480834064017e-06
4.001172600151577012e-06
3.685966845397099059e-06
6.172673328608082430e-06
2.397119644054799213e-06
3.071285652808939519e-06
3.279731012591319172e-06
2.612559600098353834e-06
2.847860847103394599e-06
3.262971014070762006e-06
2.129531070342005171e-06
2.034410042643123911e-06
1.921178759175605653e-06
2.213285462326310593e-06
1.819507016118567613e-06
1.987470766571725290e-06
1.963812013311877111e-06
1.932184550611315082e-06
2.135223660742199670e-06
2.047312697539505006e-06
2.019042919822258511e-06
1.998431647855774672e-06
2.005484752299536541e-06
2.180340582152675301e-06
2.197858784374466223e-06
2.102675539627660410e-06
2.058896172611483227e-06
1.994819818230723350e-06
2.052530461867866677e-06
2.100517462453266464e-06
2.256517144497373778e-06
2.298111501084190173e-06
2.393168187640873727e-06
2.600966956485281427e-06
2.579286624662890730e-06
2.667818554939124770e-06
2.811759201052491518e-06
2.893979161733593059e-06
2.884962798859185175e-06
2.970842647975784720e-06
3.074695458103073969e-06
3.051795976057990375e-06
2.340171148162337681e-06
2.305301157496794185e-06
3.024269251620014086e-06
3.137395303035424854e-06
3.134270071395667473e-06
3.098282977238213220e-06
2.999855939367749316e-06
3.022615515795310713e-06
3.085988726161169775e-06
3.124901967512236370e-06
3.133401471771634179e-06
3.159491560613838714e-06
3.034137675704889245e-06
1.309985452881638385e-06
2.569489114310121344e-07
0.000000000000000000e+00
0.000000000000000000e+00
0.000000000000000000e+00
0.000000000000000000e+00
0.000000000000000000e+00
0.000000000000000000e+00
0.000000000000000000e+00
0.000000000000000000e+00
0.000000000000000000e+00
0.000000000000000000e+00
0.000000000000000000e+00
0.000000000000000000e+00
0.000000000000000000e+00
0.000000000000000000e+00
0.000000000000000000e+00
0.000000000000000000e+00
0.000000000000000000e+00
0.000000000000000000e+00
0.000000000000000000e+00
0.000000000000000000e+00
0.000000000000000000e+00
0.000000000000000000e+00
