7.517948037606335355e-04
4.210785993688893197e-03
1.088402764340753916e-03
1.639130026528758067e-03
6.158387199324310071e-04
2.216564101142361708e-04
1.627778297908839171e-04
4.174510965855263048e-04
3.422177644441977960e-04
7.971932077911727187e-05
5.243523052154907497e-04
1.406849514589760019e-04
1.355009737399494449e-04
1.343555081012601053e-04
5.032513542263856066e-05
4.267301396635125822e-05
4.410480026713569062e-05
1.101252465758150980e-04
2.006165746121992309e-05
1.334164558699292364e-05
3.217997471020077408e-05
2.292297933522923999e-05
1.542763590741515141e-05
1.423144696644408257e-05
1.284017049149625046e-05
7.875050185685619200e-06
7.739276859088126766e-06
6.510860685063935105e-06
9.587713996463071290e-06
7.458022266756742289e-06
4.240584329026883038e-06
8.769895138628044893e-06
4.273362626703341625e-06
2.960929036257080616e-06
4.389460402704255593e-06
3.624811427993993646e-06
3.590403998681943963e-06
3.691569111898999920e-06
4.857736876721255785e-06
3.145211164210954639e-06
3.460851456449851428e-06
3.473682202980412162e-06
4.694770436546014634e-06
5.916484223422306133e-06
4.674052498049208502e-06
4.084872398114096701e-06
2.661804314269825579e-06
2.613964507575054459e-06
2.695598460263757162e-06
2.582700634480944284e-06
3.194272821608225181e-06
3.725030606614469648e-06
3.511135891035416145e-06
3.132339625095234580e-06
2.501803349398404165e-06
2.963083270882962534e-06
3.127607374282642390e-06
3.199810252958972346e-06
3.152910619232272107e-06
2.622994235300177962e-06
2.091355342190550224e-06
2.279437639803943104e-06
2.470895324332122368e-06
2.609821129547244560e-06
2.920777044319499349e-06
3.211076907145458673e-06
2.976617310786393770e-06
2.296068433158379993e-06
1.831435763002980685e-06
1.956238730695229924e-06
1.988813818013876794e-06
2.192512910905403475e-06
2.253206744313246957e-06
2.090172350516729256e-06
1.984377324487990417e-06
2.104341093740096523e-06
2.271566114950412567e-06
2.317021105792247931e-06
2.307209810639834207e-06
2.481559715446624134e-06
2.593132738271465761e-06
2.883170065998428148e-06
3.101345669317011636e-06
2.737485805575992264e-06
7.258624282189774812e-07
2.842760231513772563e-07
2.786512020533987468e-07
2.391800053846586981e-07
1.381064098898004686e-07
0.000000000000000000e+00
0.000000000000000000e+00
0.000000000000000000e+00
0.000000000000000000e+00
0.000000000000000000e+00
0.000000000000000000e+00
0.000000000000000000e+00
0.000000000000000000e+00
0.000000000000000000e+00
0.000000000000000000e+00
0.000000000000000000e+00
