6.868930005604897493e-04
4.655980558617389101e-04
8.620014020986807026e-05
1.711240611785407430e-03
2.595413953865616675e-04
2.668356892124736481e-04
4.941560985932335427e-05
5.655325209919989242e-05
1.050463751496971655e-04
2.272656549648129895e-05
8.157425165159358136e-05
5.481894321467377390e-05
3.942012806047283526e-05
5.731701760085405629e-05
1.390480780785254575e-05
1.522503447666653112e-05
1.529973037253769470e-05
1.278072499736650970e-05
9.472532426191515882e-06
1.492699026026651660e-05
1.428739520872414729e-05
1.513843699441522225e-05
1.399977688097437099e-05
9.456644082123319360e-06
9.492296866179681110e-06
6.475505792140236392e-06
6.750659398641122526e-06
6.266376529772943540e-06
5.556138350481696240e-06
8.522930594028771146e-06
4.211029819509054798e-06
4.030431426844606890e-06
6.872826195192586409e-06
5.900274849900510161e-06
3.884852329273945742e-06
4.821862226751659083e-06
8.073386865315382305e-06
5.163456922308296275e-06
4.880354306963947157e-06
3.969921255893459262e-06
2.701620163042909078e-06
2.951789969769138722e-06
3.024192507167911383e-06
2.528297486182469095e-06
2.371696486795716992e-06
2.068511976985958215e-06
2.369004656145451703e-06
2.028231223067717518e-06
2.102061718135930156e-06
2.229573762040403591e-06
2.168093294462925176e-06
2.085913163945060713e-06
1.942020254542516334e-06
1.992159975193171298e-06
1.918400782115961567e-06
1.797469622873840766e-06
1.740076742449133915e-06
1.813508182730512462e-06
1.716573298516444588e-06
1.974020084382216078e-06
2.245995577207124243e-06
2.639817605452703883e-06
2.951091892786405530e-06
2.267269969920126060e-06
2.215198964692654030e-06
3.007556400944764916e-06
3.147582001354602698e-06
3.145304320022815449e-06
3.073529567494367906e-06
2.966733032116427515e-06
2.978938088842905003e-06
3.119555655038237957e-06
3.156014121426761267e-06
3.169325126667993654e-06
3.171862501313491865e-06
2.979659951489323862e-06
9.372832231478507964e-07
3.958025872797419992e-07
0.000000000000000000e+00
0.000000000000000000e+00
0.000000000000000000e+00
0.000000000000000000e+00
0.000000000000000000e+00
0.000000000000000000e+00
0.000000000000000000e+00
0.000000000000000000e+00
0.000000000000000000e+00
0.000000000000000000e+00
0.000000000000000000e+00
0.000000000000000000e+00
0.000000000000000000e+00
0.000000000000000000e+00
0.000000000000000000e+00
0.000000000000000000e+00
0.000000000000000000e+00
0.000000000000000000e+00
0.000000000000000000e+00
0.000000000000000000e+00
0.000000000000000000e+00
0.000000000000000000e+00
