9.624800107073952981e-04
6.194627696057730844e-04
1.391117842331659321e-04
1.920005907832691852e-03
4.134451050475792199e-04
6.588775363946369193e-04
1.126995124098873342e-04
8.208092994485397843e-05
2.823276483964172012e-04
4.390115895311907799e-05
6.284119570054554841e-05
5.011827238191348240e-05
4.383748000975849069e-05
9.154140176419023171e-05
6.144427225396504894e-05
4.747857994302943306e-05
6.100574923114976704e-05
3.800806326555101398e-05
2.321205607804020885e-05
3.681714832919026956e-05
2.513238220172389918e-05
2.617972614990252136e-05
2.203309743126997874e-05
2.357328610254610658e-05
2.830644317531972462e-05
1.871600326209091651e-05
1.204353642646103386e-05
1.065942785509932721e-05
9.959267962878740906e-06
1.058975388339657439e-05
6.777500779585436437e-06
1.440802911133424025e-05
1.655853571921097264e-05
1.105441531475646210e-05
1.111052260572811748e-05
8.162466750040577189e-06
1.031064740349178407e-05
8.739235596942173450e-06
7.634166410256527761e-06
5.187383204736466496e-06
5.084207716155043448e-06
6.058121909991514987e-06
1.070845569421125049e-05
1.062033292171998232e-05
8.756813063291036511e-06
6.247283694056333436e-06
4.545449888966149760e-06
3.202572408725221473e-06
3.535972260328311099e-06
5.087440604074376375e-06
3.407849755665073724e-06
3.694711474328168809e-06
3.302485513312953266e-06
3.292773952740281815e-06
2.712525201067554384e-06
2.781797180425520688e-06
2.512495187290112692e-06
2.435208625733500722e-06
2.201850415819005325e-06
1.922186918440818153e-06
1.552030412731339384e-06
1.863534247473075589e-06
2.021455933539637240e-06
1.558540769945357765e-06
1.677727417985587291e-06
2.554723241325841081e-06
2.846051066971088016e-06
2.947318559377483427e-06
2.514966306278537064e-06
2.133096254688870429e-06
2.367606539649543088e-06
2.623073849985973702e-06
2.736914004237677849e-06
2.773308986918616519e-06
2.821014690434922936e-06
3.100111190325880587e-06
2.299318785205636106e-07
1.173450662124114555e-07
0.000000000000000000e+00
0.000000000000000000e+00
0.000000000000000000e+00
0.000000000000000000e+00
0.000000000000000000e+00
0.000000000000000000e+00
0.000000000000000000e+00
0.000000000000000000e+00
0.000000000000000000e+00
0.000000000000000000e+00
0.000000000000000000e+00
0.000000000000000000e+00
0.000000000000000000e+00
0.000000000000000000e+00
0.000000000000000000e+00
0.000000000000000000e+00
0.000000000000000000e+00
0.000000000000000000e+00
0.000000000000000000e+00
0.000000000000000000e+00
0.000000000000000000e+00
0.000000000000000000e+00
