3.034696072315791731e-03
4.125989187775067242e-03
1.030570981715862216e-03
9.704830441430393334e-03
2.616826391346010767e-03
2.691973365247780220e-03
1.174299565789914662e-03
6.083000791100857648e-04
1.050019597166787933e-03
4.363470909430659729e-04
7.764247684182706962e-04
3.443384575418186912e-04
5.595806796814442163e-04
6.072573035660179617e-04
2.421351194606856860e-04
2.081544210987897080e-04
2.076046440525266287e-04
1.722568651275790572e-04
1.466783272794883349e-04
2.008912062061695694e-04
2.205467176801887005e-04
8.731795609038426286e-05
1.681091668189214146e-04
7.501199956681829032e-05
1.072313802428790844e-04
8.824061901620492148e-05
5.932045969249565882e-05
6.700652012605415331e-05
8.587579031270232575e-05
4.720729075928623990e-05
3.515554787188007702e-05
5.897341735876595481e-05
3.533479600428117721e-05
5.786204384727984068e-05
8.862129769156171320e-05
7.293002258668617810e-05
6.600819961530400451e-05
4.077746385923055299e-05
3.221274662836100722e-05
3.904135721712114561e-05
2.298559194822403069e-05
1.858559301332382614e-05
5.996739575580317981e-05
3.917343324670150055e-05
2.160764015393491164e-05
2.505355613403911815e-05
2.700521054644535653e-05
4.347654217881345050e-05
2.484240386496024312e-05
1.969903581242924716e-05
1.378653191232506476e-05
1.748344732018700020e-05
2.199748479587997055e-05
1.366439912829581122e-05
1.403112688382791754e-05
1.748417009899605652e-05
1.230056021835645849e-05
1.562102130696270633e-05
1.253648492334539187e-05
7.102187054186432162e-06
9.666927877779011062e-06
7.331035187704773383e-06
3.489337351495780940e-06
3.050449915337662019e-06
3.706259410679487209e-06
3.048814651218691445e-06
2.475739427977721500e-06
2.470048716140639835e-06
2.803196471614626712e-06
3.537083780379277226e-06
2.631419181880130265e-06
2.217062114446497663e-06
2.383369326272273900e-06
2.214853749571599013e-06
2.464066454917257818e-06
3.003709282259903733e-06
1.323158396196090406e-06
1.170188474672911926e-06
0.000000000000000000e+00
0.000000000000000000e+00
0.000000000000000000e+00
0.000000000000000000e+00
0.000000000000000000e+00
0.000000000000000000e+00
0.000000000000000000e+00
0.000000000000000000e+00
0.000000000000000000e+00
0.000000000000000000e+00
0.000000000000000000e+00
0.000000000000000000e+00
0.000000000000000000e+00
0.000000000000000000e+00
0.000000000000000000e+00
0.000000000000000000e+00
0.000000000000000000e+00
0.000000000000000000e+00
0.000000000000000000e+00
0.000000000000000000e+00
0.000000000000000000e+00
0.000000000000000000e+00
