1.643561874251957754e-04
3.903946499867170269e-04
1.479607070264406894e-04
2.348646478500389075e-04
2.265231493139225943e-04
8.358677862823939424e-05
5.250448954383514743e-05
4.463457946651906623e-05
1.582699942273855858e-05
3.508970001236972068e-05
1.209692685306026646e-05
2.207838905648337749e-05
1.268784236140186941e-05
5.854863364921400884e-06
4.605496129720323628e-06
4.398341820829272752e-06
5.628754937241672598e-06
2.616116583241339958e-06
3.096208981009219919e-06
3.229432518148988816e-06
2.442972471920908972e-06
2.475807992257898935e-06
2.336567792347855522e-06
2.132082481373408722e-06
1.822300307591966188e-06
3.308499400846580321e-06
2.575416928054481943e-06
1.715762752507057569e-06
1.681370353842474465e-06
1.870224134486550113e-06
1.699395157963710139e-06
1.909869162701667554e-06
1.895606424146264289e-06
1.862732746046280146e-06
1.986401436993813031e-06
1.724286649408017793e-06
1.742565443879632022e-06
2.082780463931149835e-06
2.455803572063180711e-06
2.553433940865643387e-06
2.379673734775291022e-06
2.033374697933375139e-06
2.246396543591210420e-06
2.686289688163457753e-06
2.536032090844075204e-06
2.480335469032030143e-06
2.608174320225223826e-06
2.569471983190896066e-06
2.546609976113778207e-06
2.671106715511929392e-06
2.811262181701706246e-06
2.830995910234758006e-06
2.872169345152018144e-06
2.834910190648643080e-06
2.887360824395113619e-06
2.923134015840993023e-06
2.969633173440820793e-06
3.017154461060478547e-06
3.065088797610760316e-06
2.617510402292819892e-06
2.208428350429608368e-06
2.551462555581594271e-06
3.070062414561185875e-06
3.165515302137093385e-06
3.111832376017242337e-06
3.061822402311345814e-06
2.998247996030263621e-06
3.016901833073804152e-06
3.103961723622104631e-06
3.115163442306292615e-06
3.138557530678129285e-06
2.934010751968687125e-06
1.563135264954078144e-06
3.664544096279218375e-07
1.694065894508600678e-21
1.694065894508600678e-21
1.694065894508600678e-21
1.694065894508600678e-21
1.694065894508600678e-21
1.694065894508600678e-21
1.694065894508600678e-21
1.694065894508600678e-21
1.694065894508600678e-21
1.694065894508600678e-21
1.694065894508600678e-21
1.694065894508600678e-21
1.694065894508600678e-21
1.694065894508600678e-21
1.694065894508600678e-21
1.694065894508600678e-21
1.694065894508600678e-21
1.694065894508600678e-21
1.694065894508600678e-21
1.694065894508600678e-21
1.694065894508600678e-21
1.694065894508600678e-21
1.694065894508600678e-21
1.694065894508600678e-21
1.694065894508600678e-21
1.694065894508600678e-21
