4.259460651921271050e-04
7.395892664498656668e-04
1.657685752974571091e-04
4.792573750010150182e-04
7.387942120234829461e-04
1.998664265990159191e-04
7.855614464682787929e-05
1.343748239241375052e-04
4.990617743309625067e-05
4.525237598111771280e-05
2.977718413839532379e-05
3.514184982389859053e-05
6.668317004075617279e-05
3.226549535149666141e-05
2.954612496151956422e-05
7.734311234891284165e-06
3.804606475468027047e-05
1.295203779563111221e-05
8.308313138337527961e-06
2.874162391142526501e-05
1.299011242388187078e-05
1.853013474392430456e-05
1.216619083899812974e-05
1.495612186921100551e-05
7.792903073229177460e-06
5.881294134075258902e-06
3.384065789292912693e-06
5.390326325171651621e-06
2.367344481972788617e-06
8.627713465077294753e-06
6.374314011520706946e-06
4.931650238516307929e-06
5.722755979948390768e-06
3.413358982719434078e-06
2.386031847675571153e-06
1.853994944403262468e-06
2.576154685075021970e-06
3.347305718147017715e-06
2.184293476992368174e-06
1.932188666490358461e-06
2.873955077538130113e-06
2.026228047140193656e-06
2.162951295144250890e-06
1.702022160961623472e-06
1.577962386494419169e-06
1.652999705455838384e-06
1.762099370502185585e-06
1.788857365272935366e-06
1.931001250225836667e-06
1.805866383858879198e-06
1.829299800983330413e-06
1.925758078103358371e-06
2.019860967385435457e-06
2.071939137841028333e-06
2.256416779068733435e-06
2.606055422290475332e-06
2.803709601188113245e-06
2.908791997727066910e-06
3.037669972233350450e-06
2.508717325805894957e-06
2.377633011735395176e-06
2.777511830560026436e-06
3.125834423352754742e-06
3.145883336241513162e-06
3.036587550395544708e-06
2.827678554336327953e-06
2.901874805242487841e-06
2.990957678790763103e-06
3.079650649860279216e-06
3.124040183888327752e-06
3.148600116057437107e-06
2.782039037214045063e-06
7.246314748931590240e-07
2.536482407179938500e-07
1.805743200944176068e-07
0.000000000000000000e+00
0.000000000000000000e+00
0.000000000000000000e+00
0.000000000000000000e+00
0.000000000000000000e+00
0.000000000000000000e+00
0.000000000000000000e+00
0.000000000000000000e+00
0.000000000000000000e+00
0.000000000000000000e+00
0.000000000000000000e+00
0.000000000000000000e+00
0.000000000000000000e+00
0.000000000000000000e+00
0.000000000000000000e+00
0.000000000000000000e+00
0.000000000000000000e+00
0.000000000000000000e+00
0.000000000000000000e+00
0.000000000000000000e+00
0.000000000000000000e+00
0.000000000000000000e+00
0.000000000000000000e+00
0.000000000000000000e+00
0.000000000000000000e+00
