5.335495739565767346e-04
1.449584815520506666e-03
1.945488759745391970e-04
8.644022686284774356e-04
7.633830817487929216e-04
1.646927845788834980e-04
1.413114394866177282e-04
1.627906535166964653e-04
1.177560818057086936e-04
7.953787504117094563e-05
3.896348511434469724e-05
6.656750597304156942e-05
6.670560778795713540e-05
5.497703659366871376e-05
3.331122689865502289e-05
4.991533796177184142e-05
4.907046209418140358e-05
2.431149799602789027e-05
1.228716430801275503e-05
1.970646151153615487e-05
1.389573734346788855e-05
1.498101839158275752e-05
1.536512562412609129e-05
1.171755696810512358e-05
1.110893713571413028e-05
1.348103635956074814e-05
5.795736848481241018e-06
4.459253224982430700e-06
4.859027295885713550e-06
7.625634674493806325e-06
7.735952996177072541e-06
3.960391964239631007e-06
2.026315255786053029e-07
0.000000000000000000e+00
0.000000000000000000e+00
0.000000000000000000e+00
0.000000000000000000e+00
0.000000000000000000e+00
0.000000000000000000e+00
0.000000000000000000e+00
0.000000000000000000e+00
0.000000000000000000e+00
0.000000000000000000e+00
0.000000000000000000e+00
0.000000000000000000e+00
0.000000000000000000e+00
0.000000000000000000e+00
0.000000000000000000e+00
0.000000000000000000e+00
0.000000000000000000e+00
0.000000000000000000e+00
0.000000000000000000e+00
0.000000000000000000e+00
0.000000000000000000e+00
0.000000000000000000e+00
0.000000000000000000e+00
0.000000000000000000e+00
0.000000000000000000e+00
0.000000000000000000e+00
0.000000000000000000e+00
0.000000000000000000e+00
0.000000000000000000e+00
0.000000000000000000e+00
0.000000000000000000e+00
0.000000000000000000e+00
0.000000000000000000e+00
0.000000000000000000e+00
0.000000000000000000e+00
0.000000000000000000e+00
0.000000000000000000e+00
0.000000000000000000e+00
0.000000000000000000e+00
0.000000000000000000e+00
0.000000000000000000e+00
0.000000000000000000e+00
0.000000000000000000e+00
0.000000000000000000e+00
0.000000000000000000e+00
0.000000000000000000e+00
0.000000000000000000e+00
0.000000000000000000e+00
0.000000000000000000e+00
0.000000000000000000e+00
0.000000000000000000e+00
0.000000000000000000e+00
0.000000000000000000e+00
0.000000000000000000e+00
0.000000000000000000e+00
0.000000000000000000e+00
0.000000000000000000e+00
0.000000000000000000e+00
0.000000000000000000e+00
0.000000000000000000e+00
0.000000000000000000e+00
0.000000000000000000e+00
0.000000000000000000e+00
0.000000000000000000e+00
0.000000000000000000e+00
0.000000000000000000e+00
0.000000000000000000e+00
