2.228543461042311897e-03
4.504896404152654472e-03
8.620733887974571042e-04
2.802571294209156832e-03
2.563343576474311908e-03
9.512993461415925620e-04
7.371218477971656739e-04
5.235033554926002333e-04
1.199784683706236663e-04
1.234379107540906377e-04
2.002359900715109916e-04
3.807211754055667423e-04
3.941032490457984467e-04
1.760082170968178849e-04
9.120895175336309014e-05
1.208853963097934053e-04
9.456627156738964474e-05
9.291212125516032545e-05
6.763788197614525074e-05
9.511920060700360580e-05
1.303801296256540236e-04
1.165445770140572496e-04
6.981590797494812513e-05
7.229329416338251631e-05
7.769043290646159700e-05
4.088234867777404429e-05
4.371788301572180951e-05
3.324690298235463335e-05
2.540538440187886990e-05
3.701096009207941259e-05
2.991866409222695668e-05
5.328238880585629432e-05
5.791510882352513928e-05
2.567249013521417456e-05
4.689955933156966675e-05
3.642242034695074656e-05
1.933692407534786338e-05
2.697556496880778535e-05
3.111460986272763412e-05
1.498319691223209188e-05
2.407769359745007376e-05
2.088926591251913216e-05
1.683126523583048308e-05
1.420053355654811332e-05
3.669558418254724620e-05
2.171440643165320738e-05
2.069096912176252519e-05
2.820414227770961607e-05
2.418297967048904941e-05
1.394348305458826961e-05
8.955201786882462382e-06
1.582047144867406306e-05
1.214815950875096086e-05
7.453247493172001340e-06
9.588205224530441096e-06
9.091890694714552392e-06
7.640349513280892928e-06
4.012981843738516003e-06
5.885814728096325963e-06
5.249760571760118393e-06
3.711936993802210745e-06
2.722886643262591381e-06
2.358659348953999540e-06
2.126603145467565546e-06
2.213741835351228043e-06
2.119044709589669858e-06
2.041827329450884544e-06
1.900296897015875419e-06
2.162140624783771442e-06
2.241967982662167996e-06
2.310250465596386498e-06
3.045172397381415770e-06
6.050453544958279041e-07
0.000000000000000000e+00
0.000000000000000000e+00
0.000000000000000000e+00
0.000000000000000000e+00
0.000000000000000000e+00
0.000000000000000000e+00
0.000000000000000000e+00
0.000000000000000000e+00
0.000000000000000000e+00
0.000000000000000000e+00
0.000000000000000000e+00
0.000000000000000000e+00
0.000000000000000000e+00
0.000000000000000000e+00
0.000000000000000000e+00
0.000000000000000000e+00
0.000000000000000000e+00
0.000000000000000000e+00
0.000000000000000000e+00
0.000000000000000000e+00
0.000000000000000000e+00
0.000000000000000000e+00
0.000000000000000000e+00
0.000000000000000000e+00
0.000000000000000000e+00
0.000000000000000000e+00
0.000000000000000000e+00
