1.005203123224476499e-03
5.185155365348047491e-04
1.817051835960583012e-04
7.153567158775407317e-04
1.713532001122103148e-04
6.886448173082234346e-05
4.386375290160454964e-05
5.939592147046826451e-05
4.671306071920793934e-05
3.469448998747614752e-05
1.180787759339531069e-05
2.252158491349503939e-05
1.498032717403640385e-05
1.768373562289150263e-05
5.180683101334139051e-06
1.018415057269828602e-05
4.408622604085547644e-06
3.526177117345911856e-06
3.778645859506791391e-06
4.812731565032099732e-06
3.530276537098667284e-06
2.657875371355577778e-06
2.582488005925259247e-06
2.966331930947691669e-06
3.068008379781159728e-06
2.417671801075130808e-06
1.563102336267982713e-06
2.134474256785738951e-06
2.156988472163164337e-06
1.684633718034048877e-06
1.751905396731488968e-06
1.989237070741881804e-06
1.813602344322876803e-06
1.799243144063887757e-06
1.895269504297133444e-06
1.855179095740682580e-06
1.872988067219546831e-06
1.739838452658883626e-06
1.844091881668896345e-06
1.895891744078814343e-06
1.909817716611989151e-06
1.880035116315553558e-06
2.040583650170646412e-06
2.105114669617689596e-06
2.112731196959192170e-06
2.004002890121212426e-06
1.903797804672611885e-06
1.863761114539431476e-06
2.356654708061881952e-06
2.761373591396544787e-06
2.800220772325742043e-06
2.753998460057431947e-06
2.984568927816026693e-06
3.035262693356578488e-06
3.116293724218704566e-06
3.123500956911655537e-06
2.299182109882626277e-06
2.239408897959476236e-06
3.013574369784303300e-06
3.147956516947164094e-06
3.143913817951165188e-06
3.101038452131235238e-06
2.953116402173119705e-06
2.995346369682395896e-06
3.107024410179635248e-06
3.153346475948397461e-06
3.158521940261440411e-06
3.104726988293073573e-06
4.333931501256106813e-07
0.000000000000000000e+00
0.000000000000000000e+00
0.000000000000000000e+00
0.000000000000000000e+00
0.000000000000000000e+00
0.000000000000000000e+00
0.000000000000000000e+00
0.000000000000000000e+00
0.000000000000000000e+00
0.000000000000000000e+00
0.000000000000000000e+00
0.000000000000000000e+00
0.000000000000000000e+00
0.000000000000000000e+00
0.000000000000000000e+00
0.000000000000000000e+00
0.000000000000000000e+00
0.000000000000000000e+00
0.000000000000000000e+00
0.000000000000000000e+00
0.000000000000000000e+00
0.000000000000000000e+00
0.000000000000000000e+00
0.000000000000000000e+00
0.000000000000000000e+00
0.000000000000000000e+00
0.000000000000000000e+00
0.000000000000000000e+00
0.000000000000000000e+00
0.000000000000000000e+00
0.000000000000000000e+00
