1.158310405710787517e-03
5.315022079616372715e-04
2.560230098181431229e-04
1.300151871299376439e-03
3.165361559520151564e-04
1.406725308117708919e-04
6.282197182618754427e-05
1.857047865137464071e-04
1.478425116901888080e-04
1.905640228265600327e-04
3.988808922608247712e-05
3.102709458910858577e-05
4.527840298166783354e-05
3.908688801226843261e-05
2.274693207912867432e-05
4.378779269243219478e-05
2.515979128540785792e-05
1.159350829133270157e-05
1.010946767348602866e-05
1.130832062740407810e-05
1.047917194496476910e-05
1.196103098333568315e-05
9.699625932965606445e-06
6.847360307766380145e-06
3.780209608363136948e-06
3.616852789111314314e-06
4.253809624991947590e-06
6.989228609464140863e-06
3.618364842626942551e-06
2.528360906412498343e-06
4.284601963795642663e-06
5.718489804293852074e-06
5.853202632685875129e-06
2.443159966932849670e-06
4.738263967010655955e-06
2.578975807379493008e-06
2.026745859545086057e-06
3.131266846824991668e-06
2.909046611484876183e-06
2.391897481657754533e-06
2.081672373249737034e-06
1.839213693917792510e-06
2.054761804267725664e-06
1.737517096382676632e-06
1.775858343061708037e-06
2.105048926006513672e-06
1.672094031534340885e-06
1.543561356628305040e-06
1.651351921083878874e-06
1.742802313781246957e-06
1.883832678520878704e-06
2.111306205910554458e-06
2.528723956334019083e-06
2.689828525257180050e-06
2.756352970835814270e-06
2.819190493011622744e-06
2.270842057186211215e-06
2.341157294912550534e-06
3.101456210494819333e-06
3.155309616919425716e-06
3.131044682387448806e-06
3.009155208967787303e-06
2.963196073169281129e-06
3.027502061177065021e-06
3.126561573072974537e-06
3.160131436241774262e-06
3.130323643527959257e-06
3.055641728849264223e-06
5.239670126208265120e-07
2.124135468896165026e-07
0.000000000000000000e+00
0.000000000000000000e+00
0.000000000000000000e+00
0.000000000000000000e+00
0.000000000000000000e+00
0.000000000000000000e+00
0.000000000000000000e+00
0.000000000000000000e+00
0.000000000000000000e+00
0.000000000000000000e+00
0.000000000000000000e+00
0.000000000000000000e+00
0.000000000000000000e+00
0.000000000000000000e+00
0.000000000000000000e+00
0.000000000000000000e+00
0.000000000000000000e+00
0.000000000000000000e+00
0.000000000000000000e+00
0.000000000000000000e+00
0.000000000000000000e+00
0.000000000000000000e+00
0.000000000000000000e+00
0.000000000000000000e+00
0.000000000000000000e+00
0.000000000000000000e+00
0.000000000000000000e+00
0.000000000000000000e+00
0.000000000000000000e+00
0.000000000000000000e+00
