2.080194404585176612e-03
1.068753925805053040e-03
5.479637614767539919e-04
2.343723772636154955e-03
5.640883759735071260e-04
1.901999945012549471e-04
2.498724955520447073e-04
2.798044106186898541e-04
2.848636847327867469e-04
3.120986341489395428e-04
6.028757415841077107e-05
3.896801924413171637e-05
7.159261774555787444e-05
9.442486969852362255e-05
3.401107449957050408e-05
8.017483817762635385e-05
5.220942228556942858e-05
6.550423863294358026e-05
3.780693388956336847e-05
4.907687442951882680e-05
2.736957602254445004e-05
2.249846055939721314e-05
2.174884102786594370e-05
1.857722229069047156e-05
1.239440797884595997e-05
2.045314918800395990e-05
1.152022671306794566e-05
1.332081251453155371e-05
1.131616111209774308e-05
8.731542277544672792e-06
1.073923602143933114e-05
7.762071181482513315e-06
1.207345499852208413e-05
8.455053335527561314e-06
5.168184774879811382e-06
4.841563832704533664e-06
3.633718305756941942e-06
1.237508673389758509e-05
1.235879953470459287e-05
9.044984274478143460e-06
6.687700659689808702e-06
7.755357413862010074e-06
1.082897626783880443e-05
1.018860097604353188e-05
6.991327836877582092e-06
3.796355804921525221e-06
3.574937661560145000e-06
3.474463821311086285e-06
2.826371676904374445e-06
3.111689773805371483e-06
3.250488849667411715e-06
2.091808596900306109e-06
1.753815908268660160e-06
1.891593555676693183e-06
1.990399293423258458e-06
2.117104119323027275e-06
1.893922307213198099e-06
2.025824117352125860e-06
2.913800033935528375e-06
3.060058563854233437e-06
3.089325237021143819e-06
2.673587668475464010e-06
2.270339686738307228e-06
2.640850082716676661e-06
2.910850223650323849e-06
3.044766699433408187e-06
3.040326675937675448e-06
3.166668595688696025e-06
1.694065894508600678e-21
1.694065894508600678e-21
1.694065894508600678e-21
1.694065894508600678e-21
1.694065894508600678e-21
1.694065894508600678e-21
1.694065894508600678e-21
1.694065894508600678e-21
1.694065894508600678e-21
1.694065894508600678e-21
1.694065894508600678e-21
1.694065894508600678e-21
1.694065894508600678e-21
1.694065894508600678e-21
1.694065894508600678e-21
1.694065894508600678e-21
1.694065894508600678e-21
1.694065894508600678e-21
1.694065894508600678e-21
1.694065894508600678e-21
1.694065894508600678e-21
1.694065894508600678e-21
1.694065894508600678e-21
1.694065894508600678e-21
1.694065894508600678e-21
1.694065894508600678e-21
1.694065894508600678e-21
1.694065894508600678e-21
1.694065894508600678e-21
1.694065894508600678e-21
1.694065894508600678e-21
1.694065894508600678e-21
