7.657844487447680549e-04
4.719450764391217891e-03
8.900483592725203169e-04
8.133484198604064037e-04
9.651708368545874753e-04
4.677474253615976894e-04
1.690657148421677812e-04
2.961619908131795753e-04
3.886900746024700556e-04
2.181326167267407532e-04
9.873113087536771870e-04
2.920338142493382298e-04
2.273794674527513044e-04
1.994140931340753202e-04
5.198645251643884389e-05
3.441878595969051339e-05
5.730331390881830830e-05
4.032128609049800099e-05
5.164686077207975294e-05
1.695381616093835110e-05
3.532167383741382133e-05
3.732300527060707931e-05
2.268202689447294698e-05
2.182234913734783927e-05
2.201467439283047575e-05
1.077293811958120999e-05
1.246992528195665716e-05
1.821969863820257360e-05
1.143946230076830838e-05
7.083443401689890562e-06
4.734716742405000885e-06
9.259861991360863919e-06
3.900334007761375009e-06
7.021375147643391797e-06
7.523800549136603597e-06
4.919530912382249432e-06
4.207318390612098559e-06
5.152627814834378177e-06
1.036650058587399875e-05
3.838764922863902467e-06
5.097090352573699250e-06
4.693895756189814499e-06
5.093860936236157247e-06
5.529295237855466987e-06
4.193644423768485743e-06
4.220704122091557921e-06
2.983768962039225655e-06
4.011792579492537527e-06
4.403419631785386536e-06
3.726358337342676046e-06
3.910365149103351116e-06
3.741902643488132033e-06
3.449101741053556203e-06
3.084755858001662573e-06
2.693748334980468094e-06
3.093741538494130045e-06
3.414390955866218019e-06
3.584523214914830607e-06
3.432750249147871446e-06
2.523966512557805039e-06
2.061156490705587539e-06
2.144976842814508007e-06
2.566760901403194541e-06
2.384203562903996315e-06
2.951991499696270020e-06
3.048598702128124822e-06
2.547376041177830513e-06
2.023579090741459767e-06
1.749829204520161044e-06
1.846052261970578353e-06
1.774209685784620991e-06
2.074079819203869322e-06
2.030913861797754789e-06
1.840134133150849379e-06
1.755845849324180652e-06
1.717458407170802361e-06
1.915443581167418522e-06
2.095022501074500831e-06
1.941037059764784772e-06
1.997696581715758233e-06
2.247177339207295132e-06
2.771218318667866839e-06
3.073252765539249912e-06
2.623366552193055277e-06
1.444526532812039897e-06
2.480681937698228569e-07
2.530818261495926824e-07
2.210693559477238001e-07
1.797728363818058368e-07
8.668637809833314758e-08
4.657219330413773491e-08
4.822026067951209252e-08
2.941458516888695037e-08
3.104134095882333887e-08
3.053614030418800187e-08
1.694065894508600678e-21
1.694065894508600678e-21
1.694065894508600678e-21
1.694065894508600678e-21
1.694065894508600678e-21
