4.534646063999665626e-03
2.011928468646024832e-03
2.166745687343715667e-03
5.765740391483714471e-03
1.628153113095456416e-03
6.428698562032916569e-04
5.297558740253841035e-04
3.784686390519844757e-04
2.747613552057469170e-04
5.685013776729846936e-04
3.879710244490098495e-04
2.558664911923984341e-04
4.152875061517276507e-04
3.214217311816957678e-04
7.622718880322656629e-05
1.539942696591516873e-04
1.119946088446377230e-04
7.799690203078066643e-05
1.001894690444787254e-04
7.401792491245561781e-05
8.984553601685146037e-05
1.033146486396848313e-04
7.932628234111311445e-05
7.448047453534720641e-05
7.485778903558780808e-05
5.454688398134625491e-05
4.238818597049326528e-05
4.047506923220502601e-05
2.898789474504457405e-05
4.529165168116480543e-05
3.660098362431326815e-05
1.044553090475087504e-04
4.955693177802771883e-05
2.096817675183041617e-05
1.987370542363246580e-05
1.601703523167616409e-05
2.250506823321804509e-05
2.439887633057684615e-05
3.137506385788376724e-05
1.843642371989692187e-05
2.061910811579524745e-05
1.463819399381092182e-05
1.237516176763534800e-05
1.003165017868104702e-05
1.286029705733056408e-05
1.450349179767528169e-05
1.023721903735153342e-05
8.389168120349620950e-06
8.167850045491603653e-06
1.428363886687691382e-05
1.025870720310620492e-05
7.327164537579181139e-06
3.754824181890575498e-06
4.254446354891509475e-06
3.945043380644925538e-06
3.577216327609807676e-06
2.433435108603751691e-06
2.963259490259627751e-06
2.483545366886699129e-06
2.352584865781565538e-06
2.501148244702225633e-06
1.933431263414609073e-06
2.714720125434697390e-06
2.003508683603728039e-06
2.019681459623653937e-06
2.197825720305935667e-06
2.274473912083662517e-06
2.576554564124418935e-06
2.808931868855239102e-07
2.259084141928386508e-07
2.585002895758266375e-07
1.862611827163248856e-07
2.043691891165152243e-07
1.681486258306595575e-07
1.873290408650114687e-07
2.160164169051383689e-07
0.000000000000000000e+00
0.000000000000000000e+00
0.000000000000000000e+00
0.000000000000000000e+00
0.000000000000000000e+00
0.000000000000000000e+00
0.000000000000000000e+00
0.000000000000000000e+00
0.000000000000000000e+00
0.000000000000000000e+00
0.000000000000000000e+00
0.000000000000000000e+00
0.000000000000000000e+00
0.000000000000000000e+00
0.000000000000000000e+00
0.000000000000000000e+00
0.000000000000000000e+00
0.000000000000000000e+00
0.000000000000000000e+00
0.000000000000000000e+00
0.000000000000000000e+00
0.000000000000000000e+00
0.000000000000000000e+00
0.000000000000000000e+00
