7.041135523434918254e-04
1.675040575316606836e-04
3.313468882009630231e-04
3.934805293188027987e-04
6.569879309960131278e-05
4.670910881035061164e-05
1.827209711911158830e-05
5.389270850647059967e-05
1.802222151082819525e-05
2.373373689725048944e-05
5.309395249711891766e-06
1.568006082658184811e-05
1.060193987465592928e-05
3.702525803194141457e-06
9.421276781682646150e-06
3.465677918825734158e-06
3.190662953838961970e-06
2.312164570850083199e-06
2.645257567488797964e-06
2.290511127719787581e-06
1.953821479379055635e-06
2.426460883037522776e-06
2.931820797688787695e-06
1.849402025603981784e-06
2.020667869554168130e-06
1.664452297531425268e-06
2.166631899510203863e-06
1.800596450032530304e-06
1.987632093110210938e-06
1.919950548907060067e-06
1.998518267497190015e-06
2.104840825888397293e-06
2.142178155459582355e-06
2.190867620059526854e-06
2.290298032672424274e-06
2.608719631526324529e-06
2.272258247380827376e-06
2.164085378033598687e-06
2.339411643884991445e-06
2.639169637896072708e-06
2.650115572271265684e-06
2.600519069826269582e-06
2.493561372490369181e-06
2.507339990364256905e-06
2.465919478772605546e-06
2.542057961196139004e-06
2.912463318598908397e-06
2.710235843439371669e-06
2.744566720265471063e-06
2.939038402665258312e-06
3.074109843431013300e-06
3.121152186362911116e-06
3.107115722768659038e-06
2.410343732900974819e-06
2.351069670264788974e-06
3.094750351811379210e-06
3.137834744165970267e-06
3.126366544409862745e-06
3.062908052076987589e-06
3.019075848598967152e-06
3.068655372627954067e-06
3.104032376159764362e-06
3.134233109771675950e-06
3.145745211469595073e-06
1.183349582053545860e-06
2.444787422734063192e-07
1.694065894508600678e-21
1.694065894508600678e-21
1.694065894508600678e-21
1.694065894508600678e-21
1.694065894508600678e-21
1.694065894508600678e-21
1.694065894508600678e-21
1.694065894508600678e-21
1.694065894508600678e-21
1.694065894508600678e-21
1.694065894508600678e-21
1.694065894508600678e-21
1.694065894508600678e-21
1.694065894508600678e-21
1.694065894508600678e-21
1.694065894508600678e-21
1.694065894508600678e-21
1.694065894508600678e-21
1.694065894508600678e-21
1.694065894508600678e-21
1.694065894508600678e-21
1.694065894508600678e-21
1.694065894508600678e-21
1.694065894508600678e-21
1.694065894508600678e-21
1.694065894508600678e-21
1.694065894508600678e-21
1.694065894508600678e-21
1.694065894508600678e-21
1.694065894508600678e-21
1.694065894508600678e-21
1.694065894508600678e-21
1.694065894508600678e-21
1.694065894508600678e-21
