1.342825442779112168e-03
2.941911705995605905e-04
3.611943175585193683e-04
5.524420439727262787e-04
4.862520595897668291e-04
3.275454108327916641e-04
4.298617546316314852e-05
9.333192936698781828e-05
1.177478047520715096e-04
5.813528178729815795e-05
1.651308812648394025e-05
8.193456845622372150e-05
4.723448776796436058e-05
2.143867367778005842e-05
3.242635938911203456e-05
1.446193109590008708e-05
1.741331635843730113e-05
1.548628675370513881e-05
4.181031118620502673e-05
1.616659759308889567e-05
8.798721452655911427e-06
8.250600631444902046e-06
9.484197053004512966e-06
1.087435102868569714e-05
1.264494543336375301e-05
1.309282911742762870e-05
5.011328987567108040e-06
1.981618318692995313e-06
5.248015544887504222e-06
6.150932435625756470e-06
4.061215208390953431e-06
3.249931580975354838e-06
3.329845604954411013e-06
2.586158523942887332e-06
2.679391912486841941e-06
1.951931493713494496e-06
2.370021631539721747e-06
3.277896126784687212e-06
1.780128944542399533e-06
2.319108157894927370e-06
2.373379934199670084e-06
2.724218802154930287e-06
3.567903118545967634e-06
3.506377035909511183e-06
2.435641277899489000e-06
1.780621652557020225e-06
1.901328246020500192e-06
1.800607264775016779e-06
1.791284300473430554e-06
1.898741847585603213e-06
2.468190766790488522e-06
2.536239948487460289e-06
2.589485539693759053e-06
2.130979860721748525e-06
2.226105258972972318e-06
3.076082833526892563e-06
3.108742110771348496e-06
3.055373671335051397e-06
2.940454742265056507e-06
2.849160021263236982e-06
3.074536956077162766e-06
3.135479459243074751e-06
3.145013801948212667e-06
3.133591036714325797e-06
2.185698765388255614e-07
0.000000000000000000e+00
0.000000000000000000e+00
0.000000000000000000e+00
0.000000000000000000e+00
0.000000000000000000e+00
0.000000000000000000e+00
0.000000000000000000e+00
0.000000000000000000e+00
0.000000000000000000e+00
0.000000000000000000e+00
0.000000000000000000e+00
0.000000000000000000e+00
0.000000000000000000e+00
0.000000000000000000e+00
0.000000000000000000e+00
0.000000000000000000e+00
0.000000000000000000e+00
0.000000000000000000e+00
0.000000000000000000e+00
0.000000000000000000e+00
0.000000000000000000e+00
0.000000000000000000e+00
0.000000000000000000e+00
0.000000000000000000e+00
0.000000000000000000e+00
0.000000000000000000e+00
0.000000000000000000e+00
0.000000000000000000e+00
0.000000000000000000e+00
0.000000000000000000e+00
0.000000000000000000e+00
0.000000000000000000e+00
0.000000000000000000e+00
0.000000000000000000e+00
0.000000000000000000e+00
