9.571534786332258019e-04
4.187399927718975711e-04
6.481132518876297523e-04
4.640460260340634364e-04
2.696625113254447616e-04
1.183219625768082943e-04
8.968187537592815447e-05
1.212996684013944456e-04
8.945821058490966804e-05
4.453034206566969640e-05
1.240215670527555209e-05
7.032087205689357978e-05
5.715281875304466231e-05
3.016387364753184009e-05
3.381608718266367909e-05
1.813301867519434657e-05
2.052326704347637860e-05
1.966597147052584176e-05
1.926513475796333245e-05
2.049060290102295480e-05
3.797948702724234372e-05
1.623874932393817066e-05
1.082632734439874848e-05
1.043979957779952036e-05
1.176868489325626624e-05
1.259249712666986762e-05
1.115508565910705131e-05
7.200460612555976949e-06
1.074593247232997180e-05
7.721282516243773309e-06
8.640111231463667800e-06
8.153118899743388271e-06
4.246641936220472303e-06
5.116772417321442304e-06
5.370841150316360750e-06
6.111348767915359517e-06
1.132117543506928736e-05
6.225875798260795997e-06
7.554493883562174274e-06
5.312145956397691901e-06
3.573724181636635602e-06
6.261600294113027985e-06
4.329266201852661373e-06
2.764252264760553848e-06
2.479129450058858634e-06
2.786790033172481209e-06
2.754492237324041089e-06
2.135428878345773524e-06
2.081891578571486005e-06
1.684602103828103073e-06
1.759784464445511847e-06
1.656574241846013962e-06
1.776815411231624310e-06
1.893436568374255404e-06
2.161019518774427410e-06
3.069062313542195484e-06
3.120929833965668975e-06
2.806777333566705068e-06
2.425024082822410523e-06
2.406116728773235034e-06
2.943019721446624689e-06
3.086194548938705533e-06
3.114060505629396890e-06
3.182228653286594304e-06
1.694065894508600678e-21
1.694065894508600678e-21
1.694065894508600678e-21
1.694065894508600678e-21
1.694065894508600678e-21
1.694065894508600678e-21
1.694065894508600678e-21
1.694065894508600678e-21
1.694065894508600678e-21
1.694065894508600678e-21
1.694065894508600678e-21
1.694065894508600678e-21
1.694065894508600678e-21
1.694065894508600678e-21
1.694065894508600678e-21
1.694065894508600678e-21
1.694065894508600678e-21
1.694065894508600678e-21
1.694065894508600678e-21
1.694065894508600678e-21
1.694065894508600678e-21
1.694065894508600678e-21
1.694065894508600678e-21
1.694065894508600678e-21
1.694065894508600678e-21
1.694065894508600678e-21
1.694065894508600678e-21
1.694065894508600678e-21
1.694065894508600678e-21
1.694065894508600678e-21
1.694065894508600678e-21
1.694065894508600678e-21
1.694065894508600678e-21
1.694065894508600678e-21
1.694065894508600678e-21
1.694065894508600678e-21
