6.554498456952303868e-03
7.114814026494728190e-04
4.173235208254241942e-03
1.752759146275168845e-03
9.608882498736960815e-04
1.706026094705719856e-03
1.031865663978280860e-03
4.205372797586464403e-04
1.980500542073779691e-04
4.269707016530695622e-04
2.294849299484761219e-04
5.849638695952140638e-04
1.978046964468997086e-04
2.125517284524578376e-04
2.316250870830427954e-04
7.499321135060458459e-05
1.230700370756723653e-04
6.813427570890593689e-05
1.028546834392933464e-04
7.626787689944016630e-05
8.112093084175397355e-05
1.389222181635357486e-04
1.117631532226985878e-04
1.449827165045143725e-04
1.033108837367498477e-04
3.643865098601577733e-05
3.985337049133854222e-05
2.668532890038559431e-05
4.948868477640251093e-05
8.407849378654350450e-05
4.454097641632052246e-05
4.598538514618627981e-05
3.958203895348674577e-05
3.825848335767933334e-05
2.430399668035122430e-05
2.586071319114021836e-05
2.994115738359837524e-05
2.061762847788321950e-05
2.130603797900505132e-05
1.674436618696228797e-05
2.241422816649159288e-05
1.347115401118873759e-05
1.069457111883102287e-05
1.236607941465216469e-05
9.228444745630519914e-06
1.149392255232320897e-05
2.076331619988934892e-05
1.027515109341585743e-05
6.577786809363790327e-06
6.971604505969082793e-06
4.571635808455397808e-06
5.030307984803262615e-06
4.254035201979350879e-06
3.868445886337248603e-06
3.622845870083445470e-06
3.803407963643312270e-06
4.019613640625193273e-06
3.931200853653284505e-06
4.389747452721780761e-06
4.243103336606302275e-06
3.905637735009065490e-06
3.794406533478269449e-06
4.021057712366669810e-06
2.486935848027226478e-06
1.694065894508600678e-21
1.694065894508600678e-21
1.694065894508600678e-21
1.694065894508600678e-21
1.694065894508600678e-21
1.694065894508600678e-21
1.694065894508600678e-21
1.694065894508600678e-21
1.694065894508600678e-21
1.694065894508600678e-21
1.694065894508600678e-21
1.694065894508600678e-21
1.694065894508600678e-21
1.694065894508600678e-21
1.694065894508600678e-21
1.694065894508600678e-21
1.694065894508600678e-21
1.694065894508600678e-21
1.694065894508600678e-21
1.694065894508600678e-21
1.694065894508600678e-21
1.694065894508600678e-21
1.694065894508600678e-21
1.694065894508600678e-21
1.694065894508600678e-21
1.694065894508600678e-21
1.694065894508600678e-21
1.694065894508600678e-21
1.694065894508600678e-21
1.694065894508600678e-21
1.694065894508600678e-21
1.694065894508600678e-21
1.694065894508600678e-21
1.694065894508600678e-21
1.694065894508600678e-21
1.694065894508600678e-21
