4.356116218548249856e-04
4.449444237127084885e-04
5.575459103373645205e-04
1.862410197970751065e-04
1.245040545994884225e-04
8.651573337618236775e-05
3.975415552566326997e-05
1.264860735931011446e-05
2.969609011209290583e-05
1.707628222017263354e-05
1.098189310891656486e-05
6.864824142285930815e-06
8.910905093450239772e-06
1.440178457228684628e-05
3.002605269187231348e-06
3.256316917303187732e-06
3.317682578917943714e-06
3.185003347179422294e-06
2.627087706432399193e-06
2.082284000327444236e-06
3.146199190827902571e-06
2.658047589263890518e-06
1.671182310814324957e-06
1.693514143720562798e-06
1.820515919005398371e-06
1.779978180823237830e-06
1.735383122283938694e-06
1.722431590943859238e-06
1.716663265017922217e-06
1.786629003414077179e-06
2.067863204126253296e-06
2.112788203862752186e-06
2.234001362143471483e-06
2.422236502279162081e-06
2.275668296997351075e-06
2.532795945705594674e-06
2.434427462778157549e-06
2.241532609975124733e-06
2.257675974671270525e-06
2.232378397458698296e-06
2.223957937849865423e-06
2.327781959970590770e-06
2.445944956608370590e-06
2.659689234403553432e-06
2.684472480159207465e-06
2.710135439992378738e-06
2.903736029226806176e-06
3.014494588174092332e-06
3.044230338867032399e-06
2.954523493196957852e-06
2.236397174770827941e-06
2.371921981050531140e-06
3.093921232899274633e-06
3.108471601212312804e-06
3.082057715984071153e-06
2.985225538454959942e-06
3.086104295367791019e-06
3.151418850933000011e-06
3.162384009176461430e-06
3.160954078791219791e-06
1.648511461848667445e-06
1.489519182787275101e-07
0.000000000000000000e+00
0.000000000000000000e+00
0.000000000000000000e+00
0.000000000000000000e+00
0.000000000000000000e+00
0.000000000000000000e+00
0.000000000000000000e+00
0.000000000000000000e+00
0.000000000000000000e+00
0.000000000000000000e+00
0.000000000000000000e+00
0.000000000000000000e+00
0.000000000000000000e+00
0.000000000000000000e+00
0.000000000000000000e+00
0.000000000000000000e+00
0.000000000000000000e+00
0.000000000000000000e+00
0.000000000000000000e+00
0.000000000000000000e+00
0.000000000000000000e+00
0.000000000000000000e+00
0.000000000000000000e+00
0.000000000000000000e+00
0.000000000000000000e+00
0.000000000000000000e+00
0.000000000000000000e+00
0.000000000000000000e+00
0.000000000000000000e+00
0.000000000000000000e+00
0.000000000000000000e+00
0.000000000000000000e+00
0.000000000000000000e+00
0.000000000000000000e+00
0.000000000000000000e+00
0.000000000000000000e+00
0.000000000000000000e+00
0.000000000000000000e+00
