1.216850140517504106e-03
8.269238887883902404e-04
9.660594389367124042e-04
6.228004060407880830e-04
4.393125048353384884e-04
1.988578989649779350e-04
4.556372923881052926e-05
9.057285029624750124e-05
1.866694801797842923e-04
9.530371480775597386e-05
4.462025374481690934e-05
1.984782837906266654e-05
2.532477056838099811e-05
2.641721850035206657e-05
8.962523003421146332e-06
2.389381914557553446e-05
1.031209119293417415e-05
1.731085603444941970e-05
1.010319282641501832e-05
9.170700742266948860e-06
7.950324558880685004e-06
6.572061892450796416e-06
5.176690997870908455e-06
8.430942193460660657e-06
9.172833104530624948e-06
3.711918197170432590e-06
3.524632801553196767e-06
6.206550517337932234e-06
5.915041858943826918e-06
3.117306816953377878e-06
2.520878642991181546e-06
2.903844350185613498e-06
3.980893836676535756e-06
2.696726687882613712e-06
2.633974244554723846e-06
4.192237749517048285e-06
3.893087894086728093e-06
3.924310808364969648e-06
3.774257008389851065e-06
2.227445070643877879e-06
2.312503436952038415e-06
2.309567149866499070e-06
1.979517986001794525e-06
1.939412218312182965e-06
1.934802284661710517e-06
1.816828128067057569e-06
1.775396919698253221e-06
2.399126301617687811e-06
2.754116085834373438e-06
2.826941106498537145e-06
2.172343295493044297e-06
2.372154091909511725e-06
3.141903232151393390e-06
3.129742186704098898e-06
2.975885763749307669e-06
2.906458772308997182e-06
2.992742047351292843e-06
3.115415310025640231e-06
3.146109014599590188e-06
3.176822501960255425e-06
7.947907712469405736e-07
0.000000000000000000e+00
0.000000000000000000e+00
0.000000000000000000e+00
0.000000000000000000e+00
0.000000000000000000e+00
0.000000000000000000e+00
0.000000000000000000e+00
0.000000000000000000e+00
0.000000000000000000e+00
0.000000000000000000e+00
0.000000000000000000e+00
0.000000000000000000e+00
0.000000000000000000e+00
0.000000000000000000e+00
0.000000000000000000e+00
0.000000000000000000e+00
0.000000000000000000e+00
0.000000000000000000e+00
0.000000000000000000e+00
0.000000000000000000e+00
0.000000000000000000e+00
0.000000000000000000e+00
0.000000000000000000e+00
0.000000000000000000e+00
0.000000000000000000e+00
0.000000000000000000e+00
0.000000000000000000e+00
0.000000000000000000e+00
0.000000000000000000e+00
0.000000000000000000e+00
0.000000000000000000e+00
0.000000000000000000e+00
0.000000000000000000e+00
0.000000000000000000e+00
0.000000000000000000e+00
0.000000000000000000e+00
0.000000000000000000e+00
0.000000000000000000e+00
0.000000000000000000e+00
