2.224910895796238484e-03
1.697227668714873777e-03
1.272141720295141311e-03
1.287077785495789259e-03
6.496876758468701427e-04
5.124588207198399947e-04
2.979284889597396519e-04
2.695037561957851192e-04
6.103580924464904311e-04
2.936792477831916205e-04
1.985154994101346313e-04
7.289918947386789130e-05
1.250507708961043341e-04
6.519655392326824687e-05
3.848714339577969924e-05
8.431644161390071846e-05
6.185192908085043577e-05
5.549218913252226224e-05
4.286159920981023755e-05
3.379591758787083608e-05
4.832286077959734922e-05
4.093136760655387865e-05
3.388371126662850151e-05
2.611306934241413715e-05
2.518710039584304137e-05
2.751192994478322189e-05
2.433160383010993453e-05
3.009771140805285203e-05
1.678271117321877425e-05
1.359855318746726174e-05
1.155716246886287149e-05
1.023027500727891417e-05
7.395623117193557057e-06
1.672171518841694346e-05
1.769460511768786084e-05
9.301783665691051793e-06
8.599815802817632176e-06
8.680488080684843190e-06
9.561164839800901069e-06
9.293362234629635001e-06
7.429180596958579009e-06
6.441795550019903629e-06
6.063297564178633414e-06
4.993739825252936831e-06
4.659624378544649335e-06
3.111289192437472125e-06
2.929701080739912273e-06
2.185365098476653490e-06
2.363454047861633857e-06
2.249507490807553249e-06
1.859379168891708182e-06
2.433376223995030891e-06
2.860563888525817363e-06
2.887308670082147139e-06
2.104511062927103849e-06
2.009134131403667734e-06
2.364350847462872027e-06
2.882079172775361411e-06
2.973323041780847082e-06
3.088552957424966473e-06
0.000000000000000000e+00
0.000000000000000000e+00
0.000000000000000000e+00
0.000000000000000000e+00
0.000000000000000000e+00
0.000000000000000000e+00
0.000000000000000000e+00
0.000000000000000000e+00
0.000000000000000000e+00
0.000000000000000000e+00
0.000000000000000000e+00
0.000000000000000000e+00
0.000000000000000000e+00
0.000000000000000000e+00
0.000000000000000000e+00
0.000000000000000000e+00
0.000000000000000000e+00
0.000000000000000000e+00
0.000000000000000000e+00
0.000000000000000000e+00
0.000000000000000000e+00
0.000000000000000000e+00
0.000000000000000000e+00
0.000000000000000000e+00
0.000000000000000000e+00
0.000000000000000000e+00
0.000000000000000000e+00
0.000000000000000000e+00
0.000000000000000000e+00
0.000000000000000000e+00
0.000000000000000000e+00
0.000000000000000000e+00
0.000000000000000000e+00
0.000000000000000000e+00
0.000000000000000000e+00
0.000000000000000000e+00
0.000000000000000000e+00
0.000000000000000000e+00
0.000000000000000000e+00
0.000000000000000000e+00
