3.501369424063995560e-03
2.643491865949652245e-03
4.587521806577974336e-03
2.338045461221684943e-03
1.267921897303540260e-03
8.591040619932367901e-04
7.842216112871201912e-04
5.230466976083340477e-04
8.095056716570468974e-04
5.483660097482639375e-04
6.507568714736025389e-04
2.095929900379176229e-04
1.942710343625980100e-04
3.041865843884265569e-04
1.329890076188091719e-04
1.123298084624238123e-04
1.434781205113484835e-04
6.907606624533339757e-05
7.752404194364153798e-05
1.194993057769386024e-04
1.152352979162615018e-04
7.277734019419917068e-05
1.032106540820847010e-04
6.499284772780389242e-05
7.628424703702465625e-05
5.845594914113623247e-05
7.389199785981799659e-05
5.884000341403477390e-05
4.416162675092743568e-05
3.737060275403632220e-05
2.048203452053172537e-05
2.317792680170651162e-05
2.866381190405551188e-05
3.383474626696361150e-05
3.021945665710899778e-05
2.763184424721941919e-05
2.779081196082941311e-05
2.393757805688207657e-05
4.178704181522556959e-05
2.239202315063660496e-05
1.826352290403989334e-05
1.320502255688938022e-05
2.158564095218810819e-05
2.231709725722127197e-05
1.240696456946612020e-05
7.684271080342463441e-06
7.836613809184485549e-06
4.833907202367476006e-06
2.796037329670874858e-06
3.885119518833945596e-06
2.294768401521979895e-06
2.138429338832274297e-06
2.085699223364232673e-06
2.050223752114980120e-06
1.821499620327771625e-06
2.216434793712914145e-06
2.034015659784181912e-06
2.018584076416283530e-06
2.062635072318688646e-06
2.306592137696844086e-06
0.000000000000000000e+00
0.000000000000000000e+00
0.000000000000000000e+00
0.000000000000000000e+00
0.000000000000000000e+00
0.000000000000000000e+00
0.000000000000000000e+00
0.000000000000000000e+00
0.000000000000000000e+00
0.000000000000000000e+00
0.000000000000000000e+00
0.000000000000000000e+00
0.000000000000000000e+00
0.000000000000000000e+00
0.000000000000000000e+00
0.000000000000000000e+00
0.000000000000000000e+00
0.000000000000000000e+00
0.000000000000000000e+00
0.000000000000000000e+00
0.000000000000000000e+00
0.000000000000000000e+00
0.000000000000000000e+00
0.000000000000000000e+00
0.000000000000000000e+00
0.000000000000000000e+00
0.000000000000000000e+00
0.000000000000000000e+00
0.000000000000000000e+00
0.000000000000000000e+00
0.000000000000000000e+00
0.000000000000000000e+00
0.000000000000000000e+00
0.000000000000000000e+00
0.000000000000000000e+00
0.000000000000000000e+00
0.000000000000000000e+00
0.000000000000000000e+00
0.000000000000000000e+00
0.000000000000000000e+00
