1.792188743830847291e-03
1.670921081976014101e-04
7.512346652347384269e-04
3.437915541554335385e-04
3.834559316539430462e-05
3.693705142299124044e-05
6.297875736116350851e-05
3.360174299321819831e-05
1.137409846130283832e-05
1.189936204603908434e-05
1.720166391982572252e-05
7.059347231812784256e-06
1.258734085975140107e-05
7.697775431307958034e-06
4.951720775851889025e-06
5.803232430020376105e-06
3.178373479353780217e-06
2.931325643900516462e-06
2.422194310607398621e-06
2.548227154950901680e-06
3.116658968691933564e-06
2.556127946241840102e-06
2.306183151945632258e-06
1.871809357299639573e-06
1.877213180801682969e-06
1.865470662931372078e-06
2.046164440831640836e-06
2.750315105017479588e-06
2.194882255261825982e-06
1.896017322024589453e-06
2.068341508266865322e-06
2.128016875356391772e-06
2.228767161146287186e-06
2.443659620155890118e-06
2.087346588343171929e-06
2.155325152558891933e-06
2.376586457207596910e-06
2.369703399195949735e-06
2.375791482185271513e-06
2.079095493816201145e-06
2.317028296395517114e-06
2.668033950203007782e-06
2.729422547015378961e-06
2.721361969532547302e-06
2.983538537008772542e-06
3.134937337872002275e-06
3.129499306764318997e-06
2.490423389560065749e-06
2.284888978981607814e-06
3.072314926535832978e-06
3.117146425290452612e-06
3.167352507051090630e-06
3.017839320025636773e-06
3.047897975228224592e-06
3.170655692766240596e-06
3.155851439669682312e-06
3.180144430121482176e-06
9.707594190388813025e-07
0.000000000000000000e+00
0.000000000000000000e+00
0.000000000000000000e+00
0.000000000000000000e+00
0.000000000000000000e+00
0.000000000000000000e+00
0.000000000000000000e+00
0.000000000000000000e+00
0.000000000000000000e+00
0.000000000000000000e+00
0.000000000000000000e+00
0.000000000000000000e+00
0.000000000000000000e+00
0.000000000000000000e+00
0.000000000000000000e+00
0.000000000000000000e+00
0.000000000000000000e+00
0.000000000000000000e+00
0.000000000000000000e+00
0.000000000000000000e+00
0.000000000000000000e+00
0.000000000000000000e+00
0.000000000000000000e+00
0.000000000000000000e+00
0.000000000000000000e+00
0.000000000000000000e+00
0.000000000000000000e+00
0.000000000000000000e+00
0.000000000000000000e+00
0.000000000000000000e+00
0.000000000000000000e+00
0.000000000000000000e+00
0.000000000000000000e+00
0.000000000000000000e+00
0.000000000000000000e+00
0.000000000000000000e+00
0.000000000000000000e+00
0.000000000000000000e+00
0.000000000000000000e+00
0.000000000000000000e+00
0.000000000000000000e+00
0.000000000000000000e+00
