1.167492812280344124e-03
6.854187901572383022e-03
1.820482114259186534e-03
1.641674934166710434e-03
2.447935683962364217e-03
1.028663284644206399e-03
5.588769404616223497e-04
1.398756810247401422e-03
2.041586382301201728e-03
8.032032477630099247e-04
2.307423004275765358e-03
1.345892469080191148e-03
7.544110238810687510e-04
6.270411543231938205e-04
1.441041877173737781e-04
3.009152208835814599e-04
3.590307790508872601e-04
6.811601682078532354e-04
1.812564494254885515e-04
8.819793268086260527e-05
2.365212129917706855e-04
1.705225031319689130e-04
8.165499755483035342e-05
7.112381885163296044e-05
1.381740017127872967e-04
6.086524497524077061e-05
5.834739048800268677e-05
6.834755460857583570e-05
6.687194949684001615e-05
5.530044301748508523e-05
3.110881500658768396e-05
3.928825463057565158e-05
2.040290036390145871e-05
2.966222937322253174e-05
2.758124390913458106e-05
1.471327018227150525e-05
1.847160319616016847e-05
2.167248290393793901e-05
4.284575951315331191e-05
1.817850874245175851e-05
1.581251696039478715e-05
1.449502560047189967e-05
1.254592837977465160e-05
1.651381310319166912e-05
1.580996103863569965e-05
1.470020525036840816e-05
1.054183051732052242e-05
1.545477690296936409e-05
1.267149754246736093e-05
1.475608036240302058e-05
1.698404132320341625e-05
1.695066651526424712e-05
1.698139382882701820e-05
1.296405837668764410e-05
1.179486669339319325e-05
1.315337442320454258e-05
1.250408720174658067e-05
1.252921961353017246e-05
1.419525428183518372e-05
9.790919022013630778e-06
8.073016330980330719e-06
1.089256550853522099e-05
1.311070172179797819e-05
1.239939813009843118e-05
1.097067312670051571e-05
1.213499622936909762e-05
1.278773192666822129e-05
1.065863941695470751e-05
8.405235946359142143e-06
9.736703611960544638e-06
9.639859552085527927e-06
1.115706115036862808e-05
9.885851926533881448e-06
7.128064988258778769e-06
5.476519410916471753e-06
4.758113399667711231e-06
5.262142108456439638e-06
6.031409397913030013e-06
4.821539848325501254e-06
5.187161205936091532e-06
4.962477163218902731e-06
3.044050650255752836e-06
1.954142104278264626e-06
2.159754229033044808e-06
2.600525831145591118e-06
2.284917835378692267e-06
2.060221634078858032e-07
1.795987350852814052e-07
1.417155590909444568e-07
1.325808165666915731e-07
1.082154725167852945e-07
1.071020464341406192e-07
0.000000000000000000e+00
0.000000000000000000e+00
0.000000000000000000e+00
0.000000000000000000e+00
0.000000000000000000e+00
0.000000000000000000e+00
0.000000000000000000e+00
0.000000000000000000e+00
