2.005696303197955412e-03
1.278214921766757388e-04
1.459572184384238039e-03
4.171097046105500623e-04
8.995075388908305516e-05
3.061159939021316497e-05
4.561193937606163181e-05
2.592878371786552701e-05
6.240200164720476896e-05
3.400067395065526569e-05
1.504025834527421146e-05
1.243694201600594049e-05
1.768064579652759932e-05
1.158128700778236237e-05
7.087116992416170260e-06
1.055222160997065771e-05
1.337046693829300422e-05
7.676013245153984180e-06
7.365644164526876465e-06
9.926058906592905633e-06
1.035462170307260808e-05
3.824508495964608299e-06
2.611065987504950058e-06
1.996019518959815279e-06
3.290858859815386591e-06
2.940344940765626308e-06
3.580932612009064123e-06
2.874855251390463323e-06
4.042525786001987128e-06
3.282874101768509937e-06
2.305786286797396846e-06
1.821141980298198634e-06
2.419372730973425134e-06
1.914497779709474520e-06
2.285428897618224645e-06
2.570763659492230338e-06
1.936506830764744129e-06
1.767652127258851061e-06
1.719359832185944257e-06
1.817447164309663541e-06
1.868721481426587279e-06
2.074031493351344780e-06
2.052025740417004263e-06
1.946807683434354008e-06
2.253809221632284065e-06
2.701891619625855816e-06
2.978476702981609887e-06
2.231491740910375598e-06
2.330024757228042498e-06
3.130383423446409477e-06
3.107229258595487581e-06
3.060993581759413221e-06
2.964447025936389160e-06
2.958749933576479523e-06
3.135590136030578629e-06
3.154896775818124469e-06
3.101573918807731171e-06
3.216695857559612067e-07
1.694065894508600678e-21
1.694065894508600678e-21
1.694065894508600678e-21
1.694065894508600678e-21
1.694065894508600678e-21
1.694065894508600678e-21
1.694065894508600678e-21
1.694065894508600678e-21
1.694065894508600678e-21
1.694065894508600678e-21
1.694065894508600678e-21
1.694065894508600678e-21
1.694065894508600678e-21
1.694065894508600678e-21
1.694065894508600678e-21
1.694065894508600678e-21
1.694065894508600678e-21
1.694065894508600678e-21
1.694065894508600678e-21
1.694065894508600678e-21
1.694065894508600678e-21
1.694065894508600678e-21
1.694065894508600678e-21
1.694065894508600678e-21
1.694065894508600678e-21
1.694065894508600678e-21
1.694065894508600678e-21
1.694065894508600678e-21
1.694065894508600678e-21
1.694065894508600678e-21
1.694065894508600678e-21
1.694065894508600678e-21
1.694065894508600678e-21
1.694065894508600678e-21
1.694065894508600678e-21
1.694065894508600678e-21
1.694065894508600678e-21
1.694065894508600678e-21
1.694065894508600678e-21
1.694065894508600678e-21
1.694065894508600678e-21
1.694065894508600678e-21
