6.330018772269743570e-03
5.620523705770213855e-04
3.797892132559859985e-03
1.947102656933738128e-03
3.384700283304947462e-04
2.191957440473046349e-04
1.264620160063943536e-04
9.656641138988637319e-05
2.957924201068890175e-04
7.657237941929421240e-05
7.933830440733106646e-05
3.043204083997593166e-05
1.229889088003212479e-04
8.175904984137950555e-05
9.080458992493970166e-05
7.560198820494865371e-05
1.062585746126047019e-04
3.973958693264674464e-05
4.553826301338465487e-05
2.164331979947923883e-05
3.036033813069594908e-05
4.411512357162333212e-05
3.287575038474610642e-05
2.700812803288411590e-05
1.741171720302583316e-05
2.630303445531479020e-05
1.290997850527738753e-05
1.280874478965519822e-05
1.623995453173506098e-05
1.576063808521181278e-05
9.179041581680410212e-06
1.312313040363691207e-05
8.940605756077840338e-06
7.725933819300553521e-06
4.620805484206267629e-06
4.190564255255160828e-06
7.094173463806045624e-06
5.429323466906408310e-06
4.625940584900928685e-06
6.998237126645024451e-06
4.912948870082050004e-06
3.874730296988590083e-06
3.955376141988622151e-06
4.595745682924374052e-06
3.065687551732152391e-06
1.991888755516742946e-06
1.627575675252235454e-06
1.346533241857684524e-06
1.681971446422068388e-06
2.712859608628181566e-06
2.823410748140755239e-06
2.391351468783731013e-06
2.125072571243384666e-06
2.415718979997947468e-06
2.752365359428466026e-06
2.747238765108548167e-06
2.936420610856600576e-06
0.000000000000000000e+00
0.000000000000000000e+00
0.000000000000000000e+00
0.000000000000000000e+00
0.000000000000000000e+00
0.000000000000000000e+00
0.000000000000000000e+00
0.000000000000000000e+00
0.000000000000000000e+00
0.000000000000000000e+00
0.000000000000000000e+00
0.000000000000000000e+00
0.000000000000000000e+00
0.000000000000000000e+00
0.000000000000000000e+00
0.000000000000000000e+00
0.000000000000000000e+00
0.000000000000000000e+00
0.000000000000000000e+00
0.000000000000000000e+00
0.000000000000000000e+00
0.000000000000000000e+00
0.000000000000000000e+00
0.000000000000000000e+00
0.000000000000000000e+00
0.000000000000000000e+00
0.000000000000000000e+00
0.000000000000000000e+00
0.000000000000000000e+00
0.000000000000000000e+00
0.000000000000000000e+00
0.000000000000000000e+00
0.000000000000000000e+00
0.000000000000000000e+00
0.000000000000000000e+00
0.000000000000000000e+00
0.000000000000000000e+00
0.000000000000000000e+00
0.000000000000000000e+00
0.000000000000000000e+00
0.000000000000000000e+00
0.000000000000000000e+00
0.000000000000000000e+00
