6.507483173882287579e-03
6.340761729692310795e-04
4.148174917624376790e-03
3.646107015421303985e-03
4.113928118582236139e-04
3.639066744289500737e-04
5.106234288441816082e-04
2.467582627801004390e-04
3.842028685282138046e-04
3.251782867195834284e-04
7.430576329218618230e-04
2.925691092703233231e-04
3.323709429309615738e-04
1.583698140157805908e-04
1.214863366253535095e-04
1.326874432630371274e-04
8.970179392564454684e-05
1.269703408065019014e-04
9.546863229351701147e-05
8.888656492692456482e-05
8.861980477861219983e-05
8.132552106351439622e-05
4.757590535834808969e-05
4.738736071695325415e-05
5.828564622494444147e-05
4.028614901125685216e-05
5.386224617339182517e-05
4.612967232355388365e-05
2.254798716707067524e-05
2.742365715476454625e-05
3.182837483649186340e-05
2.892720741856464340e-05
5.275467733168487692e-05
1.549543506928808772e-05
3.030335762999942072e-05
3.023988698589991623e-05
1.944210494613445600e-05
1.261942056984415072e-05
1.574435671008902853e-05
1.665403503930873151e-05
1.069737348537948232e-05
7.803923552088942519e-06
8.058299353314668588e-06
7.807403866234891804e-06
1.023263301491021037e-05
5.544826065915421376e-06
4.292354331857648188e-06
2.898306309545082399e-06
2.092198416585081475e-06
2.319296690683372238e-06
2.655892677796907513e-06
2.326484225739520258e-06
2.719053231615977824e-06
2.327737219137397407e-06
2.302401408469922652e-06
2.320890075011133593e-06
2.558055287148162395e-06
0.000000000000000000e+00
0.000000000000000000e+00
0.000000000000000000e+00
0.000000000000000000e+00
0.000000000000000000e+00
0.000000000000000000e+00
0.000000000000000000e+00
0.000000000000000000e+00
0.000000000000000000e+00
0.000000000000000000e+00
0.000000000000000000e+00
0.000000000000000000e+00
0.000000000000000000e+00
0.000000000000000000e+00
0.000000000000000000e+00
0.000000000000000000e+00
0.000000000000000000e+00
0.000000000000000000e+00
0.000000000000000000e+00
0.000000000000000000e+00
0.000000000000000000e+00
0.000000000000000000e+00
0.000000000000000000e+00
0.000000000000000000e+00
0.000000000000000000e+00
0.000000000000000000e+00
0.000000000000000000e+00
0.000000000000000000e+00
0.000000000000000000e+00
0.000000000000000000e+00
0.000000000000000000e+00
0.000000000000000000e+00
0.000000000000000000e+00
0.000000000000000000e+00
0.000000000000000000e+00
0.000000000000000000e+00
0.000000000000000000e+00
0.000000000000000000e+00
0.000000000000000000e+00
0.000000000000000000e+00
0.000000000000000000e+00
0.000000000000000000e+00
0.000000000000000000e+00
