1.735408890626880104e-03
2.162171389760078328e-04
3.567899630464758335e-04
4.434841930197000611e-04
1.476793176458947559e-04
4.130262800536185053e-05
1.647400555744226458e-05
5.415448942358202166e-05
1.362885617764198303e-05
2.647253620086695118e-05
1.069906915055650391e-05
1.301773774191509660e-05
8.786961241690296499e-06
3.415670992014146705e-06
5.919406601036817282e-06
6.085484018850371798e-06
3.371678911093692532e-06
2.517251748785182925e-06
1.760966460969647367e-06
2.150824447655035642e-06
2.806196531431801446e-06
1.668761907484724561e-06
1.770824695170028691e-06
1.893381413685852922e-06
3.709418310798041134e-06
1.752002341287085128e-06
1.695031971551038668e-06
1.746413881878088751e-06
1.887540816982025192e-06
1.921001173766639174e-06
2.153798810963129560e-06
2.190871299255464108e-06
2.127200232706923253e-06
2.103450414376404685e-06
2.275439036778720583e-06
2.206255872800452453e-06
2.331306409345192481e-06
2.475329967583453033e-06
2.451652404732202277e-06
2.578261771456323620e-06
2.659203882607035256e-06
2.836474626872325708e-06
2.990561439886080946e-06
3.069678969373012413e-06
2.609088262566504655e-06
2.417544747422041732e-06
3.087222732516418349e-06
3.107519410338583421e-06
3.039159754890719061e-06
2.976007703448667063e-06
3.082360437573842664e-06
3.096512348763527171e-06
3.144730837429193383e-06
3.056985908151263394e-06
1.974994144406298811e-07
0.000000000000000000e+00
0.000000000000000000e+00
0.000000000000000000e+00
0.000000000000000000e+00
0.000000000000000000e+00
0.000000000000000000e+00
0.000000000000000000e+00
0.000000000000000000e+00
0.000000000000000000e+00
0.000000000000000000e+00
0.000000000000000000e+00
0.000000000000000000e+00
0.000000000000000000e+00
0.000000000000000000e+00
0.000000000000000000e+00
0.000000000000000000e+00
0.000000000000000000e+00
0.000000000000000000e+00
0.000000000000000000e+00
0.000000000000000000e+00
0.000000000000000000e+00
0.000000000000000000e+00
0.000000000000000000e+00
0.000000000000000000e+00
0.000000000000000000e+00
0.000000000000000000e+00
0.000000000000000000e+00
0.000000000000000000e+00
0.000000000000000000e+00
0.000000000000000000e+00
0.000000000000000000e+00
0.000000000000000000e+00
0.000000000000000000e+00
0.000000000000000000e+00
0.000000000000000000e+00
0.000000000000000000e+00
0.000000000000000000e+00
0.000000000000000000e+00
0.000000000000000000e+00
0.000000000000000000e+00
0.000000000000000000e+00
0.000000000000000000e+00
0.000000000000000000e+00
0.000000000000000000e+00
0.000000000000000000e+00
