1.794961638668926421e-03
3.335269717775903140e-04
5.225944406327268435e-04
4.350758666767941783e-04
7.204066399446906234e-05
8.060235297290708611e-05
1.559241724822365215e-05
7.367261173937001144e-05
3.373182733320624941e-05
3.310080614844944564e-05
1.251545680357757395e-05
1.240037436882339488e-05
1.861939007900477143e-05
6.725393522533531677e-06
6.626121078126772440e-06
1.258026909031799392e-05
4.791290345071570259e-06
6.102085913122643198e-06
3.410716517426808364e-06
3.062531162075707032e-06
2.888304526482120197e-06
2.600888869634387567e-06
2.516596946366333182e-06
3.882892484057354263e-06
2.797820884266374576e-06
4.371723641528513513e-06
2.818858029822690412e-06
2.784750856500062027e-06
2.799300380876833824e-06
1.794281070061534046e-06
1.718597476779665770e-06
1.589788752482634155e-06
1.664616496248175393e-06
1.811386652520503017e-06
1.651880940134163151e-06
1.623630352950752761e-06
1.659269234379162369e-06
1.784208339836505251e-06
1.983213068311889701e-06
2.180935126967276786e-06
2.270652563234825168e-06
2.439631980026296851e-06
2.804457219555015299e-06
2.880441840701432782e-06
2.374988766141104926e-06
2.377214813819158501e-06
3.090796597670666665e-06
3.149513311895782430e-06
3.049334859877139145e-06
2.916108310650861587e-06
3.028119502252864408e-06
3.113765238511329702e-06
3.157385240591986109e-06
2.447890128137205863e-06
2.231849957149614573e-07
0.000000000000000000e+00
0.000000000000000000e+00
0.000000000000000000e+00
0.000000000000000000e+00
0.000000000000000000e+00
0.000000000000000000e+00
0.000000000000000000e+00
0.000000000000000000e+00
0.000000000000000000e+00
0.000000000000000000e+00
0.000000000000000000e+00
0.000000000000000000e+00
0.000000000000000000e+00
0.000000000000000000e+00
0.000000000000000000e+00
0.000000000000000000e+00
0.000000000000000000e+00
0.000000000000000000e+00
0.000000000000000000e+00
0.000000000000000000e+00
0.000000000000000000e+00
0.000000000000000000e+00
0.000000000000000000e+00
0.000000000000000000e+00
0.000000000000000000e+00
0.000000000000000000e+00
0.000000000000000000e+00
0.000000000000000000e+00
0.000000000000000000e+00
0.000000000000000000e+00
0.000000000000000000e+00
0.000000000000000000e+00
0.000000000000000000e+00
0.000000000000000000e+00
0.000000000000000000e+00
0.000000000000000000e+00
0.000000000000000000e+00
0.000000000000000000e+00
0.000000000000000000e+00
0.000000000000000000e+00
0.000000000000000000e+00
0.000000000000000000e+00
0.000000000000000000e+00
0.000000000000000000e+00
0.000000000000000000e+00
