6.042267508089185779e-03
1.037033978495864551e-03
1.477074707145139198e-03
1.393633951295642328e-03
4.454571149015711822e-04
3.854161316394968538e-04
6.923493815601101486e-05
4.196663730833518811e-04
2.682937833013232325e-04
1.298734324448871046e-04
2.978000775772478702e-05
8.533488466741508225e-05
8.854199142667382183e-05
6.569649935409823489e-05
6.119996633502273748e-05
6.109969215289853253e-05
8.790908374182321034e-05
4.157610331474212017e-05
3.128132184646906618e-05
2.162340767310668436e-05
6.249401586637791535e-05
5.235765018199967059e-05
3.767287235119569589e-05
3.578238214079235510e-05
2.774788203230847241e-05
2.926021752754786893e-05
1.514121455102219473e-05
1.086979849084213870e-05
1.056318494853418129e-05
1.467192066570380219e-05
2.463108772756445556e-05
1.713376504176047877e-05
1.348486155008276604e-05
8.790768863398357047e-06
5.611256617826179451e-06
5.895130743140090703e-06
7.156397054572315922e-06
8.427269171357917854e-06
6.520275077993304711e-06
4.952030088895435019e-06
3.515292841317009501e-06
3.709173418469688581e-06
2.743765166838257632e-06
2.508383376196262017e-06
2.463131790919093523e-06
2.486201058786243339e-06
3.336769674010584387e-06
3.415337004291101633e-06
2.901734144666684679e-06
2.744240411674650384e-06
2.988651162089375473e-06
3.180954433113767006e-06
3.315099930545494502e-06
2.493758551905385307e-06
1.694065894508600678e-21
1.694065894508600678e-21
1.694065894508600678e-21
1.694065894508600678e-21
1.694065894508600678e-21
1.694065894508600678e-21
1.694065894508600678e-21
1.694065894508600678e-21
1.694065894508600678e-21
1.694065894508600678e-21
1.694065894508600678e-21
1.694065894508600678e-21
1.694065894508600678e-21
1.694065894508600678e-21
1.694065894508600678e-21
1.694065894508600678e-21
1.694065894508600678e-21
1.694065894508600678e-21
1.694065894508600678e-21
1.694065894508600678e-21
1.694065894508600678e-21
1.694065894508600678e-21
1.694065894508600678e-21
1.694065894508600678e-21
1.694065894508600678e-21
1.694065894508600678e-21
1.694065894508600678e-21
1.694065894508600678e-21
1.694065894508600678e-21
1.694065894508600678e-21
1.694065894508600678e-21
1.694065894508600678e-21
1.694065894508600678e-21
1.694065894508600678e-21
1.694065894508600678e-21
1.694065894508600678e-21
1.694065894508600678e-21
1.694065894508600678e-21
1.694065894508600678e-21
1.694065894508600678e-21
1.694065894508600678e-21
1.694065894508600678e-21
1.694065894508600678e-21
1.694065894508600678e-21
1.694065894508600678e-21
1.694065894508600678e-21
