5.762465203294287255e-03
3.962406660641837157e-03
2.693119182356398106e-03
2.569105482891388681e-03
8.272956547541281125e-04
1.275034286207421888e-03
6.693826843927194129e-04
1.096595619292990926e-03
5.458647505503152206e-04
6.056372061473204753e-04
6.237393055340716749e-04
8.164054830365429210e-04
2.928229146924521886e-04
1.914988346445629247e-04
2.144187262116062777e-04
2.253620128469666290e-04
1.525508012199993583e-04
1.077574401317933482e-04
1.558986296637532027e-04
1.267967138691435233e-04
1.186760306607024520e-04
1.028334657291076192e-04
8.240623705845089605e-05
1.467324110526202496e-04
1.233030385078822755e-04
1.300097719058700553e-04
1.191442976130977502e-04
4.810798509435915165e-05
6.516766878367432237e-05
4.591676829901807994e-05
5.547606051561796374e-05
2.718128429738268632e-05
4.157539837376001980e-05
4.400736671318013395e-05
3.761308645610847434e-05
2.953476852694163899e-05
3.837454538776176251e-05
3.276490803987662780e-05
2.026263922359446663e-05
1.500272914537141177e-05
1.884540627898616841e-05
1.444951275987943419e-05
8.941946698955105546e-06
6.743024316018006410e-06
5.532559573124408782e-06
6.058333163279372853e-06
4.082896807408183771e-06
3.982975966193696192e-06
4.172799937421891202e-06
4.826224621456640446e-06
3.892096969482184398e-06
3.798204175627944819e-06
4.152302928850305530e-06
2.749805199523274752e-06
0.000000000000000000e+00
0.000000000000000000e+00
0.000000000000000000e+00
0.000000000000000000e+00
0.000000000000000000e+00
0.000000000000000000e+00
0.000000000000000000e+00
0.000000000000000000e+00
0.000000000000000000e+00
0.000000000000000000e+00
0.000000000000000000e+00
0.000000000000000000e+00
0.000000000000000000e+00
0.000000000000000000e+00
0.000000000000000000e+00
0.000000000000000000e+00
0.000000000000000000e+00
0.000000000000000000e+00
0.000000000000000000e+00
0.000000000000000000e+00
0.000000000000000000e+00
0.000000000000000000e+00
0.000000000000000000e+00
0.000000000000000000e+00
0.000000000000000000e+00
0.000000000000000000e+00
0.000000000000000000e+00
0.000000000000000000e+00
0.000000000000000000e+00
0.000000000000000000e+00
0.000000000000000000e+00
0.000000000000000000e+00
0.000000000000000000e+00
0.000000000000000000e+00
0.000000000000000000e+00
0.000000000000000000e+00
0.000000000000000000e+00
0.000000000000000000e+00
0.000000000000000000e+00
0.000000000000000000e+00
0.000000000000000000e+00
0.000000000000000000e+00
0.000000000000000000e+00
0.000000000000000000e+00
0.000000000000000000e+00
0.000000000000000000e+00
