1.194451602201355425e-03
2.066492552456747410e-04
6.205684876277640667e-04
1.098795158178919763e-04
5.130174974301577445e-05
3.423820088366965681e-05
3.117061255390378107e-05
3.006257600916554376e-05
1.215453821637576328e-05
6.974375823799602228e-06
1.045931607187605857e-05
8.109745936990788226e-06
5.357093141202165087e-06
6.010645140803490741e-06
5.965261742397468312e-06
2.113647167003482653e-06
2.237746958451477097e-06
1.996545146454557626e-06
1.735904224136428470e-06
1.872279224875763959e-06
1.693306766492357311e-06
1.516343416007168587e-06
1.756872077130108812e-06
1.825711143886667338e-06
1.869000874868805096e-06
1.867118356343170076e-06
1.765413347445160808e-06
2.048287765171911609e-06
2.257826920861196648e-06
2.357347753304594501e-06
2.070965647089119467e-06
1.935448996164663623e-06
1.893726017745932797e-06
1.864657487484875923e-06
1.952899822102950462e-06
2.431699576670144192e-06
2.602429692796299047e-06
2.603655101124249383e-06
2.573625327802168881e-06
2.776574538459819867e-06
2.992305203392884852e-06
3.013972261661452612e-06
2.215053610866204100e-06
2.827848274508210708e-06
3.136801919724419479e-06
3.081526599902951188e-06
2.900761817304300943e-06
3.010586931048818901e-06
3.098460547489473439e-06
3.127262276945516684e-06
2.973628624027089243e-06
1.694065894508600678e-21
1.694065894508600678e-21
1.694065894508600678e-21
1.694065894508600678e-21
1.694065894508600678e-21
1.694065894508600678e-21
1.694065894508600678e-21
1.694065894508600678e-21
1.694065894508600678e-21
1.694065894508600678e-21
1.694065894508600678e-21
1.694065894508600678e-21
1.694065894508600678e-21
1.694065894508600678e-21
1.694065894508600678e-21
1.694065894508600678e-21
1.694065894508600678e-21
1.694065894508600678e-21
1.694065894508600678e-21
1.694065894508600678e-21
1.694065894508600678e-21
1.694065894508600678e-21
1.694065894508600678e-21
1.694065894508600678e-21
1.694065894508600678e-21
1.694065894508600678e-21
1.694065894508600678e-21
1.694065894508600678e-21
1.694065894508600678e-21
1.694065894508600678e-21
1.694065894508600678e-21
1.694065894508600678e-21
1.694065894508600678e-21
1.694065894508600678e-21
1.694065894508600678e-21
1.694065894508600678e-21
1.694065894508600678e-21
1.694065894508600678e-21
1.694065894508600678e-21
1.694065894508600678e-21
1.694065894508600678e-21
1.694065894508600678e-21
1.694065894508600678e-21
1.694065894508600678e-21
1.694065894508600678e-21
1.694065894508600678e-21
1.694065894508600678e-21
1.694065894508600678e-21
1.694065894508600678e-21
