1.720520473404990027e-03
3.498195321681875749e-04
8.980897247171401674e-04
3.247483071128308006e-04
1.273744191246711712e-04
1.056437461993658657e-04
3.998354487016288406e-05
6.374288163107242808e-05
4.519970402423338006e-05
2.128484916695303717e-05
1.847461310749460659e-05
2.203870501108994820e-05
6.066941789833014724e-06
1.201488966752197881e-05
1.030105676697715967e-05
8.442800511670519464e-06
6.589989079989189949e-06
5.308146861436711232e-06
4.890878656925080806e-06
4.053900953610453065e-06
4.269647567518626444e-06
3.369023612717627861e-06
3.415671780245580141e-06
4.340477956890414868e-06
3.574881562494050702e-06
5.360896790730340815e-06
2.782116259892230006e-06
1.607496641725583728e-06
2.637591963455052062e-06
2.192084636244390930e-06
1.693369880207309160e-06
1.757132150371343508e-06
1.675125372774628557e-06
1.946882625277135965e-06
1.707956562367688716e-06
1.427896701967771901e-06
1.647720571435723800e-06
1.533689517178090172e-06
1.657692450067693347e-06
1.965313082391926668e-06
2.596267780628310870e-06
2.674971313869224604e-06
2.116123738977082448e-06
2.828062514017203075e-06
3.100823698397614011e-06
2.979156862639595639e-06
2.770217556594264672e-06
2.827488517968052134e-06
3.049084676429247556e-06
3.093676991627766388e-06
2.686969577281661252e-06
3.586278096395640545e-07
0.000000000000000000e+00
0.000000000000000000e+00
0.000000000000000000e+00
0.000000000000000000e+00
0.000000000000000000e+00
0.000000000000000000e+00
0.000000000000000000e+00
0.000000000000000000e+00
0.000000000000000000e+00
0.000000000000000000e+00
0.000000000000000000e+00
0.000000000000000000e+00
0.000000000000000000e+00
0.000000000000000000e+00
0.000000000000000000e+00
0.000000000000000000e+00
0.000000000000000000e+00
0.000000000000000000e+00
0.000000000000000000e+00
0.000000000000000000e+00
0.000000000000000000e+00
0.000000000000000000e+00
0.000000000000000000e+00
0.000000000000000000e+00
0.000000000000000000e+00
0.000000000000000000e+00
0.000000000000000000e+00
0.000000000000000000e+00
0.000000000000000000e+00
0.000000000000000000e+00
0.000000000000000000e+00
0.000000000000000000e+00
0.000000000000000000e+00
0.000000000000000000e+00
0.000000000000000000e+00
0.000000000000000000e+00
0.000000000000000000e+00
0.000000000000000000e+00
0.000000000000000000e+00
0.000000000000000000e+00
0.000000000000000000e+00
0.000000000000000000e+00
0.000000000000000000e+00
0.000000000000000000e+00
0.000000000000000000e+00
0.000000000000000000e+00
0.000000000000000000e+00
0.000000000000000000e+00
