4.452176608148630810e-03
2.934782422620731308e-03
5.138241712279265072e-03
2.734247362875112750e-03
4.018740929067674385e-04
8.371707466791548490e-04
3.295895049458688955e-04
1.898389219814845472e-04
2.406128661879860218e-04
9.277338585787924560e-05
1.145379226757696278e-04
8.280517874783379945e-05
1.200215619708415470e-04
6.270256887910844931e-05
9.517405988721382051e-05
4.590589231932419269e-05
3.790218594845344352e-05
2.746352081831785638e-05
5.798199141813538534e-05
1.973723017765493539e-05
3.085799927053707744e-05
1.928249873490042683e-05
2.619923791224708725e-05
2.803773747178208686e-05
2.644624085307939750e-05
1.196522958188928111e-05
2.034435341090945818e-05
1.679959892250208064e-05
3.637597312237786146e-05
1.902960060705473534e-05
1.200869606164789286e-05
1.084749518492600205e-05
1.200735299030473996e-05
5.120033501166631263e-06
7.683998872662997856e-06
4.277389762964085951e-06
6.307362609391765604e-06
6.067704795524302463e-06
4.278836946122541518e-06
3.569590037129921995e-06
1.836481409353921620e-06
1.837954257776613593e-06
1.687440142633524807e-06
2.225184743343014169e-06
2.605993207352258283e-06
2.210978142911870142e-06
1.863756685154661810e-06
2.275361852148142207e-06
2.568942953211847538e-06
2.718028792450119984e-06
4.839222173618027682e-07
0.000000000000000000e+00
0.000000000000000000e+00
0.000000000000000000e+00
0.000000000000000000e+00
0.000000000000000000e+00
0.000000000000000000e+00
0.000000000000000000e+00
0.000000000000000000e+00
0.000000000000000000e+00
0.000000000000000000e+00
0.000000000000000000e+00
0.000000000000000000e+00
0.000000000000000000e+00
0.000000000000000000e+00
0.000000000000000000e+00
0.000000000000000000e+00
0.000000000000000000e+00
0.000000000000000000e+00
0.000000000000000000e+00
0.000000000000000000e+00
0.000000000000000000e+00
0.000000000000000000e+00
0.000000000000000000e+00
0.000000000000000000e+00
0.000000000000000000e+00
0.000000000000000000e+00
0.000000000000000000e+00
0.000000000000000000e+00
0.000000000000000000e+00
0.000000000000000000e+00
0.000000000000000000e+00
0.000000000000000000e+00
0.000000000000000000e+00
0.000000000000000000e+00
0.000000000000000000e+00
0.000000000000000000e+00
0.000000000000000000e+00
0.000000000000000000e+00
0.000000000000000000e+00
0.000000000000000000e+00
0.000000000000000000e+00
0.000000000000000000e+00
0.000000000000000000e+00
0.000000000000000000e+00
0.000000000000000000e+00
0.000000000000000000e+00
0.000000000000000000e+00
0.000000000000000000e+00
0.000000000000000000e+00
