2.598035793261847543e-03
1.140765553075229893e-02
2.695290670183570457e-03
3.903830793519655860e-03
4.162593603815201854e-03
1.811175801216483071e-03
1.532572292289162115e-03
4.509852608032315427e-03
7.689407154014344346e-03
2.899634293501934454e-03
6.453815786917870174e-03
4.252493849909174707e-03
1.325671720772924689e-03
1.786893879560704770e-03
7.136217605375769300e-04
1.148467603075003151e-03
9.701736171545811927e-04
1.101303749021448038e-03
3.690948577580730524e-04
3.922862184790884359e-04
4.396733960335859879e-04
4.113383247367820316e-04
3.761451985548327158e-04
3.124194151164914521e-04
2.153742955539709742e-04
2.169658714233843057e-04
1.331084491158642088e-04
1.301869898231923939e-04
1.456601509379800352e-04
1.257646374732868284e-04
1.295931897545809488e-04
1.328440163779482232e-04
1.146110972768612396e-04
7.646346745452540833e-05
1.022070134348425320e-04
5.055081202225347666e-05
6.137684034474046577e-05
5.696023078624850021e-05
6.479026229124294604e-05
4.120940000222535091e-05
5.221818563233537045e-05
6.082283549773038225e-05
5.739989316934138142e-05
5.829567492314302542e-05
6.557312959549717931e-05
6.735796877830989163e-05
4.424140021780001403e-05
3.452866854056988724e-05
3.355749117781730868e-05
3.831440756312707940e-05
3.432182787217000637e-05
4.359993642657002154e-05
4.257330584039388418e-05
2.726423677912558820e-05
2.754027926428938091e-05
2.970307059282782086e-05
3.690287419770726555e-05
3.405595583326115794e-05
2.627603445869916294e-05
2.782855059796715417e-05
3.064018967294259940e-05
3.668530315406649833e-05
3.879172877522984222e-05
4.020965247704263122e-05
3.217864041640176273e-05
2.920344133717790838e-05
3.169185727336809604e-05
2.800262262446936054e-05
2.621787703482154029e-05
1.631859531300473170e-05
1.944449970249217602e-05
1.674428743224001787e-05
1.439248187568337036e-05
1.173630996857050584e-05
1.149089840304768519e-05
1.282063321961776487e-05
1.362062969528127965e-05
1.272204957761494854e-05
1.405438589338667735e-05
1.401233412549709874e-05
1.175542355644265903e-05
8.722009167688884692e-06
6.168163391788383913e-06
3.963310969168703664e-06
3.088613710309606562e-06
3.100301731266765212e-06
3.221966138659587955e-06
2.102338592838864153e-06
2.017546406065498672e-06
1.685851457209201907e-06
1.687265767983985831e-06
1.242903191873554634e-06
1.237192592689458781e-06
0.000000000000000000e+00
0.000000000000000000e+00
0.000000000000000000e+00
0.000000000000000000e+00
0.000000000000000000e+00
0.000000000000000000e+00
0.000000000000000000e+00
