4.585531087429822392e-03
2.615667755486719964e-03
6.489592331735677747e-03
4.956181839159602524e-03
9.350284618693958851e-04
1.654777005052163403e-03
6.107982462333581006e-04
3.041089603462286835e-04
3.707368463900560600e-04
3.677688705562175879e-04
3.415095233436956767e-04
2.710160093427728747e-04
3.096153374712403610e-04
1.459127966083617893e-04
1.603244157175851849e-04
8.701625287674006411e-05
1.060321837658074524e-04
1.044150050512092023e-04
7.401834363925907895e-05
6.502355200682966799e-05
5.754687910578378868e-05
5.027391286682365460e-05
6.644131373551878889e-05
7.279602128155365315e-05
7.960005358315071710e-05
5.307896843013900105e-05
2.610245404766242235e-05
2.990507482228439779e-05
4.972365091910534380e-05
5.711451118477248558e-05
2.085578763121566644e-05
2.492065110353650588e-05
2.706092123975954803e-05
1.382079451279778506e-05
2.883237420198099055e-05
1.988355456743323081e-05
1.386640106922663498e-05
1.092025538626044063e-05
1.423285627744732088e-05
5.989704613513416440e-06
6.934650204114350361e-06
4.449662390440852786e-06
3.161119221312326306e-06
2.995609166172759742e-06
3.278507306330242968e-06
2.896472822636777785e-06
4.026359957128637636e-06
3.130940665665329961e-06
2.956819184528987250e-06
3.196873604442092127e-06
1.309101690798690533e-06
1.141676577312397041e-06
9.050672820779615787e-07
0.000000000000000000e+00
0.000000000000000000e+00
0.000000000000000000e+00
0.000000000000000000e+00
0.000000000000000000e+00
0.000000000000000000e+00
0.000000000000000000e+00
0.000000000000000000e+00
0.000000000000000000e+00
0.000000000000000000e+00
0.000000000000000000e+00
0.000000000000000000e+00
0.000000000000000000e+00
0.000000000000000000e+00
0.000000000000000000e+00
0.000000000000000000e+00
0.000000000000000000e+00
0.000000000000000000e+00
0.000000000000000000e+00
0.000000000000000000e+00
0.000000000000000000e+00
0.000000000000000000e+00
0.000000000000000000e+00
0.000000000000000000e+00
0.000000000000000000e+00
0.000000000000000000e+00
0.000000000000000000e+00
0.000000000000000000e+00
0.000000000000000000e+00
0.000000000000000000e+00
0.000000000000000000e+00
0.000000000000000000e+00
0.000000000000000000e+00
0.000000000000000000e+00
0.000000000000000000e+00
0.000000000000000000e+00
0.000000000000000000e+00
0.000000000000000000e+00
0.000000000000000000e+00
0.000000000000000000e+00
0.000000000000000000e+00
0.000000000000000000e+00
0.000000000000000000e+00
0.000000000000000000e+00
0.000000000000000000e+00
0.000000000000000000e+00
0.000000000000000000e+00
