1.086651538419811016e-03
2.370515021438478014e-04
5.382634713298139160e-04
1.659095720068852443e-04
3.361810386857303992e-05
3.796709385333754081e-05
2.861573841901442753e-05
1.735016009859698566e-05
1.681887321115582224e-05
7.417893099276179551e-06
1.423060708943161702e-05
3.663384208338231945e-06
4.600865802971294060e-06
3.741680500173796012e-06
2.463361936559566891e-06
2.832001761728502210e-06
2.483338723705551738e-06
2.436814914558266504e-06
2.259987066146424733e-06
1.556445699389171094e-06
1.639964901520264173e-06
1.586642169430097660e-06
2.408928937021995084e-06
1.878222105459419982e-06
2.395397753166512461e-06
1.589830599506926288e-06
1.524879616063388521e-06
1.642172006678597075e-06
1.797059673081679444e-06
1.980613387254417042e-06
1.852343279436530300e-06
2.122648890327674605e-06
2.023889934405411487e-06
1.964141797442280653e-06
2.458080812786694217e-06
2.729776181348736587e-06
2.816637647430377588e-06
2.945916952569055063e-06
3.019129901073034114e-06
2.163868303555331368e-06
2.212486419375731071e-06
3.078688396648877318e-06
3.078857727673420352e-06
2.882722372805429438e-06
2.971069102162006235e-06
3.092500034364775535e-06
3.103574862895356916e-06
3.060847920364538589e-06
2.531993278111928769e-07
1.694065894508600678e-21
1.694065894508600678e-21
1.694065894508600678e-21
1.694065894508600678e-21
1.694065894508600678e-21
1.694065894508600678e-21
1.694065894508600678e-21
1.694065894508600678e-21
1.694065894508600678e-21
1.694065894508600678e-21
1.694065894508600678e-21
1.694065894508600678e-21
1.694065894508600678e-21
1.694065894508600678e-21
1.694065894508600678e-21
1.694065894508600678e-21
1.694065894508600678e-21
1.694065894508600678e-21
1.694065894508600678e-21
1.694065894508600678e-21
1.694065894508600678e-21
1.694065894508600678e-21
1.694065894508600678e-21
1.694065894508600678e-21
1.694065894508600678e-21
1.694065894508600678e-21
1.694065894508600678e-21
1.694065894508600678e-21
1.694065894508600678e-21
1.694065894508600678e-21
1.694065894508600678e-21
1.694065894508600678e-21
1.694065894508600678e-21
1.694065894508600678e-21
1.694065894508600678e-21
1.694065894508600678e-21
1.694065894508600678e-21
1.694065894508600678e-21
1.694065894508600678e-21
1.694065894508600678e-21
1.694065894508600678e-21
1.694065894508600678e-21
1.694065894508600678e-21
1.694065894508600678e-21
1.694065894508600678e-21
1.694065894508600678e-21
1.694065894508600678e-21
1.694065894508600678e-21
1.694065894508600678e-21
1.694065894508600678e-21
1.694065894508600678e-21
