1.305733123507822786e-03
2.578924332168135137e-04
6.342183718295802330e-04
4.450911358896040919e-04
7.976562271755347259e-05
8.476504334883949775e-05
4.022122924767298238e-05
7.208701597813629738e-05
9.533738043996333096e-05
2.388378557278561596e-05
2.604675795879944788e-05
2.507045410730885320e-05
2.772200928208900990e-05
2.006954939310677337e-05
1.163708174931701448e-05
1.373993032719909080e-05
8.769037716786405126e-06
1.193639907388510379e-05
7.552436867006020611e-06
6.133181531414183038e-06
5.396655532452172005e-06
1.026995015055180527e-05
5.581641328949750989e-06
5.532964114652042848e-06
5.605232017089301542e-06
3.028359574581105031e-06
3.893643926313668765e-06
4.412256255698821146e-06
3.472739997711979839e-06
1.676596205553110889e-06
3.591054296083415412e-06
2.275994842118213217e-06
1.941843637345516162e-06
2.266406736954457367e-06
1.401694916363944056e-06
1.357997834369592598e-06
1.554054621333033135e-06
1.909262519134815210e-06
2.243136155469951385e-06
1.897356188943124104e-06
2.027763994744104815e-06
3.005242495230970778e-06
3.045718097326027869e-06
2.723094920872185188e-06
2.730080721713950274e-06
2.966649335581329328e-06
3.044806630818847254e-06
3.060142455619341269e-06
3.579898944016652246e-07
0.000000000000000000e+00
0.000000000000000000e+00
0.000000000000000000e+00
0.000000000000000000e+00
0.000000000000000000e+00
0.000000000000000000e+00
0.000000000000000000e+00
0.000000000000000000e+00
0.000000000000000000e+00
0.000000000000000000e+00
0.000000000000000000e+00
0.000000000000000000e+00
0.000000000000000000e+00
0.000000000000000000e+00
0.000000000000000000e+00
0.000000000000000000e+00
0.000000000000000000e+00
0.000000000000000000e+00
0.000000000000000000e+00
0.000000000000000000e+00
0.000000000000000000e+00
0.000000000000000000e+00
0.000000000000000000e+00
0.000000000000000000e+00
0.000000000000000000e+00
0.000000000000000000e+00
0.000000000000000000e+00
0.000000000000000000e+00
0.000000000000000000e+00
0.000000000000000000e+00
0.000000000000000000e+00
0.000000000000000000e+00
0.000000000000000000e+00
0.000000000000000000e+00
0.000000000000000000e+00
0.000000000000000000e+00
0.000000000000000000e+00
0.000000000000000000e+00
0.000000000000000000e+00
0.000000000000000000e+00
0.000000000000000000e+00
0.000000000000000000e+00
0.000000000000000000e+00
0.000000000000000000e+00
0.000000000000000000e+00
0.000000000000000000e+00
0.000000000000000000e+00
0.000000000000000000e+00
0.000000000000000000e+00
0.000000000000000000e+00
0.000000000000000000e+00
