3.367164075601054244e-03
1.230142471989441495e-03
2.095884884139661772e-03
8.505335965615217495e-04
2.267429124450662454e-04
1.849200864048102389e-04
1.671499603826538910e-04
2.378493693489463579e-04
1.122759025896789733e-04
5.875202329240603147e-05
5.182204172826861968e-05
4.365136815755353496e-05
1.418853644984524858e-04
4.013949093478834238e-05
2.350770937788274287e-05
1.771753600725505692e-05
3.513301228962113407e-05
2.523740398648122635e-05
1.958273127872423423e-05
3.106680652543460357e-05
2.917195117901851995e-05
4.112066717164715142e-05
1.723282813917557563e-05
1.908793266946602699e-05
7.906261711137889053e-06
8.291536238052284481e-06
1.653484065662855917e-05
1.296045196243428974e-05
9.474028644879053742e-06
9.859719759875933725e-06
1.036278054147329464e-05
4.382529342388275560e-06
4.311761436751752149e-06
4.399721765651322236e-06
2.842767001192709059e-06
5.044964279053127279e-06
1.713443238717965788e-06
1.624228902674398388e-06
1.746724194601603066e-06
1.483643336384903783e-06
1.818004980473541246e-06
2.857081871058888823e-06
2.830156016292549225e-06
2.217186364994173379e-06
2.438433437308107684e-06
2.682296333425193456e-06
2.850557896169883490e-06
1.226139890374660743e-06
1.694065894508600678e-21
1.694065894508600678e-21
1.694065894508600678e-21
1.694065894508600678e-21
1.694065894508600678e-21
1.694065894508600678e-21
1.694065894508600678e-21
1.694065894508600678e-21
1.694065894508600678e-21
1.694065894508600678e-21
1.694065894508600678e-21
1.694065894508600678e-21
1.694065894508600678e-21
1.694065894508600678e-21
1.694065894508600678e-21
1.694065894508600678e-21
1.694065894508600678e-21
1.694065894508600678e-21
1.694065894508600678e-21
1.694065894508600678e-21
1.694065894508600678e-21
1.694065894508600678e-21
1.694065894508600678e-21
1.694065894508600678e-21
1.694065894508600678e-21
1.694065894508600678e-21
1.694065894508600678e-21
1.694065894508600678e-21
1.694065894508600678e-21
1.694065894508600678e-21
1.694065894508600678e-21
1.694065894508600678e-21
1.694065894508600678e-21
1.694065894508600678e-21
1.694065894508600678e-21
1.694065894508600678e-21
1.694065894508600678e-21
1.694065894508600678e-21
1.694065894508600678e-21
1.694065894508600678e-21
1.694065894508600678e-21
1.694065894508600678e-21
1.694065894508600678e-21
1.694065894508600678e-21
1.694065894508600678e-21
1.694065894508600678e-21
1.694065894508600678e-21
1.694065894508600678e-21
1.694065894508600678e-21
1.694065894508600678e-21
1.694065894508600678e-21
1.694065894508600678e-21
