7.510749478083679140e-03
2.976356454807082066e-03
4.032007791821981026e-03
1.753081466326973214e-03
4.702213133221317450e-04
4.193158985452057085e-04
5.383002732356731478e-04
3.493539293163523338e-04
6.070410493955299882e-04
2.008122586975065330e-04
1.844986677409083916e-04
1.016484132892803621e-04
1.910912994531621949e-04
1.138840716071637301e-04
8.720661728741049596e-05
6.027233952921579296e-05
7.641370317980725765e-05
1.221494347799262261e-04
4.585768642581320153e-05
7.494174286287013504e-05
5.996286197639285720e-05
1.047733891487120960e-04
1.311762697994821726e-04
4.409222579228463338e-05
5.495932381280287918e-05
3.121622129234297800e-05
5.943846151385065723e-05
2.175924665244573098e-05
1.895525238355358450e-05
2.592759463704573351e-05
2.059902371693764144e-05
2.337252896640640523e-05
1.083141554070289781e-05
9.848413517577835104e-06
1.265663395702706219e-05
1.211354497552462206e-05
6.079215509526383965e-06
6.500310794229680845e-06
3.559153409780849209e-06
2.176036571091925307e-06
2.200349727262125776e-06
2.395770775956303133e-06
2.486427668908227288e-06
4.576224587591998793e-06
2.941558957665509564e-06
2.338942586929262762e-06
2.161556667100891597e-06
2.623862979689856718e-06
0.000000000000000000e+00
0.000000000000000000e+00
0.000000000000000000e+00
0.000000000000000000e+00
0.000000000000000000e+00
0.000000000000000000e+00
0.000000000000000000e+00
0.000000000000000000e+00
0.000000000000000000e+00
0.000000000000000000e+00
0.000000000000000000e+00
0.000000000000000000e+00
0.000000000000000000e+00
0.000000000000000000e+00
0.000000000000000000e+00
0.000000000000000000e+00
0.000000000000000000e+00
0.000000000000000000e+00
0.000000000000000000e+00
0.000000000000000000e+00
0.000000000000000000e+00
0.000000000000000000e+00
0.000000000000000000e+00
0.000000000000000000e+00
0.000000000000000000e+00
0.000000000000000000e+00
0.000000000000000000e+00
0.000000000000000000e+00
0.000000000000000000e+00
0.000000000000000000e+00
0.000000000000000000e+00
0.000000000000000000e+00
0.000000000000000000e+00
0.000000000000000000e+00
0.000000000000000000e+00
0.000000000000000000e+00
0.000000000000000000e+00
0.000000000000000000e+00
0.000000000000000000e+00
0.000000000000000000e+00
0.000000000000000000e+00
0.000000000000000000e+00
0.000000000000000000e+00
0.000000000000000000e+00
0.000000000000000000e+00
0.000000000000000000e+00
0.000000000000000000e+00
0.000000000000000000e+00
0.000000000000000000e+00
0.000000000000000000e+00
0.000000000000000000e+00
0.000000000000000000e+00
