4.793559510266309754e-04
3.084001722346179676e-04
4.543354476695823864e-04
4.320684461943354238e-05
8.126448119154503792e-05
2.119487754010073295e-05
3.355978088109862905e-05
1.039653273036294117e-05
1.169697892946193121e-05
5.061563673220437570e-06
4.517585210864607277e-06
5.022864386735724343e-06
1.997217400356712816e-06
1.927810541592991255e-06
1.602240909885677073e-06
1.786988918442994031e-06
1.638081835622043103e-06
1.512229847573226222e-06
1.622019341721792621e-06
1.821640650728289014e-06
1.761689598784217161e-06
1.861097321102428073e-06
1.912084141453179825e-06
1.827201286146841906e-06
2.178854727651072510e-06
2.060896068203641718e-06
1.904961051121743020e-06
2.468385912817575772e-06
2.750928932919876213e-06
2.576823759362474984e-06
2.474422689335811306e-06
2.349642782815225902e-06
2.603974889902110249e-06
2.820420985894467559e-06
2.902510118851528806e-06
2.956773944994070812e-06
3.053137835144226592e-06
2.415739237743880788e-06
2.313270952334984616e-06
3.056777723724462917e-06
3.079964322466808447e-06
2.924643794003084643e-06
2.997827672655417071e-06
3.079471313033896913e-06
3.151417422671267156e-06
1.763814222764662042e-06
1.585485377189964400e-07
0.000000000000000000e+00
0.000000000000000000e+00
0.000000000000000000e+00
0.000000000000000000e+00
0.000000000000000000e+00
0.000000000000000000e+00
0.000000000000000000e+00
0.000000000000000000e+00
0.000000000000000000e+00
0.000000000000000000e+00
0.000000000000000000e+00
0.000000000000000000e+00
0.000000000000000000e+00
0.000000000000000000e+00
0.000000000000000000e+00
0.000000000000000000e+00
0.000000000000000000e+00
0.000000000000000000e+00
0.000000000000000000e+00
0.000000000000000000e+00
0.000000000000000000e+00
0.000000000000000000e+00
0.000000000000000000e+00
0.000000000000000000e+00
0.000000000000000000e+00
0.000000000000000000e+00
0.000000000000000000e+00
0.000000000000000000e+00
0.000000000000000000e+00
0.000000000000000000e+00
0.000000000000000000e+00
0.000000000000000000e+00
0.000000000000000000e+00
0.000000000000000000e+00
0.000000000000000000e+00
0.000000000000000000e+00
0.000000000000000000e+00
0.000000000000000000e+00
0.000000000000000000e+00
0.000000000000000000e+00
0.000000000000000000e+00
0.000000000000000000e+00
0.000000000000000000e+00
0.000000000000000000e+00
0.000000000000000000e+00
0.000000000000000000e+00
0.000000000000000000e+00
0.000000000000000000e+00
0.000000000000000000e+00
0.000000000000000000e+00
0.000000000000000000e+00
0.000000000000000000e+00
0.000000000000000000e+00
