8.521790531413911364e-04
9.705001622662399498e-04
9.529645265505689265e-04
1.331522288893481100e-04
3.452687769655478096e-04
1.070245287094385587e-04
4.779016349208340520e-05
1.909211960903975041e-05
2.665433330040555091e-05
5.391214552641717837e-05
2.440498336068842592e-05
3.030944962617055188e-05
1.677879029884716798e-05
1.635549128234877161e-05
8.489462359289307630e-06
5.974232066379828603e-06
9.239730479892294097e-06
8.669141667247903875e-06
4.668395964424847405e-06
3.696476276856876755e-06
8.561925355086874131e-06
1.358625274531044927e-05
3.596780221701556473e-06
3.197076416808396235e-06
2.411327739184768416e-06
1.137510110480280039e-05
4.495130680305166353e-06
1.873874314577632811e-06
2.117651588105278787e-06
2.623864094676319352e-06
1.764243882974112586e-06
1.393768209738052081e-06
1.649808724002775467e-06
1.402246809742652831e-06
1.747857993257613644e-06
2.596484517481842416e-06
2.761485071235911276e-06
2.092937350581156156e-06
2.024816618596700839e-06
3.047496581040603613e-06
2.861623918229127490e-06
2.651143647560528238e-06
2.853867148348394129e-06
3.122604188204157725e-06
3.141996929916915205e-06
6.616259707614215489e-07
1.694065894508600678e-21
1.694065894508600678e-21
1.694065894508600678e-21
1.694065894508600678e-21
1.694065894508600678e-21
1.694065894508600678e-21
1.694065894508600678e-21
1.694065894508600678e-21
1.694065894508600678e-21
1.694065894508600678e-21
1.694065894508600678e-21
1.694065894508600678e-21
1.694065894508600678e-21
1.694065894508600678e-21
1.694065894508600678e-21
1.694065894508600678e-21
1.694065894508600678e-21
1.694065894508600678e-21
1.694065894508600678e-21
1.694065894508600678e-21
1.694065894508600678e-21
1.694065894508600678e-21
1.694065894508600678e-21
1.694065894508600678e-21
1.694065894508600678e-21
1.694065894508600678e-21
1.694065894508600678e-21
1.694065894508600678e-21
1.694065894508600678e-21
1.694065894508600678e-21
1.694065894508600678e-21
1.694065894508600678e-21
1.694065894508600678e-21
1.694065894508600678e-21
1.694065894508600678e-21
1.694065894508600678e-21
1.694065894508600678e-21
1.694065894508600678e-21
1.694065894508600678e-21
1.694065894508600678e-21
1.694065894508600678e-21
1.694065894508600678e-21
1.694065894508600678e-21
1.694065894508600678e-21
1.694065894508600678e-21
1.694065894508600678e-21
1.694065894508600678e-21
1.694065894508600678e-21
1.694065894508600678e-21
1.694065894508600678e-21
1.694065894508600678e-21
1.694065894508600678e-21
1.694065894508600678e-21
1.694065894508600678e-21
