1.337436624156429455e-03
7.086072824298261493e-04
1.069400481864261898e-03
2.934105350277069505e-04
5.816953809630482372e-04
2.448565183952560310e-04
1.789255083726815966e-04
1.322790729209506755e-04
1.084501721712194134e-04
7.927327872964870764e-05
6.877262991925950646e-05
1.178997148606403727e-04
4.789810001295515348e-05
8.323432588423643544e-05
5.259347356223547613e-05
3.835761795274395333e-05
3.647960897043167914e-05
1.420287239100532393e-05
2.233916525215386362e-05
1.213847927098477267e-05
1.819067707778645307e-05
2.302596856559824631e-05
1.852836269246476539e-05
8.853343137722561134e-06
1.440341164363487323e-05
7.097074784868253027e-06
5.897167108134305289e-06
6.227786565564438381e-06
9.659718553719016506e-06
1.400893841462657446e-05
5.475214471783664913e-06
3.721371169882365215e-06
3.884840385233886884e-06
3.047683855608858762e-06
2.129933495118495026e-06
1.897794071021536924e-06
2.083501499853449301e-06
2.109691852251775867e-06
2.122040336547137507e-06
2.920420415156882431e-06
2.734009034680297845e-06
2.347253248671220441e-06
2.719761635467860817e-06
3.041255952061984061e-06
3.265008773567654834e-06
7.431946636395035759e-07
1.694065894508600678e-21
1.694065894508600678e-21
1.694065894508600678e-21
1.694065894508600678e-21
1.694065894508600678e-21
1.694065894508600678e-21
1.694065894508600678e-21
1.694065894508600678e-21
1.694065894508600678e-21
1.694065894508600678e-21
1.694065894508600678e-21
1.694065894508600678e-21
1.694065894508600678e-21
1.694065894508600678e-21
1.694065894508600678e-21
1.694065894508600678e-21
1.694065894508600678e-21
1.694065894508600678e-21
1.694065894508600678e-21
1.694065894508600678e-21
1.694065894508600678e-21
1.694065894508600678e-21
1.694065894508600678e-21
1.694065894508600678e-21
1.694065894508600678e-21
1.694065894508600678e-21
1.694065894508600678e-21
1.694065894508600678e-21
1.694065894508600678e-21
1.694065894508600678e-21
1.694065894508600678e-21
1.694065894508600678e-21
1.694065894508600678e-21
1.694065894508600678e-21
1.694065894508600678e-21
1.694065894508600678e-21
1.694065894508600678e-21
1.694065894508600678e-21
1.694065894508600678e-21
1.694065894508600678e-21
1.694065894508600678e-21
1.694065894508600678e-21
1.694065894508600678e-21
1.694065894508600678e-21
1.694065894508600678e-21
1.694065894508600678e-21
1.694065894508600678e-21
1.694065894508600678e-21
1.694065894508600678e-21
1.694065894508600678e-21
1.694065894508600678e-21
1.694065894508600678e-21
1.694065894508600678e-21
1.694065894508600678e-21
