2.629744092619194264e-03
4.661515351668197790e-03
3.723493463782892327e-03
1.304112192933319560e-03
7.877496326518293847e-04
5.080818652889158935e-04
5.245675116449643322e-04
2.808446531993671370e-04
8.753221516751036758e-04
3.843751785553938373e-04
1.832793771642540163e-04
1.830261702171396242e-04
1.663622737031582592e-04
2.183507849561631877e-04
8.661992805578055900e-05
1.029556316994061554e-04
1.419393291939235286e-04
8.549436875889591481e-05
9.636963886262302605e-05
5.780853965829762218e-05
6.873232404864941004e-05
8.728617311636074189e-05
5.965807560845176778e-05
5.269677273884028720e-05
3.447099980990915309e-05
6.163330487372677981e-05
4.044432638575335906e-05
2.568965284817916687e-05
2.985013339346366773e-05
3.437687335746761482e-05
2.850552410410993668e-05
1.355655402389106312e-05
1.133063475543136462e-05
9.722369151347263057e-06
1.105707177437454090e-05
1.086281295149861491e-05
5.170036301580436017e-06
4.460445683895131195e-06
3.379382159303809509e-06
3.143739611824888413e-06
3.245175692635045365e-06
3.341119984129615249e-06
3.134216385295642906e-06
2.999036818966609374e-06
3.275177554117303155e-06
2.403676451672484634e-07
0.000000000000000000e+00
0.000000000000000000e+00
0.000000000000000000e+00
0.000000000000000000e+00
0.000000000000000000e+00
0.000000000000000000e+00
0.000000000000000000e+00
0.000000000000000000e+00
0.000000000000000000e+00
0.000000000000000000e+00
0.000000000000000000e+00
0.000000000000000000e+00
0.000000000000000000e+00
0.000000000000000000e+00
0.000000000000000000e+00
0.000000000000000000e+00
0.000000000000000000e+00
0.000000000000000000e+00
0.000000000000000000e+00
0.000000000000000000e+00
0.000000000000000000e+00
0.000000000000000000e+00
0.000000000000000000e+00
0.000000000000000000e+00
0.000000000000000000e+00
0.000000000000000000e+00
0.000000000000000000e+00
0.000000000000000000e+00
0.000000000000000000e+00
0.000000000000000000e+00
0.000000000000000000e+00
0.000000000000000000e+00
0.000000000000000000e+00
0.000000000000000000e+00
0.000000000000000000e+00
0.000000000000000000e+00
0.000000000000000000e+00
0.000000000000000000e+00
0.000000000000000000e+00
0.000000000000000000e+00
0.000000000000000000e+00
0.000000000000000000e+00
0.000000000000000000e+00
0.000000000000000000e+00
0.000000000000000000e+00
0.000000000000000000e+00
0.000000000000000000e+00
0.000000000000000000e+00
0.000000000000000000e+00
0.000000000000000000e+00
0.000000000000000000e+00
0.000000000000000000e+00
0.000000000000000000e+00
0.000000000000000000e+00
