1.191940311088722114e-03
3.223562833124065524e-03
8.056514134737853767e-04
4.199446824142708196e-04
3.346845600520887668e-04
1.714511885710004848e-04
1.462835749490593181e-04
1.390210334531361718e-04
1.918025128670646851e-04
7.520951606422420909e-05
9.394133371921599895e-05
8.963985764844426126e-05
4.849199461635162118e-05
6.427302764944279332e-05
1.227196082461097309e-04
2.712801193787836779e-05
2.339591622473977348e-05
2.534519838445421812e-05
8.914007363076424648e-06
3.135295958267945049e-05
1.665241203089702380e-05
9.424032365465252631e-06
1.312902059714809954e-05
8.549639500598476196e-06
1.176950072446410821e-05
6.948526600194379217e-06
1.951893206101283144e-05
1.067209615681905618e-05
9.191862456618033570e-06
6.695549124723573233e-06
4.198620226223621163e-06
4.033070396289985279e-06
5.543969872652398928e-06
5.844138456148052290e-06
5.048710275210711034e-06
5.262691029882391482e-06
6.754260162885861762e-06
2.784391041120877509e-06
5.144902591092537762e-06
5.262050785548443320e-06
6.073350043856935075e-06
5.047996671056548012e-06
4.442627661562964252e-06
2.722577110074132075e-06
2.786111693069483653e-06
2.811228683043963387e-06
2.931264173129202754e-06
3.116632487113669861e-06
4.826813159005487164e-06
4.100135116907626976e-06
2.802706585797188375e-06
2.753498168023861029e-06
3.591157085887866809e-06
3.797071482676674851e-06
3.756976201671366095e-06
3.243555198493838909e-06
2.400120876277080599e-06
1.658938449176463157e-06
1.913978506394173952e-06
1.731499328348319176e-06
2.498318260300921618e-06
3.480926898173748003e-06
2.745428102136391877e-06
1.898483186220347687e-06
1.816165966213531151e-06
2.009427029187701532e-06
2.069729379276982966e-06
2.075316356956543184e-06
2.180462373413777617e-06
1.986731433180428989e-06
1.980557345650737190e-06
2.141446651404074397e-06
2.293726853630249746e-06
2.334528569215652925e-06
2.133032406337048997e-06
2.324368755681421474e-06
2.659539866800032460e-06
3.042219168688721576e-06
3.034521567884397593e-06
1.639688312453145585e-06
0.000000000000000000e+00
0.000000000000000000e+00
0.000000000000000000e+00
0.000000000000000000e+00
0.000000000000000000e+00
0.000000000000000000e+00
0.000000000000000000e+00
0.000000000000000000e+00
0.000000000000000000e+00
0.000000000000000000e+00
0.000000000000000000e+00
0.000000000000000000e+00
0.000000000000000000e+00
0.000000000000000000e+00
0.000000000000000000e+00
0.000000000000000000e+00
0.000000000000000000e+00
0.000000000000000000e+00
0.000000000000000000e+00
0.000000000000000000e+00
