2.371756703868802690e-03
2.122067660738326082e-03
1.569402369647607135e-03
4.356963436211746567e-04
4.552278914732318200e-04
3.062747192830728702e-04
1.029606297778956354e-04
1.078008441729218507e-04
8.006230937875421670e-05
7.484423802365475849e-05
4.614605713704674357e-05
6.305458639239041100e-05
4.478580216070755381e-05
2.348963572288206299e-05
3.542879810648752849e-05
1.933525316332499703e-05
7.609496643477592272e-06
2.243112001260107619e-05
2.088254644982555537e-05
1.912583267641601204e-05
2.138784734877132243e-05
1.108595392665965166e-05
9.143692739573817637e-06
8.139162001562941112e-06
7.813857133848827903e-06
4.805953931258022419e-06
7.798788927865715894e-06
5.884716945709926813e-06
4.043965705381467380e-06
1.877211671365375377e-06
1.967217716073858185e-06
2.863692086490629103e-06
1.765558193254164251e-06
1.831408079145987325e-06
2.204093831089514401e-06
1.978006656429096682e-06
2.327442748500834492e-06
3.060128502515495767e-06
2.543630265192995268e-06
2.356022733299536007e-06
2.993013558563134424e-06
3.029434766604610708e-06
2.949557600465273959e-06
4.283546526004351417e-08
1.694065894508600678e-21
1.694065894508600678e-21
1.694065894508600678e-21
1.694065894508600678e-21
1.694065894508600678e-21
1.694065894508600678e-21
1.694065894508600678e-21
1.694065894508600678e-21
1.694065894508600678e-21
1.694065894508600678e-21
1.694065894508600678e-21
1.694065894508600678e-21
1.694065894508600678e-21
1.694065894508600678e-21
1.694065894508600678e-21
1.694065894508600678e-21
1.694065894508600678e-21
1.694065894508600678e-21
1.694065894508600678e-21
1.694065894508600678e-21
1.694065894508600678e-21
1.694065894508600678e-21
1.694065894508600678e-21
1.694065894508600678e-21
1.694065894508600678e-21
1.694065894508600678e-21
1.694065894508600678e-21
1.694065894508600678e-21
1.694065894508600678e-21
1.694065894508600678e-21
1.694065894508600678e-21
1.694065894508600678e-21
1.694065894508600678e-21
1.694065894508600678e-21
1.694065894508600678e-21
1.694065894508600678e-21
1.694065894508600678e-21
1.694065894508600678e-21
1.694065894508600678e-21
1.694065894508600678e-21
1.694065894508600678e-21
1.694065894508600678e-21
1.694065894508600678e-21
1.694065894508600678e-21
1.694065894508600678e-21
1.694065894508600678e-21
1.694065894508600678e-21
1.694065894508600678e-21
1.694065894508600678e-21
1.694065894508600678e-21
1.694065894508600678e-21
1.694065894508600678e-21
1.694065894508600678e-21
1.694065894508600678e-21
1.694065894508600678e-21
1.694065894508600678e-21
