2.748708295664347052e-03
1.622338981688719543e-03
2.090701507344268958e-03
3.197403450763413603e-04
4.917407746019758280e-04
1.814471541723195770e-04
9.408477879164382025e-05
1.647928757781664622e-04
5.655635722005182287e-05
9.039007940462869906e-05
3.518898172624207747e-05
7.463947229345483487e-05
7.014003734174882284e-05
2.947372628408753537e-05
4.185261928806498037e-05
2.992751470332836232e-05
1.812409027192898826e-05
2.987170216711548674e-05
2.539779354841209853e-05
4.315266653814021588e-05
1.605863958841926596e-05
1.561780944499245469e-05
1.881837889755855650e-05
1.105754520639629822e-05
8.143976611968213974e-06
6.074305618462908020e-06
6.858910545145984558e-06
1.689426057842292875e-05
5.290206848223367713e-06
3.772406167428719064e-06
3.160243705888850832e-06
3.644078637179928734e-06
2.526571243984575065e-06
1.749622928148044101e-06
2.342306518103242447e-06
1.681327739249008878e-06
1.855065677788289666e-06
2.652215248844470285e-06
2.590639537722946833e-06
2.370184740677135821e-06
2.755560228841892800e-06
2.951841192732842930e-06
3.195321979166589285e-06
1.694065894508600678e-21
1.694065894508600678e-21
1.694065894508600678e-21
1.694065894508600678e-21
1.694065894508600678e-21
1.694065894508600678e-21
1.694065894508600678e-21
1.694065894508600678e-21
1.694065894508600678e-21
1.694065894508600678e-21
1.694065894508600678e-21
1.694065894508600678e-21
1.694065894508600678e-21
1.694065894508600678e-21
1.694065894508600678e-21
1.694065894508600678e-21
1.694065894508600678e-21
1.694065894508600678e-21
1.694065894508600678e-21
1.694065894508600678e-21
1.694065894508600678e-21
1.694065894508600678e-21
1.694065894508600678e-21
1.694065894508600678e-21
1.694065894508600678e-21
1.694065894508600678e-21
1.694065894508600678e-21
1.694065894508600678e-21
1.694065894508600678e-21
1.694065894508600678e-21
1.694065894508600678e-21
1.694065894508600678e-21
1.694065894508600678e-21
1.694065894508600678e-21
1.694065894508600678e-21
1.694065894508600678e-21
1.694065894508600678e-21
1.694065894508600678e-21
1.694065894508600678e-21
1.694065894508600678e-21
1.694065894508600678e-21
1.694065894508600678e-21
1.694065894508600678e-21
1.694065894508600678e-21
1.694065894508600678e-21
1.694065894508600678e-21
1.694065894508600678e-21
1.694065894508600678e-21
1.694065894508600678e-21
1.694065894508600678e-21
1.694065894508600678e-21
1.694065894508600678e-21
1.694065894508600678e-21
1.694065894508600678e-21
1.694065894508600678e-21
1.694065894508600678e-21
1.694065894508600678e-21
