5.112793274853377930e-03
2.039057279359124744e-03
1.983406554953066631e-03
8.200265087418966582e-04
4.498027690448682205e-04
2.837008039613863534e-04
2.327291487780983894e-04
4.032000080896143077e-04
1.991165676408182972e-04
2.057255120082469434e-04
6.175769369843621664e-05
1.275571931584896222e-04
1.655746215405838227e-04
2.041478005783317997e-04
4.326186968013086666e-05
5.814130505872173017e-05
4.593387755954913946e-05
4.335537144887721841e-05
3.437267835787492716e-05
4.961504906934908701e-05
4.492833259717904685e-05
3.394175168436777798e-05
3.678989973887191074e-05
3.871480231761868952e-05
5.307362409291651770e-05
1.748102997404868544e-05
1.406769039798631799e-05
1.547554685851028127e-05
1.820529083451516840e-05
9.236086560704893960e-06
6.115954061175102552e-06
5.337352713508676127e-06
8.496162736179534137e-06
8.591293925109175878e-06
3.080740475676444713e-06
1.984463062825552046e-06
1.330018475441978584e-06
2.419440708817501930e-06
1.817346813544116215e-06
1.877140133509628588e-06
1.699535214128643169e-06
2.051721888268137145e-06
2.787975750239343714e-06
1.694065894508600678e-21
1.694065894508600678e-21
1.694065894508600678e-21
1.694065894508600678e-21
1.694065894508600678e-21
1.694065894508600678e-21
1.694065894508600678e-21
1.694065894508600678e-21
1.694065894508600678e-21
1.694065894508600678e-21
1.694065894508600678e-21
1.694065894508600678e-21
1.694065894508600678e-21
1.694065894508600678e-21
1.694065894508600678e-21
1.694065894508600678e-21
1.694065894508600678e-21
1.694065894508600678e-21
1.694065894508600678e-21
1.694065894508600678e-21
1.694065894508600678e-21
1.694065894508600678e-21
1.694065894508600678e-21
1.694065894508600678e-21
1.694065894508600678e-21
1.694065894508600678e-21
1.694065894508600678e-21
1.694065894508600678e-21
1.694065894508600678e-21
1.694065894508600678e-21
1.694065894508600678e-21
1.694065894508600678e-21
1.694065894508600678e-21
1.694065894508600678e-21
1.694065894508600678e-21
1.694065894508600678e-21
1.694065894508600678e-21
1.694065894508600678e-21
1.694065894508600678e-21
1.694065894508600678e-21
1.694065894508600678e-21
1.694065894508600678e-21
1.694065894508600678e-21
1.694065894508600678e-21
1.694065894508600678e-21
1.694065894508600678e-21
1.694065894508600678e-21
1.694065894508600678e-21
1.694065894508600678e-21
1.694065894508600678e-21
1.694065894508600678e-21
1.694065894508600678e-21
1.694065894508600678e-21
1.694065894508600678e-21
1.694065894508600678e-21
1.694065894508600678e-21
1.694065894508600678e-21
