1.324490755553364880e-03
3.224212017307709582e-04
4.827243314676773296e-04
8.482820689729146267e-05
7.026400515214122262e-05
3.508707348513496045e-05
2.581711676528302701e-05
1.242720966879793312e-05
2.393579996457965249e-05
8.297837082485230484e-06
6.971218048224639587e-06
3.844158671802175012e-06
3.085101809098511634e-06
3.672548797635128462e-06
2.057910265545689638e-06
1.650594129272410780e-06
2.025998877890034070e-06
1.728428694666260817e-06
1.740782722224088206e-06
1.538175974275729798e-06
1.823992164441345225e-06
2.002248397667751417e-06
2.289080005533504574e-06
2.104653506802919950e-06
2.247209681529674820e-06
2.168118207671949247e-06
2.195311870637131872e-06
2.213452078729180679e-06
2.564163988136375448e-06
2.751068180611152899e-06
2.873787014538934058e-06
3.027527509753437470e-06
2.992221915366916780e-06
2.310350205592971385e-06
2.881050600931210856e-06
3.087857191175113413e-06
2.879892816474901661e-06
2.972338020073041520e-06
3.114103091338851145e-06
3.171431863526602394e-06
7.942886903033642280e-07
3.001606624706404916e-07
1.890604482636011637e-07
1.548412576182597070e-07
0.000000000000000000e+00
0.000000000000000000e+00
0.000000000000000000e+00
0.000000000000000000e+00
0.000000000000000000e+00
0.000000000000000000e+00
0.000000000000000000e+00
0.000000000000000000e+00
0.000000000000000000e+00
0.000000000000000000e+00
0.000000000000000000e+00
0.000000000000000000e+00
0.000000000000000000e+00
0.000000000000000000e+00
0.000000000000000000e+00
0.000000000000000000e+00
0.000000000000000000e+00
0.000000000000000000e+00
0.000000000000000000e+00
0.000000000000000000e+00
0.000000000000000000e+00
0.000000000000000000e+00
0.000000000000000000e+00
0.000000000000000000e+00
0.000000000000000000e+00
0.000000000000000000e+00
0.000000000000000000e+00
0.000000000000000000e+00
0.000000000000000000e+00
0.000000000000000000e+00
0.000000000000000000e+00
0.000000000000000000e+00
0.000000000000000000e+00
0.000000000000000000e+00
0.000000000000000000e+00
0.000000000000000000e+00
0.000000000000000000e+00
0.000000000000000000e+00
0.000000000000000000e+00
0.000000000000000000e+00
0.000000000000000000e+00
0.000000000000000000e+00
0.000000000000000000e+00
0.000000000000000000e+00
0.000000000000000000e+00
0.000000000000000000e+00
0.000000000000000000e+00
0.000000000000000000e+00
0.000000000000000000e+00
0.000000000000000000e+00
0.000000000000000000e+00
0.000000000000000000e+00
0.000000000000000000e+00
0.000000000000000000e+00
0.000000000000000000e+00
0.000000000000000000e+00
