3.574138283772802707e-03
5.899378437928556960e-04
5.465601711146196237e-04
2.295898160914691287e-04
1.380170655471186125e-04
1.074391646628202298e-04
1.307418878909600017e-05
2.321895205639525151e-05
2.655925763030574820e-05
1.205744507415595294e-05
1.629862830817981566e-05
1.340100755980356840e-05
1.378081285347874237e-05
9.452628615325730827e-06
7.447099081178508570e-06
2.931994520930559366e-06
8.738477860280142602e-06
2.864408033017658383e-06
5.066752380622285436e-06
2.379886678341963325e-06
2.815690098037863929e-06
2.007335040967057814e-06
4.211742269017934829e-06
2.006348038032740093e-06
1.695710017852782333e-06
1.907402791211497145e-06
1.696852928850230428e-06
1.763861749526968007e-06
2.006930519147743366e-06
2.254291506588645184e-06
2.222595260117084380e-06
2.797856994430772147e-06
2.930234150823348974e-06
2.133439343871055513e-06
2.790949929686639206e-06
3.049148161217772445e-06
2.827172636773806588e-06
2.958266911704379944e-06
3.093118716042429363e-06
3.159187107000155109e-06
7.903635345657119703e-07
0.000000000000000000e+00
0.000000000000000000e+00
0.000000000000000000e+00
0.000000000000000000e+00
0.000000000000000000e+00
0.000000000000000000e+00
0.000000000000000000e+00
0.000000000000000000e+00
0.000000000000000000e+00
0.000000000000000000e+00
0.000000000000000000e+00
0.000000000000000000e+00
0.000000000000000000e+00
0.000000000000000000e+00
0.000000000000000000e+00
0.000000000000000000e+00
0.000000000000000000e+00
0.000000000000000000e+00
0.000000000000000000e+00
0.000000000000000000e+00
0.000000000000000000e+00
0.000000000000000000e+00
0.000000000000000000e+00
0.000000000000000000e+00
0.000000000000000000e+00
0.000000000000000000e+00
0.000000000000000000e+00
0.000000000000000000e+00
0.000000000000000000e+00
0.000000000000000000e+00
0.000000000000000000e+00
0.000000000000000000e+00
0.000000000000000000e+00
0.000000000000000000e+00
0.000000000000000000e+00
0.000000000000000000e+00
0.000000000000000000e+00
0.000000000000000000e+00
0.000000000000000000e+00
0.000000000000000000e+00
0.000000000000000000e+00
0.000000000000000000e+00
0.000000000000000000e+00
0.000000000000000000e+00
0.000000000000000000e+00
0.000000000000000000e+00
0.000000000000000000e+00
0.000000000000000000e+00
0.000000000000000000e+00
0.000000000000000000e+00
0.000000000000000000e+00
0.000000000000000000e+00
0.000000000000000000e+00
0.000000000000000000e+00
0.000000000000000000e+00
0.000000000000000000e+00
0.000000000000000000e+00
0.000000000000000000e+00
0.000000000000000000e+00
