5.536532794128353613e-03
9.855426035002014772e-04
6.498304809660638550e-04
3.056591643223717991e-04
3.548111458450333312e-04
3.293952420426602876e-04
3.616212853912916122e-04
8.121007834526083782e-05
7.920723625791595691e-05
7.897169807368835902e-05
7.375033833320542259e-05
5.351368841800240717e-05
3.116037555795357107e-05
5.289605365859559565e-05
1.058020579405672350e-04
3.561690946274400504e-05
1.886898115780047603e-05
5.450188070977473372e-05
4.783270409119900530e-05
4.205123396431869085e-05
1.488562997900921471e-05
1.845301564943504680e-05
1.768932236171887125e-05
1.036698367365404367e-05
8.245102464574685270e-06
7.916411847946515712e-06
8.034757011916093814e-06
7.082390903450999178e-06
2.894192351172124780e-06
4.374191560922289564e-06
3.246193700272877548e-06
2.672710213385807348e-06
2.847704600074025624e-06
2.599958887767313735e-06
3.134850922811556560e-06
3.269575909587320114e-06
3.075242434110181823e-06
3.276913610756572739e-06
3.347455655906541565e-06
3.490529004148955875e-06
0.000000000000000000e+00
0.000000000000000000e+00
0.000000000000000000e+00
0.000000000000000000e+00
0.000000000000000000e+00
0.000000000000000000e+00
0.000000000000000000e+00
0.000000000000000000e+00
0.000000000000000000e+00
0.000000000000000000e+00
0.000000000000000000e+00
0.000000000000000000e+00
0.000000000000000000e+00
0.000000000000000000e+00
0.000000000000000000e+00
0.000000000000000000e+00
0.000000000000000000e+00
0.000000000000000000e+00
0.000000000000000000e+00
0.000000000000000000e+00
0.000000000000000000e+00
0.000000000000000000e+00
0.000000000000000000e+00
0.000000000000000000e+00
0.000000000000000000e+00
0.000000000000000000e+00
0.000000000000000000e+00
0.000000000000000000e+00
0.000000000000000000e+00
0.000000000000000000e+00
0.000000000000000000e+00
0.000000000000000000e+00
0.000000000000000000e+00
0.000000000000000000e+00
0.000000000000000000e+00
0.000000000000000000e+00
0.000000000000000000e+00
0.000000000000000000e+00
0.000000000000000000e+00
0.000000000000000000e+00
0.000000000000000000e+00
0.000000000000000000e+00
0.000000000000000000e+00
0.000000000000000000e+00
0.000000000000000000e+00
0.000000000000000000e+00
0.000000000000000000e+00
0.000000000000000000e+00
0.000000000000000000e+00
0.000000000000000000e+00
0.000000000000000000e+00
0.000000000000000000e+00
0.000000000000000000e+00
0.000000000000000000e+00
0.000000000000000000e+00
0.000000000000000000e+00
0.000000000000000000e+00
0.000000000000000000e+00
0.000000000000000000e+00
0.000000000000000000e+00
