1.169071375942245909e-02
1.483815120599020227e-03
1.541077968627933576e-03
1.166939058375683928e-03
5.863490218039214136e-04
8.706886079003894191e-04
4.945130975063852631e-04
2.907063378530161304e-04
2.097558750087885973e-04
1.330540397494641000e-04
1.335592628807121798e-04
1.752807318083768253e-04
9.254933034276067137e-05
6.723139838541407473e-05
8.167954496364726287e-05
4.630244672828114885e-05
7.025128903649112736e-05
6.926084410675568200e-05
3.197336896871187998e-05
3.538163908437532378e-05
2.962236543821356296e-05
2.375448753653213135e-05
4.226531349890641639e-05
2.640489944105636687e-05
2.762247075919233380e-05
1.780974971226608253e-05
7.658284290311810180e-06
7.848719981597854784e-06
8.775104058990145262e-06
1.132006593513000435e-05
4.516282139775112196e-06
5.540270997980159271e-06
2.751435202536626751e-06
2.277992948549532826e-06
2.627290115348753597e-06
2.968258598989263306e-06
2.267732334392651957e-06
2.364892158347521249e-06
2.758457373946361317e-06
3.059562943798629505e-06
2.509245861512795937e-07
1.694065894508600678e-21
1.694065894508600678e-21
1.694065894508600678e-21
1.694065894508600678e-21
1.694065894508600678e-21
1.694065894508600678e-21
1.694065894508600678e-21
1.694065894508600678e-21
1.694065894508600678e-21
1.694065894508600678e-21
1.694065894508600678e-21
1.694065894508600678e-21
1.694065894508600678e-21
1.694065894508600678e-21
1.694065894508600678e-21
1.694065894508600678e-21
1.694065894508600678e-21
1.694065894508600678e-21
1.694065894508600678e-21
1.694065894508600678e-21
1.694065894508600678e-21
1.694065894508600678e-21
1.694065894508600678e-21
1.694065894508600678e-21
1.694065894508600678e-21
1.694065894508600678e-21
1.694065894508600678e-21
1.694065894508600678e-21
1.694065894508600678e-21
1.694065894508600678e-21
1.694065894508600678e-21
1.694065894508600678e-21
1.694065894508600678e-21
1.694065894508600678e-21
1.694065894508600678e-21
1.694065894508600678e-21
1.694065894508600678e-21
1.694065894508600678e-21
1.694065894508600678e-21
1.694065894508600678e-21
1.694065894508600678e-21
1.694065894508600678e-21
1.694065894508600678e-21
1.694065894508600678e-21
1.694065894508600678e-21
1.694065894508600678e-21
1.694065894508600678e-21
1.694065894508600678e-21
1.694065894508600678e-21
1.694065894508600678e-21
1.694065894508600678e-21
1.694065894508600678e-21
1.694065894508600678e-21
1.694065894508600678e-21
1.694065894508600678e-21
1.694065894508600678e-21
1.694065894508600678e-21
1.694065894508600678e-21
1.694065894508600678e-21
