2.396041544640555650e-04
5.906720056333568305e-04
1.913699747184824851e-04
3.399389163323130033e-04
7.970227360027528707e-04
1.609533988260812120e-04
1.644260139231706820e-04
8.328224672250758381e-05
1.462856835016232871e-04
2.004461651422046104e-04
7.310634885744105060e-05
2.826655452289677126e-05
6.991463131542125398e-05
4.017594763928865516e-05
1.724843975861742467e-05
5.906681019997757625e-05
3.186358559832742123e-05
1.682539132847020384e-05
1.856613656668661071e-05
2.324008987809534412e-05
2.744321962070575432e-05
1.715258253898740312e-05
2.517820161140942332e-05
1.132131382301410499e-05
1.216489746145074709e-05
4.024133647929665158e-06
5.879804236638000174e-06
1.613774147649943327e-05
7.493965257620434081e-06
2.641234177247805847e-06
2.101336112590366956e-06
2.837102011925698700e-06
4.222919605152096638e-07
5.571983506420411107e-07
2.122659549215272929e-07
5.132535283229537639e-07
2.604480935539806675e-07
3.248240696626872473e-07
2.868736370267986784e-07
3.194754187126657827e-07
2.101624508713178490e-07
2.592364841472649776e-07
2.689329859703847030e-07
1.555138518300943671e-07
2.133496430738755568e-07
1.802675229767612541e-07
1.009454188208692667e-07
1.383780389077266983e-07
0.000000000000000000e+00
0.000000000000000000e+00
0.000000000000000000e+00
0.000000000000000000e+00
0.000000000000000000e+00
0.000000000000000000e+00
0.000000000000000000e+00
0.000000000000000000e+00
0.000000000000000000e+00
0.000000000000000000e+00
0.000000000000000000e+00
0.000000000000000000e+00
0.000000000000000000e+00
0.000000000000000000e+00
0.000000000000000000e+00
0.000000000000000000e+00
0.000000000000000000e+00
0.000000000000000000e+00
0.000000000000000000e+00
0.000000000000000000e+00
0.000000000000000000e+00
0.000000000000000000e+00
0.000000000000000000e+00
0.000000000000000000e+00
0.000000000000000000e+00
0.000000000000000000e+00
0.000000000000000000e+00
0.000000000000000000e+00
0.000000000000000000e+00
0.000000000000000000e+00
0.000000000000000000e+00
0.000000000000000000e+00
0.000000000000000000e+00
0.000000000000000000e+00
0.000000000000000000e+00
0.000000000000000000e+00
0.000000000000000000e+00
0.000000000000000000e+00
0.000000000000000000e+00
0.000000000000000000e+00
0.000000000000000000e+00
0.000000000000000000e+00
0.000000000000000000e+00
0.000000000000000000e+00
0.000000000000000000e+00
0.000000000000000000e+00
0.000000000000000000e+00
0.000000000000000000e+00
0.000000000000000000e+00
0.000000000000000000e+00
0.000000000000000000e+00
0.000000000000000000e+00
