7.217806323553463540e-04
1.333714743716372508e-03
2.668724978133535028e-04
5.193349577402666360e-04
1.670941052399121073e-03
3.430823386324997329e-04
2.268699954658832127e-04
1.671167713032620944e-04
2.159387444175856440e-04
1.230134949661082706e-04
6.205233953512081190e-05
3.624762820337292061e-05
7.468526492702865936e-05
1.723021242480840483e-05
4.142406656792231882e-05
4.655087223467305153e-05
7.519924728386822362e-05
1.012874138714483509e-04
6.568698534299826914e-05
7.173609546506612867e-05
3.425062642268926613e-05
2.535615042378817755e-05
6.339621666222731750e-05
4.655370921137337126e-05
5.242498538911388419e-05
4.384441321299615050e-05
1.979138897583809195e-05
3.922006922906294644e-05
1.470093870266485239e-05
7.135660017352307520e-06
1.083286855894317939e-05
1.057013394583651748e-05
1.173729933433207902e-05
1.084500676930286322e-05
5.178198143710848227e-06
9.782422346929675507e-06
4.424228802632071239e-06
4.198682498228111018e-06
4.239736918427676804e-06
3.816022757236471101e-06
4.279400383526267782e-06
4.815262237306965165e-06
7.768527589671167153e-06
7.465374798193411483e-06
4.274461493126025246e-06
2.492102069292621530e-06
3.167450751353656930e-06
4.098738813436550943e-06
4.004667885702128728e-06
2.769989579226220635e-06
3.499070360617110658e-06
4.126773815103862772e-06
3.608981552780991144e-06
4.238602315185277860e-06
4.278685190407223016e-06
3.383802830764716169e-06
2.322542600558359194e-06
2.400371986941578921e-06
2.220426963544205572e-06
2.534444014332031017e-06
1.965878095746088586e-06
2.223578143134853359e-06
3.064748286522312379e-06
3.099110394806355793e-06
3.109076368429513730e-06
2.921844884485246010e-06
2.866980263068110675e-06
2.953167257334996524e-06
3.091806714487561258e-06
3.108142229085229855e-06
3.059082886960964841e-06
3.093204383121951358e-06
3.583010319048739751e-07
1.694065894508600678e-21
1.694065894508600678e-21
1.694065894508600678e-21
1.694065894508600678e-21
1.694065894508600678e-21
1.694065894508600678e-21
1.694065894508600678e-21
1.694065894508600678e-21
1.694065894508600678e-21
1.694065894508600678e-21
1.694065894508600678e-21
1.694065894508600678e-21
1.694065894508600678e-21
1.694065894508600678e-21
1.694065894508600678e-21
1.694065894508600678e-21
1.694065894508600678e-21
1.694065894508600678e-21
1.694065894508600678e-21
1.694065894508600678e-21
1.694065894508600678e-21
1.694065894508600678e-21
1.694065894508600678e-21
1.694065894508600678e-21
1.694065894508600678e-21
1.694065894508600678e-21
1.694065894508600678e-21
