2.472276300044150363e-03
4.859932300114104542e-03
1.065531258767318974e-03
2.438881799785383268e-03
5.858351639592765392e-03
1.430926350795647638e-03
6.451150367191620322e-04
8.646946198868453578e-04
2.933319882302638706e-04
6.586240126487713682e-04
3.201005199739596972e-04
5.989722874192161643e-04
4.256365734622181030e-04
1.117738489997023300e-04
2.990504964347536344e-04
2.490366356931899877e-04
6.040669748999426747e-04
6.475644150810529664e-04
4.384198956162540703e-04
3.505398252239670946e-04
2.253553608012986141e-04
1.560148385813188605e-04
2.625474991923535967e-04
8.298205117839362141e-05
1.588286457744220192e-04
1.857004703239615402e-04
2.190831674899316626e-04
2.381874687167464069e-04
3.259530618410745530e-04
9.847753746590459916e-05
2.011868975487224732e-04
1.588228274523255216e-04
2.197165761392725833e-04
1.299276221736165053e-04
6.443738915691206469e-05
1.137604094603492886e-04
7.515439034557918924e-05
3.702642591517248913e-05
4.974989142069455783e-05
3.359775683600632493e-05
3.185589246952205087e-05
4.347892391897928644e-05
3.074229833994313434e-05
4.603974638926615245e-05
4.918522049514012886e-05
2.359674857326042501e-05
2.249095047742921460e-05
2.962166786134449493e-05
1.945120127723150562e-05
2.832945876152076199e-05
1.756859406130232572e-05
1.823677008512635640e-05
2.360975393743159015e-05
3.238033112458300563e-05
2.850666571015907075e-05
1.446361731690349576e-05
9.176084500250682161e-06
1.043365493739441756e-05
6.819232199417038670e-06
3.779832624873472632e-06
4.124089476275583418e-06
3.627472905109512750e-06
4.668589187686544265e-06
5.626868675171493094e-06
5.528019137799817336e-06
7.299347421055172027e-06
3.611812178734442158e-06
3.626724089837010823e-06
3.200186203685427434e-06
3.087875866923579764e-06
3.044778172108558777e-06
3.305722188839744632e-06
2.285608172881170257e-06
2.265216588406796005e-06
1.807577305083648535e-06
1.827142150676393348e-06
3.521022682521004487e-08
1.694065894508600678e-21
1.694065894508600678e-21
1.694065894508600678e-21
1.694065894508600678e-21
1.694065894508600678e-21
1.694065894508600678e-21
1.694065894508600678e-21
1.694065894508600678e-21
1.694065894508600678e-21
1.694065894508600678e-21
1.694065894508600678e-21
1.694065894508600678e-21
1.694065894508600678e-21
1.694065894508600678e-21
1.694065894508600678e-21
1.694065894508600678e-21
1.694065894508600678e-21
1.694065894508600678e-21
1.694065894508600678e-21
1.694065894508600678e-21
1.694065894508600678e-21
1.694065894508600678e-21
1.694065894508600678e-21
