2.006759528543594628e-03
4.231983024350972553e-03
1.482045134605061449e-03
6.930143326310571816e-04
9.643816019498127438e-04
1.014747120841687873e-03
7.114707556402451085e-04
4.025732176485671745e-04
1.237871935360371981e-04
1.886860897327038002e-04
4.889562778361970004e-04
3.121753833184766629e-04
2.625359900313455259e-04
2.546755427448638056e-04
3.741360894989819667e-04
1.646827470322181279e-04
3.242198374805671480e-04
1.313111097825861559e-04
6.271714165994674234e-05
1.085282888983653152e-04
5.599275834530740973e-05
3.042065292113682438e-05
5.412813056551435398e-05
2.622262604566441330e-05
3.712022806736449713e-05
3.770090130798833491e-05
2.883185745750873241e-05
2.505274409267395122e-05
2.136613285301623163e-05
2.579753221775208161e-05
1.160927486409593606e-05
8.046095235024429811e-06
1.278926261706117517e-05
1.095986242000682744e-05
8.342898036336797516e-06
1.217759307675391011e-05
1.747015950030392228e-05
8.093321599281466696e-06
1.005202162251072057e-05
8.829822508326587584e-06
8.938006238399065796e-06
1.032482934068580186e-05
1.472403836689357531e-05
7.662084987145583519e-06
6.474966448309758357e-06
7.059248788307893567e-06
7.376174469015792319e-06
7.230633114044724520e-06
1.235828514976807860e-05
1.393485390694004104e-05
7.415255246646230699e-06
4.929949192225394353e-06
4.821844197923043422e-06
5.773859117302183802e-06
7.085063974129534326e-06
5.906586111388411650e-06
5.040673056837741379e-06
5.470713781846982867e-06
5.891853387985859819e-06
6.879322844023673514e-06
5.989700854439113250e-06
6.346064158926262614e-06
4.735730611424637530e-06
3.941717898894522921e-06
3.361842511408629329e-06
3.340655820275186481e-06
3.550154845041538822e-06
3.920407123620478193e-06
3.881837050224138659e-06
3.022563831732269150e-06
2.438754493941323215e-06
2.711148204982692603e-06
3.098622041528040003e-06
2.735919920562962427e-06
2.584757941413123817e-06
2.284364450461458148e-06
1.956609481016919078e-06
2.106748815256511042e-06
2.683558974289436307e-06
2.990613787355097324e-06
1.723675978029061497e-06
5.170200766192295418e-07
5.143215941239871750e-07
4.884585681502874821e-07
1.712614243715807976e-07
1.265388886754240289e-07
8.632329615947899258e-08
1.694065894508600678e-21
1.694065894508600678e-21
1.694065894508600678e-21
1.694065894508600678e-21
1.694065894508600678e-21
1.694065894508600678e-21
1.694065894508600678e-21
1.694065894508600678e-21
1.694065894508600678e-21
1.694065894508600678e-21
1.694065894508600678e-21
1.694065894508600678e-21
1.694065894508600678e-21
