5.885473094739085073e-03
1.007117177480656815e-02
3.195516823417608645e-03
7.531646028442671309e-03
1.724084390305164263e-02
4.578227445167975217e-03
1.681723411175413581e-03
2.996265951235214855e-03
1.467904822131427299e-03
1.156717338509086028e-03
6.384883104792857169e-04
2.007269687201508699e-03
9.912685097009494260e-04
3.850894169560017608e-04
1.004320975283860785e-03
3.397290661753346206e-04
9.662836555253300538e-04
5.152121215738603805e-04
3.396560455849935455e-04
6.810904634695142583e-04
1.101192224651827275e-03
1.467953604258799170e-03
8.202740700869323113e-04
7.707240322740075518e-04
3.844765634284798392e-04
5.236137255338192513e-04
3.313968142468072097e-04
2.964960336462045174e-04
1.702687107186818269e-04
2.275777203090743157e-04
2.613615761213618194e-04
2.924939492361574027e-04
3.797492591352218247e-04
1.177483508174762770e-04
2.567062957714751742e-04
9.358675862677413339e-05
9.215524504575632473e-05
1.031859442566311061e-04
1.119442822461684376e-04
8.866453882706707475e-05
7.724175760311594453e-05
7.157935447082083304e-05
7.854712805449401588e-05
6.147079602908308302e-05
7.149194790710703881e-05
5.369953427096330154e-05
5.123423693267122064e-05
9.101302745094486894e-05
1.077183414398605169e-04
1.053417861205679403e-04
6.483990160204792380e-05
1.010858240779241032e-04
4.585502758698015906e-05
6.641420588186031169e-05
6.773470220149969132e-05
2.933630764022479619e-05
2.247842760074162644e-05
2.361092296263123482e-05
1.116258605637344316e-05
1.188710432070075086e-05
4.572015312137229583e-06
4.291821789277899106e-06
8.134370257373365763e-06
6.353492753491652331e-06
7.711388429969876269e-06
1.416448352680986454e-05
1.528187873291491215e-05
8.874906450069186325e-06
6.029474371846699142e-06
3.976960943186302022e-06
4.138434876771844307e-06
4.402935066986748233e-06
8.881512470626139386e-07
1.694065894508600678e-21
1.694065894508600678e-21
1.694065894508600678e-21
1.694065894508600678e-21
1.694065894508600678e-21
1.694065894508600678e-21
1.694065894508600678e-21
1.694065894508600678e-21
1.694065894508600678e-21
1.694065894508600678e-21
1.694065894508600678e-21
1.694065894508600678e-21
1.694065894508600678e-21
1.694065894508600678e-21
1.694065894508600678e-21
1.694065894508600678e-21
1.694065894508600678e-21
1.694065894508600678e-21
1.694065894508600678e-21
1.694065894508600678e-21
1.694065894508600678e-21
1.694065894508600678e-21
1.694065894508600678e-21
1.694065894508600678e-21
1.694065894508600678e-21
1.694065894508600678e-21
1.694065894508600678e-21
