1.414384788098509930e-03
7.953434553094497613e-04
3.598116910184647539e-04
3.957317180346002798e-04
3.282473737954361083e-04
9.793429473672036903e-05
1.021841353284998536e-04
1.199545189799533290e-04
7.875885597662166235e-05
6.421476912365296883e-05
2.686929386921971279e-05
1.555650651188549889e-05
3.429231539697028962e-05
3.769634593159836873e-05
7.426751168805853258e-06
2.984344768418009040e-05
1.430557182894920181e-05
7.953915036250199240e-06
2.824538217603565199e-05
1.330396034130317685e-05
2.062293072337388299e-05
6.333983845089439474e-06
7.388665478591095597e-06
6.434886147913806928e-06
9.888413193786470043e-06
8.685865639643869241e-06
7.211744130402637657e-06
2.955466119123109818e-06
4.859818765351034836e-06
3.657794904800204401e-06
1.254632289196142176e-07
0.000000000000000000e+00
0.000000000000000000e+00
0.000000000000000000e+00
0.000000000000000000e+00
0.000000000000000000e+00
0.000000000000000000e+00
0.000000000000000000e+00
0.000000000000000000e+00
0.000000000000000000e+00
0.000000000000000000e+00
0.000000000000000000e+00
0.000000000000000000e+00
0.000000000000000000e+00
0.000000000000000000e+00
0.000000000000000000e+00
0.000000000000000000e+00
0.000000000000000000e+00
0.000000000000000000e+00
0.000000000000000000e+00
0.000000000000000000e+00
0.000000000000000000e+00
0.000000000000000000e+00
0.000000000000000000e+00
0.000000000000000000e+00
0.000000000000000000e+00
0.000000000000000000e+00
0.000000000000000000e+00
0.000000000000000000e+00
0.000000000000000000e+00
0.000000000000000000e+00
0.000000000000000000e+00
0.000000000000000000e+00
0.000000000000000000e+00
0.000000000000000000e+00
0.000000000000000000e+00
0.000000000000000000e+00
0.000000000000000000e+00
0.000000000000000000e+00
0.000000000000000000e+00
0.000000000000000000e+00
0.000000000000000000e+00
0.000000000000000000e+00
0.000000000000000000e+00
0.000000000000000000e+00
0.000000000000000000e+00
0.000000000000000000e+00
0.000000000000000000e+00
0.000000000000000000e+00
0.000000000000000000e+00
0.000000000000000000e+00
0.000000000000000000e+00
0.000000000000000000e+00
0.000000000000000000e+00
0.000000000000000000e+00
0.000000000000000000e+00
0.000000000000000000e+00
0.000000000000000000e+00
0.000000000000000000e+00
0.000000000000000000e+00
0.000000000000000000e+00
0.000000000000000000e+00
0.000000000000000000e+00
0.000000000000000000e+00
0.000000000000000000e+00
0.000000000000000000e+00
0.000000000000000000e+00
0.000000000000000000e+00
0.000000000000000000e+00
0.000000000000000000e+00
