1.679608144405662961e-03
1.067048907203987842e-03
8.444443899198921313e-04
3.909489775902758317e-04
5.358324103459463248e-04
1.490412048383698564e-04
1.904929444479446063e-04
1.354112103157499721e-04
1.275886433054395838e-04
2.064558219624681426e-04
7.243557526125478981e-05
5.860505278616593322e-05
7.151029172113714005e-05
8.371186566236326948e-05
3.497626377105156906e-05
5.741124157197992508e-05
6.356480055957233169e-05
3.154378777680187337e-05
6.728318854232010220e-05
6.436005004399347220e-05
2.610276951094301864e-05
3.636059930741582518e-05
1.956874318486886299e-05
1.498882091479620569e-05
1.579960757128793354e-05
3.455110768670722294e-05
1.949526047749965883e-05
1.391001135188154277e-05
1.646490269429622472e-05
8.502701583656055236e-06
1.426621174489530295e-05
9.157553656075383201e-06
9.016081226757560261e-06
6.396152243991319438e-06
2.679350349789865333e-06
6.197138882274313888e-06
3.495255471898325194e-06
4.256837960187002963e-06
5.742690387143941445e-06
4.837510387744368681e-06
6.003913489977313745e-06
4.561740555862504565e-06
3.668166136816580699e-06
4.085329501320849997e-06
2.843312123015426150e-06
5.025941504919228339e-06
2.276897147177330676e-06
6.154251613185697802e-06
3.204057692133030975e-06
4.502677921052072150e-06
5.433280887901526759e-06
3.973719193071509295e-06
2.245932376445492834e-06
2.010650810183250650e-06
2.390645810271790827e-06
2.835732836296248833e-06
2.250713407948862758e-06
2.236441270972751147e-06
2.975819917016846735e-06
3.113934498943315126e-06
3.128340285480326227e-06
2.830631122031079415e-06
2.676030048588856488e-06
2.958518337740144643e-06
3.095393992558136963e-06
3.113471940880759883e-06
3.144801005918316794e-06
3.077296714339764713e-06
1.809304640437131289e-07
1.694065894508600678e-21
1.694065894508600678e-21
1.694065894508600678e-21
1.694065894508600678e-21
1.694065894508600678e-21
1.694065894508600678e-21
1.694065894508600678e-21
1.694065894508600678e-21
1.694065894508600678e-21
1.694065894508600678e-21
1.694065894508600678e-21
1.694065894508600678e-21
1.694065894508600678e-21
1.694065894508600678e-21
1.694065894508600678e-21
1.694065894508600678e-21
1.694065894508600678e-21
1.694065894508600678e-21
1.694065894508600678e-21
1.694065894508600678e-21
1.694065894508600678e-21
1.694065894508600678e-21
1.694065894508600678e-21
1.694065894508600678e-21
1.694065894508600678e-21
1.694065894508600678e-21
1.694065894508600678e-21
1.694065894508600678e-21
1.694065894508600678e-21
1.694065894508600678e-21
1.694065894508600678e-21
