3.740446482971791602e-03
2.569430004389128101e-03
1.696777480001663424e-03
9.484820029829778548e-04
1.360401421455250054e-03
2.916439079581070954e-04
4.294137156320530367e-04
2.405646661616015988e-04
4.922505268305439911e-04
6.758293374655515665e-04
1.568819905408421302e-04
1.916029103732720738e-04
3.762520274053069076e-04
3.922441812174550847e-04
1.216905743092727411e-04
9.289249561555859395e-05
1.635850772046142565e-04
1.566712379831396694e-04
1.414166803330180330e-04
2.035441773637737073e-04
9.946351418226094358e-05
1.024458148554132058e-04
7.147591258124054480e-05
4.513211559788625818e-05
5.461372919169166164e-05
7.774163901762428351e-05
7.456126413482397775e-05
6.020307231870947163e-05
3.377098010117889635e-05
4.571963974253987476e-05
4.406336964599080633e-05
3.327257251170921270e-05
2.436097986167098296e-05
4.163672754848606923e-05
1.487747026616256235e-05
3.196449281581846866e-05
2.573976514250721307e-05
2.951987240535407990e-05
1.239987203561585474e-05
8.152013272843313535e-06
1.322168828486314969e-05
1.685970949277491046e-05
1.153171655005133291e-05
7.428381716512421112e-06
8.184235337213759877e-06
1.094359023240487567e-05
9.043425746057172715e-06
1.257007101824941885e-05
9.584367113339044958e-06
1.041096882519244655e-05
1.304952895459931219e-05
8.238237659479908203e-06
4.987513076839096776e-06
4.320615848576423363e-06
2.086039007784159553e-06
2.060571257499485206e-06
1.603030121009245408e-06
1.643827239500464824e-06
2.524087087458315088e-06
2.729101137234385499e-06
2.800120281582892363e-06
2.128734096102696034e-06
1.830542872622006754e-06
2.446826995112109686e-06
2.814200383802792311e-06
2.916026190765875798e-06
3.000706941363150555e-06
3.074780776673421174e-06
0.000000000000000000e+00
0.000000000000000000e+00
0.000000000000000000e+00
0.000000000000000000e+00
0.000000000000000000e+00
0.000000000000000000e+00
0.000000000000000000e+00
0.000000000000000000e+00
0.000000000000000000e+00
0.000000000000000000e+00
0.000000000000000000e+00
0.000000000000000000e+00
0.000000000000000000e+00
0.000000000000000000e+00
0.000000000000000000e+00
0.000000000000000000e+00
0.000000000000000000e+00
0.000000000000000000e+00
0.000000000000000000e+00
0.000000000000000000e+00
0.000000000000000000e+00
0.000000000000000000e+00
0.000000000000000000e+00
0.000000000000000000e+00
0.000000000000000000e+00
0.000000000000000000e+00
0.000000000000000000e+00
0.000000000000000000e+00
0.000000000000000000e+00
0.000000000000000000e+00
0.000000000000000000e+00
0.000000000000000000e+00
