9.081091558207772876e-03
8.605771266869012906e-03
3.779695978258125130e-03
4.939758450143256693e-03
4.505440813896394170e-03
1.640165734330017002e-03
1.538571923773493760e-03
1.429152605919840500e-03
2.276787574093432250e-03
9.266422813379031516e-04
4.499895771439716427e-04
3.089496538834021083e-04
6.994018156260404422e-04
5.618867457697902627e-04
1.214808685037939163e-04
7.211609457039237954e-04
6.353380781620487135e-04
4.643256298804872024e-04
3.723815239428723486e-04
3.835039318196893253e-04
2.631295663052587303e-04
2.976835524963142451e-04
1.262745529390006888e-04
1.570331256087943066e-04
2.577360114012624756e-04
3.411052798563462348e-04
1.270510078232976064e-04
1.618473751931177960e-04
1.627901453823595848e-04
8.047755811631939090e-05
2.055826540898732452e-04
1.242564193349739144e-04
8.732579048394804194e-05
5.031690847157921815e-05
1.457927700547621732e-04
7.566188876908234344e-05
6.709763950464453660e-05
3.281482039467420659e-05
3.814200293875949412e-05
5.669649291785997864e-05
5.871827566895425305e-05
8.817596637275741211e-05
8.002652201346269808e-05
6.024922105288551497e-05
8.925863331311652672e-05
1.109289586477489711e-04
5.916845361667232109e-05
2.473280350588593810e-05
4.488802143055566838e-05
4.251614086239107132e-05
4.409324666312851385e-05
3.357719969566703972e-05
2.585566909816183070e-05
2.855779194546871107e-05
1.621745153001902297e-05
1.728727447505974495e-05
1.330468559616372185e-05
1.058263027608144755e-05
6.835938568306531264e-06
5.930670363709067361e-06
5.060398723853272612e-06
7.282955808358486553e-06
6.967088847330737202e-06
5.237914464339297069e-06
3.899169145680495327e-06
3.396925423739024426e-06
3.353188172746115124e-06
4.014694040620778856e-06
1.151752027282778635e-06
0.000000000000000000e+00
0.000000000000000000e+00
0.000000000000000000e+00
0.000000000000000000e+00
0.000000000000000000e+00
0.000000000000000000e+00
0.000000000000000000e+00
0.000000000000000000e+00
0.000000000000000000e+00
0.000000000000000000e+00
0.000000000000000000e+00
0.000000000000000000e+00
0.000000000000000000e+00
0.000000000000000000e+00
0.000000000000000000e+00
0.000000000000000000e+00
0.000000000000000000e+00
0.000000000000000000e+00
0.000000000000000000e+00
0.000000000000000000e+00
0.000000000000000000e+00
0.000000000000000000e+00
0.000000000000000000e+00
0.000000000000000000e+00
0.000000000000000000e+00
0.000000000000000000e+00
0.000000000000000000e+00
0.000000000000000000e+00
0.000000000000000000e+00
0.000000000000000000e+00
0.000000000000000000e+00
