9.529464691004784936e-04
2.110518743475922078e-04
5.569316226646198274e-04
3.101883844208856190e-04
1.644066914218077452e-04
1.154301822870012193e-04
4.194859991909035595e-05
5.612848163560758531e-05
4.789183593618599424e-05
3.268812303087451277e-05
1.954335473674679514e-05
1.507076470514157220e-05
1.659944981940181404e-05
8.275192218109243876e-06
2.699209068358071950e-06
5.178276679943987556e-06
1.417248718140855133e-05
8.946899255428354932e-06
6.913475602511569968e-06
7.866025061865906441e-06
1.498676056652093005e-05
4.288611673308013578e-06
5.114688288550930768e-06
4.493413943185304878e-06
2.929680325995530714e-06
2.635768789409094042e-06
2.376046773581294933e-06
1.874627309572157499e-06
2.615714525683059509e-06
2.304776782586066115e-06
2.008406756503994828e-06
3.318586597289878666e-06
2.314343165185998909e-06
2.402982576848277677e-06
2.194576423292408740e-06
2.458740902074884696e-06
2.516119065228347751e-06
2.177654204236831495e-06
2.259898586029682482e-06
2.226435325207552830e-06
2.633403433367490878e-06
2.504907930865924863e-06
2.395346726624637301e-06
2.558917609468439715e-06
2.759565478594578312e-06
2.710879579647453238e-06
2.727093549006421681e-06
2.669444778223501741e-06
2.614913665141982694e-06
2.848308357782483149e-06
2.977543711742658723e-06
3.074918878484336471e-06
3.100534445337770179e-06
2.396356144370165456e-06
2.324635600627995008e-06
3.117615547980251517e-06
3.155671213459463910e-06
3.143261002737653285e-06
3.060202869421875001e-06
3.016558966252749194e-06
3.094718651435636447e-06
3.139437665346524256e-06
3.139958758735113751e-06
3.142592860045065253e-06
1.240774328116082360e-06
1.694065894508600678e-21
1.694065894508600678e-21
1.694065894508600678e-21
1.694065894508600678e-21
1.694065894508600678e-21
1.694065894508600678e-21
1.694065894508600678e-21
1.694065894508600678e-21
1.694065894508600678e-21
1.694065894508600678e-21
1.694065894508600678e-21
1.694065894508600678e-21
1.694065894508600678e-21
1.694065894508600678e-21
1.694065894508600678e-21
1.694065894508600678e-21
1.694065894508600678e-21
1.694065894508600678e-21
1.694065894508600678e-21
1.694065894508600678e-21
1.694065894508600678e-21
1.694065894508600678e-21
1.694065894508600678e-21
1.694065894508600678e-21
1.694065894508600678e-21
1.694065894508600678e-21
1.694065894508600678e-21
1.694065894508600678e-21
1.694065894508600678e-21
1.694065894508600678e-21
1.694065894508600678e-21
1.694065894508600678e-21
1.694065894508600678e-21
1.694065894508600678e-21
1.694065894508600678e-21
