1.387254381445598723e-03
3.890413546321340606e-04
7.455442453095658490e-04
8.735745949670169598e-04
3.921076458137730020e-04
4.789037796984649503e-04
1.701016606716801004e-04
9.941987372383327844e-05
1.757315057334281870e-04
1.102812815072884103e-04
3.529940289492450350e-05
3.482539526790370729e-05
3.733419877623464733e-05
2.838806681472326560e-05
2.565352947359069005e-05
6.765136172059793920e-05
6.470128913472752909e-05
3.874888152384221260e-05
4.822400216655058059e-05
6.805742865091576324e-05
4.498602133271045224e-05
1.023880513081581543e-05
1.619066994543872704e-05
2.988433183875518830e-05
1.878444338806571572e-05
8.716103383859994628e-06
8.373744134139438755e-06
1.425611643056661958e-05
8.831435930790435424e-06
7.961136007109231421e-06
9.363566300997413225e-06
8.412302015881450561e-06
3.091997119075433397e-06
3.351665962121961321e-06
6.146662330238626432e-06
5.518379624747275506e-06
7.385927090525363393e-06
4.165250210824775647e-06
4.571978267880530197e-06
3.179105278332677339e-06
3.640659767153187595e-06
2.994829978152865528e-06
4.035322492158921161e-06
3.459459229086366753e-06
2.673197197193436046e-06
4.563948704051386212e-06
4.692688155162005532e-06
6.702053962365915092e-06
6.321948081830771411e-06
1.799271401483353201e-06
1.701892373708442191e-06
2.597051001524293181e-06
2.876254154933925634e-06
2.121816951992724660e-06
2.187981294274083944e-06
3.092137101023366481e-06
3.047895334315572167e-06
2.943668541246941017e-06
2.811270516255885549e-06
2.852977416761103431e-06
3.072658632289836146e-06
3.122398637836169313e-06
3.154631571958580523e-06
3.120247825302153543e-06
3.275817470887402241e-08
0.000000000000000000e+00
0.000000000000000000e+00
0.000000000000000000e+00
0.000000000000000000e+00
0.000000000000000000e+00
0.000000000000000000e+00
0.000000000000000000e+00
0.000000000000000000e+00
0.000000000000000000e+00
0.000000000000000000e+00
0.000000000000000000e+00
0.000000000000000000e+00
0.000000000000000000e+00
0.000000000000000000e+00
0.000000000000000000e+00
0.000000000000000000e+00
0.000000000000000000e+00
0.000000000000000000e+00
0.000000000000000000e+00
0.000000000000000000e+00
0.000000000000000000e+00
0.000000000000000000e+00
0.000000000000000000e+00
0.000000000000000000e+00
0.000000000000000000e+00
0.000000000000000000e+00
0.000000000000000000e+00
0.000000000000000000e+00
0.000000000000000000e+00
0.000000000000000000e+00
0.000000000000000000e+00
0.000000000000000000e+00
0.000000000000000000e+00
0.000000000000000000e+00
0.000000000000000000e+00
