3.066114295366670784e-03
8.464732499908251715e-04
2.153145484781786734e-03
2.238619320946803274e-03
1.326646387418706175e-03
7.299466398636148727e-04
3.668472094789503057e-04
2.246917216986356477e-04
2.780892954947693598e-04
1.760813335240867634e-04
2.596338602710540448e-04
3.725939853113527465e-04
2.619360470819825123e-04
1.257233335039043725e-04
7.752324253185885017e-05
5.175719590533531538e-05
7.710668259076643822e-05
8.042879431388556344e-05
1.404075893070604248e-04
1.812017354143269040e-04
9.477765778080320526e-05
7.790748489761539872e-05
2.234860315278710473e-05
1.056312136781760702e-04
4.373556419557701747e-05
3.555706130335597868e-05
5.237885608514780461e-05
2.441307913580959780e-05
3.462448210438722677e-05
4.969712743947152787e-05
1.729849639163247250e-05
1.529023039981308683e-05
1.854573637563595030e-05
4.125609647075468997e-05
2.041814218224321972e-05
4.262515978071098672e-05
2.047727191617350093e-05
1.962769251877542171e-05
1.624845080746119622e-05
1.261715245766041793e-05
2.016330232297798200e-05
1.161125824581988824e-05
1.526779181307192539e-05
1.189921986215677117e-05
8.226613102538200950e-06
1.430280836259848059e-05
1.117931103016174882e-05
1.389811931850816466e-05
1.196157807286392960e-05
6.725681440042753405e-06
2.511961082124531958e-06
2.335891130409579563e-06
1.928697065534406745e-06
1.988341119416826460e-06
1.629983083352138068e-06
2.204028299784584431e-06
2.677881456484165603e-06
2.237775387748113647e-06
3.069850854561650452e-06
1.892111957948061663e-06
2.524737827207792687e-06
2.683478514499262820e-06
2.706931841722529759e-06
2.972774525415699590e-06
0.000000000000000000e+00
0.000000000000000000e+00
0.000000000000000000e+00
0.000000000000000000e+00
0.000000000000000000e+00
0.000000000000000000e+00
0.000000000000000000e+00
0.000000000000000000e+00
0.000000000000000000e+00
0.000000000000000000e+00
0.000000000000000000e+00
0.000000000000000000e+00
0.000000000000000000e+00
0.000000000000000000e+00
0.000000000000000000e+00
0.000000000000000000e+00
0.000000000000000000e+00
0.000000000000000000e+00
0.000000000000000000e+00
0.000000000000000000e+00
0.000000000000000000e+00
0.000000000000000000e+00
0.000000000000000000e+00
0.000000000000000000e+00
0.000000000000000000e+00
0.000000000000000000e+00
0.000000000000000000e+00
0.000000000000000000e+00
0.000000000000000000e+00
0.000000000000000000e+00
0.000000000000000000e+00
0.000000000000000000e+00
0.000000000000000000e+00
0.000000000000000000e+00
0.000000000000000000e+00
0.000000000000000000e+00
