3.306782957520779977e-03
1.035246697336446265e-03
3.973970358561522767e-03
2.449513071854679709e-03
1.095626919734110638e-03
2.042609617829817606e-03
8.044865058140321335e-04
2.157435144680257006e-04
2.866561005779040658e-04
2.828714033325237069e-04
2.433859490341863760e-04
3.928422403506113387e-04
3.392359151634222712e-04
8.936020810375259332e-04
1.571966654919993616e-04
6.036585312959748522e-04
4.169656220213587808e-04
3.334971287008751343e-04
2.742192891372171779e-04
1.797409968207550729e-04
2.187689295892871009e-04
1.172182795497784960e-04
1.379498121414736770e-04
1.202432174598845794e-04
1.846306508818155935e-04
1.269353815865354850e-04
1.055244519851326451e-04
9.451735647664780485e-05
1.236282677023166430e-04
5.086297233671559410e-05
8.822907798527687175e-05
4.409721149441741254e-05
4.499281091269334343e-05
4.145324099426510951e-05
5.360931943673633417e-05
3.085264925657196913e-05
6.903030322018272177e-05
5.065391469656891266e-05
4.292798819219124056e-05
3.735489234324211279e-05
2.276301981418579634e-05
6.154067638342243963e-05
5.587874547669243694e-05
3.270381205773134284e-05
3.085942489382884470e-05
3.952494574999109442e-05
1.584657151269056990e-05
1.296043778553551772e-05
1.692194637865671145e-05
1.629431400844477191e-05
9.334136620096165752e-06
8.369011690373447183e-06
6.175614394965345788e-06
4.141919640983432554e-06
4.373706527605421678e-06
4.207955171118729774e-06
3.335909424724236457e-06
3.290656825739079952e-06
5.059460234031864498e-06
3.490734788409323882e-06
3.787261627723665953e-06
3.425718065083319529e-06
3.173352052935393415e-06
3.502380584822717173e-06
2.869640485738101253e-07
2.044133761822084133e-07
1.032798501272424747e-07
0.000000000000000000e+00
0.000000000000000000e+00
0.000000000000000000e+00
0.000000000000000000e+00
0.000000000000000000e+00
0.000000000000000000e+00
0.000000000000000000e+00
0.000000000000000000e+00
0.000000000000000000e+00
0.000000000000000000e+00
0.000000000000000000e+00
0.000000000000000000e+00
0.000000000000000000e+00
0.000000000000000000e+00
0.000000000000000000e+00
0.000000000000000000e+00
0.000000000000000000e+00
0.000000000000000000e+00
0.000000000000000000e+00
0.000000000000000000e+00
0.000000000000000000e+00
0.000000000000000000e+00
0.000000000000000000e+00
0.000000000000000000e+00
0.000000000000000000e+00
0.000000000000000000e+00
0.000000000000000000e+00
0.000000000000000000e+00
0.000000000000000000e+00
0.000000000000000000e+00
0.000000000000000000e+00
0.000000000000000000e+00
0.000000000000000000e+00
