3.256516343084177377e-04
6.185450424704664555e-04
7.235829441414228782e-04
2.113903578346101896e-04
1.909104612267072175e-04
2.688973881543778180e-04
2.335050073098272850e-04
9.120208043427211570e-05
8.412356657007638463e-05
1.254140261497834721e-04
8.043642509142566964e-05
4.454471685775949233e-05
4.922062242144461868e-05
4.410317171438545540e-05
1.446881628348598616e-05
4.253854517098138886e-05
3.202937814766720610e-05
1.359138643434797864e-05
3.139516229594844295e-05
1.086384335100146821e-05
1.569692513505298681e-05
4.933277819013111180e-06
1.290735192352747331e-05
1.214237068782822465e-05
1.760772668783657286e-05
1.052965712702683503e-05
5.605244199279440466e-06
7.842824118726635826e-06
4.847166187202092107e-06
2.027774445298757662e-06
2.547465738953440381e-06
2.481850361868667590e-06
2.680019666599500848e-06
5.543698851103843835e-06
4.903777788824484782e-06
2.059870646776006266e-06
2.894666256223264746e-06
3.296105923560247152e-06
2.107807946267839640e-06
2.466571104083430229e-06
1.904071735574054316e-06
2.338717703637230191e-06
2.536952930719918875e-06
2.235584871163493981e-06
2.748823748053001826e-06
4.167191314448958944e-06
2.783830289024679579e-06
2.016094280006572615e-06
2.750236953549464820e-06
2.795475578513287873e-06
2.129515455500743383e-06
2.197826810429857365e-06
3.082087013327121904e-06
3.118864070965326403e-06
2.967192644470258020e-06
2.766983216236981645e-06
2.968466482886847944e-06
3.097840996018344898e-06
3.109925675333192411e-06
3.147927601566256379e-06
1.669944325069107991e-06
1.790999630798988250e-07
1.694065894508600678e-21
1.694065894508600678e-21
1.694065894508600678e-21
1.694065894508600678e-21
1.694065894508600678e-21
1.694065894508600678e-21
1.694065894508600678e-21
1.694065894508600678e-21
1.694065894508600678e-21
1.694065894508600678e-21
1.694065894508600678e-21
1.694065894508600678e-21
1.694065894508600678e-21
1.694065894508600678e-21
1.694065894508600678e-21
1.694065894508600678e-21
1.694065894508600678e-21
1.694065894508600678e-21
1.694065894508600678e-21
1.694065894508600678e-21
1.694065894508600678e-21
1.694065894508600678e-21
1.694065894508600678e-21
1.694065894508600678e-21
1.694065894508600678e-21
1.694065894508600678e-21
1.694065894508600678e-21
1.694065894508600678e-21
1.694065894508600678e-21
1.694065894508600678e-21
1.694065894508600678e-21
1.694065894508600678e-21
1.694065894508600678e-21
1.694065894508600678e-21
1.694065894508600678e-21
1.694065894508600678e-21
1.694065894508600678e-21
1.694065894508600678e-21
