3.596761922654999246e-03
8.341987865260396678e-03
2.782823696359329382e-03
1.206760702936600718e-03
2.599220163842016953e-03
1.519378121593102171e-03
2.103095061436932069e-03
6.078642770134352544e-04
7.675995855347936053e-04
6.464045481465661687e-04
1.204470532984693726e-03
1.042604319036902726e-03
3.249362178594183384e-04
2.287271428711013096e-04
4.842209774700960705e-04
4.931263220554972689e-04
4.424397913390988330e-04
2.562052906320546816e-04
9.344711996007759895e-05
2.694268990564947981e-04
1.977039889025803483e-04
2.366601560203428862e-04
2.034660004718935676e-04
5.476851486162994818e-05
1.364894183488175026e-04
6.932564551120490445e-05
9.502995484443732392e-05
8.575394371554969318e-05
7.980549806773541016e-05
7.958316829679812864e-05
3.648139698909437409e-05
4.505668455378992543e-05
6.328827567857032532e-05
3.211153705668051103e-05
2.881555896552889668e-05
2.815050555781384347e-05
3.786920776551151388e-05
2.568401253083574072e-05
3.979114872975779730e-05
4.350148794366975164e-05
3.036661728998858853e-05
3.320861879706096635e-05
3.739837052162586268e-05
2.113032378262049910e-05
1.425570740842920464e-05
1.222923195049381323e-05
1.239870423909834751e-05
1.461904965898149313e-05
2.006739027260042333e-05
2.950692048281055368e-05
2.428630726097948133e-05
2.145100094765418498e-05
2.733340060748982569e-05
3.066994239805627339e-05
2.603779450430348464e-05
1.480532682480991961e-05
1.074252290965280665e-05
1.012180573797428289e-05
1.145576563110925711e-05
1.726188102555536303e-05
2.215416035607671257e-05
2.771165030103183422e-05
1.810607982024533909e-05
1.047116649202812298e-05
1.114055897839249533e-05
1.120870345470679476e-05
1.381395888700003626e-05
1.795289009011890303e-05
1.570179572579546707e-05
1.059150412957366851e-05
1.079233872259863594e-05
9.419740719490549605e-06
1.029987834501371512e-05
1.106815833737773448e-05
1.278426155349590086e-05
1.060796417912396718e-05
6.434338036414745314e-06
3.533151884523404800e-06
2.571310176605125754e-06
2.117036586370251403e-06
2.432537525684774116e-06
3.080575832577967627e-06
5.576547486639615313e-07
4.708442945511195107e-07
0.000000000000000000e+00
0.000000000000000000e+00
0.000000000000000000e+00
0.000000000000000000e+00
0.000000000000000000e+00
0.000000000000000000e+00
0.000000000000000000e+00
0.000000000000000000e+00
0.000000000000000000e+00
0.000000000000000000e+00
0.000000000000000000e+00
0.000000000000000000e+00
0.000000000000000000e+00
0.000000000000000000e+00
0.000000000000000000e+00
0.000000000000000000e+00
