2.610616733046794121e-04
6.003379821915271614e-04
7.945710143267619915e-04
2.541283836727232614e-04
2.367763368473960975e-04
3.290322612343407897e-04
2.387940561282654920e-04
8.161608902036364378e-05
8.446709973906924723e-05
9.145317096185859545e-05
8.498694092391732879e-05
4.242126817136683954e-05
5.834332907306394420e-05
7.631990271066331228e-05
1.478603356090691919e-05
5.146817019743474118e-05
2.950371740173781315e-05
2.754033815127708437e-05
6.047410925754644138e-05
3.312449067511177825e-05
2.388643510708153718e-05
1.177429139212219909e-05
2.146270663101851905e-05
2.707336829036369373e-05
1.458535738784537345e-05
1.734438232481386923e-05
1.251309579495293693e-05
1.100162146925012089e-05
6.015886274548288075e-06
4.496027734048755050e-06
2.667234834510015479e-06
7.926390913984000296e-06
4.934210574442182268e-06
5.668656890114661725e-06
2.581229278981323312e-06
2.806264898620038775e-06
3.588035760446312154e-06
3.395727083191369770e-06
2.890087496797958435e-06
3.379063184596463489e-06
2.810131973430687284e-06
2.100044234522438867e-06
2.738977849657945506e-06
1.807391022194862565e-06
3.449133807091391958e-06
5.271290535595845231e-06
2.462159184844989981e-06
1.823098806098886937e-06
2.240330935751339878e-06
2.445738891531892945e-06
1.871997743906673807e-06
1.949879603544649785e-06
3.072475784320288198e-06
3.076672635717292550e-06
2.667866539440384888e-06
2.189491508157369051e-06
2.630926287380496351e-06
3.027963827912725675e-06
3.126293559184688405e-06
3.142155775073519012e-06
1.479651934084879814e-06
0.000000000000000000e+00
0.000000000000000000e+00
0.000000000000000000e+00
0.000000000000000000e+00
0.000000000000000000e+00
0.000000000000000000e+00
0.000000000000000000e+00
0.000000000000000000e+00
0.000000000000000000e+00
0.000000000000000000e+00
0.000000000000000000e+00
0.000000000000000000e+00
0.000000000000000000e+00
0.000000000000000000e+00
0.000000000000000000e+00
0.000000000000000000e+00
0.000000000000000000e+00
0.000000000000000000e+00
0.000000000000000000e+00
0.000000000000000000e+00
0.000000000000000000e+00
0.000000000000000000e+00
0.000000000000000000e+00
0.000000000000000000e+00
0.000000000000000000e+00
0.000000000000000000e+00
0.000000000000000000e+00
0.000000000000000000e+00
0.000000000000000000e+00
0.000000000000000000e+00
0.000000000000000000e+00
0.000000000000000000e+00
0.000000000000000000e+00
0.000000000000000000e+00
0.000000000000000000e+00
0.000000000000000000e+00
0.000000000000000000e+00
0.000000000000000000e+00
0.000000000000000000e+00
