1.306137520905091597e-03
1.721921338795664655e-03
2.014389447313437703e-03
1.923416846565366043e-03
9.104476731078397491e-04
9.510445939041584475e-04
1.051739178548588127e-03
7.299743479705648932e-04
4.554000637642782105e-04
6.542701256032395964e-04
2.241855937793102893e-04
4.062730138375986741e-04
2.451943769566275444e-04
2.777776440989521188e-04
1.387675949753214332e-04
2.080101521649181261e-04
1.452070443987157769e-04
1.222477002936628180e-04
3.251956077091273977e-04
1.087274995770964110e-04
1.844103929303344603e-04
1.195321664468573618e-04
8.618416094401840728e-05
7.740932167677238099e-05
8.415374484489488772e-05
1.034025179017180631e-04
3.092421247024300276e-05
7.614607884654279210e-05
4.046372433123012917e-05
2.328077771205421475e-05
2.068888371620845908e-05
2.134528282635407562e-05
4.904293725265200380e-05
3.987286279388149946e-05
4.877229532460363224e-05
2.519850322805746576e-05
3.121757666867823239e-05
1.965179990924013895e-05
2.108893157646857947e-05
2.308195168351998209e-05
2.267325751703704349e-05
1.176557054714742148e-05
1.456828810928945391e-05
1.324105227583150677e-05
1.146710854812398779e-05
2.782031531931378890e-05
1.512122390272650000e-05
6.671343825785600215e-06
5.577517635701325580e-06
5.575431723313212455e-06
3.517625674382457568e-06
2.312795755401194261e-06
2.584112278636971557e-06
2.258054456701801940e-06
1.999321025355680567e-06
3.226389318108317450e-06
2.011486235680360020e-06
2.245527887260960239e-06
2.444363946865967230e-06
2.284848014900233416e-06
1.529633087574410729e-06
1.694065894508600678e-21
1.694065894508600678e-21
1.694065894508600678e-21
1.694065894508600678e-21
1.694065894508600678e-21
1.694065894508600678e-21
1.694065894508600678e-21
1.694065894508600678e-21
1.694065894508600678e-21
1.694065894508600678e-21
1.694065894508600678e-21
1.694065894508600678e-21
1.694065894508600678e-21
1.694065894508600678e-21
1.694065894508600678e-21
1.694065894508600678e-21
1.694065894508600678e-21
1.694065894508600678e-21
1.694065894508600678e-21
1.694065894508600678e-21
1.694065894508600678e-21
1.694065894508600678e-21
1.694065894508600678e-21
1.694065894508600678e-21
1.694065894508600678e-21
1.694065894508600678e-21
1.694065894508600678e-21
1.694065894508600678e-21
1.694065894508600678e-21
1.694065894508600678e-21
1.694065894508600678e-21
1.694065894508600678e-21
1.694065894508600678e-21
1.694065894508600678e-21
1.694065894508600678e-21
1.694065894508600678e-21
1.694065894508600678e-21
1.694065894508600678e-21
1.694065894508600678e-21
