2.313065892747413321e-03
3.271853791841249168e-03
4.421693586030141059e-03
5.847067500960968951e-03
2.809298057979530902e-03
7.494467538852584397e-04
1.204527684215442491e-03
6.095119346980562309e-04
9.223563284019884812e-04
3.849104741383255245e-04
2.245535974252288111e-04
3.315737742238161257e-04
2.864305573926880562e-04
5.291844391403973660e-04
1.578939848598516450e-04
8.752806579218284358e-04
5.399329508479197353e-04
4.548814421619701482e-04
4.354782481095163240e-04
2.131574870212939589e-04
1.814711679844378540e-04
1.489847493386821777e-04
1.194623049074765617e-04
2.187999787864537595e-04
1.757175733398498921e-04
1.166111456642252551e-04
1.138435142012610932e-04
1.673991145927455719e-04
1.038125676557743435e-04
7.406869772488217985e-05
5.481210543951971469e-05
3.772199538429019014e-05
1.685252187080756741e-04
7.926966213421937754e-05
3.689369279101947866e-05
4.789875966895872122e-05
4.632323329355029373e-05
2.966571015603550041e-05
2.656690690153249156e-05
5.412019935092829241e-05
5.726513488107501978e-05
2.579237502834895831e-05
4.516804590022031608e-05
4.839291376570054314e-05
3.689903851324092296e-05
4.329226412469804281e-05
3.139684466964388307e-05
1.947348905840707122e-05
2.530643377450354794e-05
1.401659172317404952e-05
1.239342080183498154e-05
6.381014797552524434e-06
4.541787678981613626e-06
5.002693663148532274e-06
4.547140590771199902e-06
5.855593020859051480e-06
6.222191544843224835e-06
5.466305906968289640e-06
3.214284788481769217e-06
3.269086873667540199e-06
1.054453909126143972e-06
1.694065894508600678e-21
1.694065894508600678e-21
1.694065894508600678e-21
1.694065894508600678e-21
1.694065894508600678e-21
1.694065894508600678e-21
1.694065894508600678e-21
1.694065894508600678e-21
1.694065894508600678e-21
1.694065894508600678e-21
1.694065894508600678e-21
1.694065894508600678e-21
1.694065894508600678e-21
1.694065894508600678e-21
1.694065894508600678e-21
1.694065894508600678e-21
1.694065894508600678e-21
1.694065894508600678e-21
1.694065894508600678e-21
1.694065894508600678e-21
1.694065894508600678e-21
1.694065894508600678e-21
1.694065894508600678e-21
1.694065894508600678e-21
1.694065894508600678e-21
1.694065894508600678e-21
1.694065894508600678e-21
1.694065894508600678e-21
1.694065894508600678e-21
1.694065894508600678e-21
1.694065894508600678e-21
1.694065894508600678e-21
1.694065894508600678e-21
1.694065894508600678e-21
1.694065894508600678e-21
1.694065894508600678e-21
1.694065894508600678e-21
1.694065894508600678e-21
1.694065894508600678e-21
