1.284913449158868893e-03
5.058724209956342796e-04
6.387324351631368984e-04
6.151855768944946038e-04
8.289176570171728504e-05
7.070119034843699033e-05
8.893254304087085116e-05
9.073275252322152325e-05
2.857284145953275915e-05
2.783123549392716939e-05
2.094884044586076688e-05
1.441828374368518918e-05
3.993157361484447410e-05
6.814259747822647625e-06
8.565150673944810900e-06
2.812083697588119903e-05
1.505378318581332111e-05
1.667381966184167672e-05
9.827644805295020246e-06
3.484438225673572146e-06
1.368733350133505118e-05
6.872109311378286847e-06
3.012586168644852934e-06
5.637302532886247695e-06
1.893555401654348691e-06
2.329094395180844460e-06
3.241443455072727711e-06
2.502831017077368157e-06
2.188354939345130987e-06
2.396688922304056568e-06
3.068954095427917015e-06
1.956204987543843001e-06
1.954903560049663565e-06
1.957141793798055127e-06
2.259860179530151385e-06
2.220891742681226774e-06
2.336133961949101917e-06
1.887485995728736802e-06
2.648337484932543612e-06
2.110052896821673782e-06
2.422273799960559940e-06
2.029255068905237508e-06
2.239691340988555904e-06
2.380559214458887071e-06
2.814476609780790810e-06
3.041029489799059026e-06
3.122609442269133411e-06
2.513811822577249433e-06
2.285347388309062325e-06
3.143256842861411308e-06
3.177969934796978270e-06
3.145966823598015494e-06
2.974246527958962153e-06
2.996600133942762267e-06
3.117552026958384591e-06
3.170887545678953687e-06
3.156043226895607149e-06
8.105491859252926741e-07
1.428630611692170755e-07
0.000000000000000000e+00
0.000000000000000000e+00
0.000000000000000000e+00
0.000000000000000000e+00
0.000000000000000000e+00
0.000000000000000000e+00
0.000000000000000000e+00
0.000000000000000000e+00
0.000000000000000000e+00
0.000000000000000000e+00
0.000000000000000000e+00
0.000000000000000000e+00
0.000000000000000000e+00
0.000000000000000000e+00
0.000000000000000000e+00
0.000000000000000000e+00
0.000000000000000000e+00
0.000000000000000000e+00
0.000000000000000000e+00
0.000000000000000000e+00
0.000000000000000000e+00
0.000000000000000000e+00
0.000000000000000000e+00
0.000000000000000000e+00
0.000000000000000000e+00
0.000000000000000000e+00
0.000000000000000000e+00
0.000000000000000000e+00
0.000000000000000000e+00
0.000000000000000000e+00
0.000000000000000000e+00
0.000000000000000000e+00
0.000000000000000000e+00
0.000000000000000000e+00
0.000000000000000000e+00
0.000000000000000000e+00
0.000000000000000000e+00
0.000000000000000000e+00
0.000000000000000000e+00
0.000000000000000000e+00
0.000000000000000000e+00
