3.579905199544954758e-03
1.299644409392446565e-03
1.532821955147815841e-03
2.085408631529697427e-03
3.985980073561812102e-04
3.056620683485435151e-04
8.360804373450711870e-04
4.481935716710432906e-04
1.241554287745606495e-04
1.853542913091550627e-04
1.922676617777233944e-04
3.114887166056963828e-05
1.384184018549456838e-04
1.083245127055277473e-04
1.164406226987747356e-04
1.401166111389967476e-04
6.817163538789822869e-05
1.002014286496253281e-04
4.498490077604246903e-05
3.965466172308201328e-05
5.656948170044485865e-05
8.948164972052075809e-05
2.798699370291116107e-05
1.704149043215743827e-05
1.795828236157776661e-05
1.912600790827169664e-05
2.115773597996639096e-05
1.234503187601217650e-05
6.630869531995609325e-06
9.401850581420489940e-06
9.074737037469596027e-06
1.523257138167740095e-05
1.301471172353717088e-05
7.391248899875803364e-06
7.934777720667218333e-06
3.893799353678128200e-06
6.897377272577540048e-06
3.111659632725220180e-06
1.038114200768402827e-05
7.510483890966444402e-06
3.343269252231450997e-06
7.507911956065470885e-06
5.531265045325731631e-06
2.900213254761389234e-06
3.204251555312711533e-06
2.485843614685722733e-06
2.579875091645201537e-06
2.133236203645840917e-06
2.243023207173885664e-06
3.237105043128147269e-06
3.222612058741289120e-06
2.877103543505514122e-06
2.715581184716560044e-06
2.895241932497646571e-06
3.166841311359924990e-06
3.264123542380861025e-06
3.276716981212070775e-06
1.694065894508600678e-21
1.694065894508600678e-21
1.694065894508600678e-21
1.694065894508600678e-21
1.694065894508600678e-21
1.694065894508600678e-21
1.694065894508600678e-21
1.694065894508600678e-21
1.694065894508600678e-21
1.694065894508600678e-21
1.694065894508600678e-21
1.694065894508600678e-21
1.694065894508600678e-21
1.694065894508600678e-21
1.694065894508600678e-21
1.694065894508600678e-21
1.694065894508600678e-21
1.694065894508600678e-21
1.694065894508600678e-21
1.694065894508600678e-21
1.694065894508600678e-21
1.694065894508600678e-21
1.694065894508600678e-21
1.694065894508600678e-21
1.694065894508600678e-21
1.694065894508600678e-21
1.694065894508600678e-21
1.694065894508600678e-21
1.694065894508600678e-21
1.694065894508600678e-21
1.694065894508600678e-21
1.694065894508600678e-21
1.694065894508600678e-21
1.694065894508600678e-21
1.694065894508600678e-21
1.694065894508600678e-21
1.694065894508600678e-21
1.694065894508600678e-21
1.694065894508600678e-21
1.694065894508600678e-21
1.694065894508600678e-21
1.694065894508600678e-21
1.694065894508600678e-21
