1.986745068808001662e-03
5.812047435303473045e-04
9.420167101835563326e-04
9.214234013810830917e-04
2.424018859594359674e-04
1.457731999633249799e-04
3.657681171757620796e-04
1.010523063397165137e-04
9.590613267026629272e-05
6.554129317125337501e-05
3.412397479807334662e-04
6.588372348063747908e-05
8.957470738127789559e-05
4.024580049394787319e-05
5.088146983853837147e-05
5.900175776433612840e-05
4.726637524080001866e-05
6.424456337286308034e-05
6.598625957236356422e-05
4.153552399952388751e-05
5.588461852145727325e-05
4.364773515814097802e-05
1.629178173056188526e-05
1.281996051771211235e-05
2.159426145642560866e-05
1.549441281073926063e-05
2.271093233903150052e-05
1.459372917181077885e-05
1.104586846733294372e-05
6.386174136352839341e-06
1.241726804232576846e-05
1.917680076904067671e-05
1.208691814737171546e-05
1.023164787983338401e-05
8.366459846252907620e-06
5.395415105878668880e-06
8.709487750056544566e-06
4.622029635045915111e-06
7.544758942746417811e-06
7.056871194283742111e-06
5.343983854150223070e-06
6.163514702048676988e-06
5.674508096176935214e-06
4.385377020387395225e-06
3.237700491755371404e-06
2.280832573359787130e-06
2.215828114159856449e-06
2.269244519918831739e-06
2.273909022115679565e-06
3.050877953244201556e-06
3.247869127429077869e-06
2.773815961605570752e-06
2.648360926888159629e-06
3.074531934949204567e-06
3.210169496397592689e-06
3.113487953303293860e-06
3.257574112732769956e-06
0.000000000000000000e+00
0.000000000000000000e+00
0.000000000000000000e+00
0.000000000000000000e+00
0.000000000000000000e+00
0.000000000000000000e+00
0.000000000000000000e+00
0.000000000000000000e+00
0.000000000000000000e+00
0.000000000000000000e+00
0.000000000000000000e+00
0.000000000000000000e+00
0.000000000000000000e+00
0.000000000000000000e+00
0.000000000000000000e+00
0.000000000000000000e+00
0.000000000000000000e+00
0.000000000000000000e+00
0.000000000000000000e+00
0.000000000000000000e+00
0.000000000000000000e+00
0.000000000000000000e+00
0.000000000000000000e+00
0.000000000000000000e+00
0.000000000000000000e+00
0.000000000000000000e+00
0.000000000000000000e+00
0.000000000000000000e+00
0.000000000000000000e+00
0.000000000000000000e+00
0.000000000000000000e+00
0.000000000000000000e+00
0.000000000000000000e+00
0.000000000000000000e+00
0.000000000000000000e+00
0.000000000000000000e+00
0.000000000000000000e+00
0.000000000000000000e+00
0.000000000000000000e+00
0.000000000000000000e+00
0.000000000000000000e+00
0.000000000000000000e+00
0.000000000000000000e+00
