7.831185418029710729e-03
3.935984391152754294e-03
8.448296466023045778e-03
2.473418724917000357e-03
1.176108457866219693e-03
1.291956167740771280e-03
9.637518566326610690e-04
8.633915881682583749e-04
8.702624899073108013e-04
6.941177737088430420e-04
6.251832829470120329e-04
5.215628140000808186e-04
1.276302624869142316e-03
6.204319302981291771e-04
4.491278024924179606e-04
5.182075990190002221e-04
4.073100182762235538e-04
7.156528607232259809e-04
2.576913197426269572e-04
1.571523761568157675e-04
2.344905426893156451e-04
4.907334795158994597e-04
1.899123533043748854e-04
2.245606496047151848e-04
2.344322930381282082e-04
1.528905472748757620e-04
2.336829315011180238e-04
1.759902775433557030e-04
2.069652074257045775e-04
1.202681016962042001e-04
1.020939769936073940e-04
8.298111032643776133e-05
6.173366203124182523e-05
9.592776531666627352e-05
5.346585057212648897e-05
7.842577304753698992e-05
3.430492299248647257e-05
4.864956995942435082e-05
5.986683030797652726e-05
6.931390904985212259e-05
4.806136947554336044e-05
5.266153471442084244e-05
4.262452786312051402e-05
1.542043222453254040e-05
1.947014816590345070e-05
1.145915347343764457e-05
7.529430873678051503e-06
7.966998920074666395e-06
8.299528419544342098e-06
6.738043258886095264e-06
5.624439898469371010e-06
6.661676937204804711e-06
7.518628009744392629e-06
8.287415149630422326e-06
6.266346853038731493e-06
7.041164457243287081e-06
5.626091139156667589e-06
1.694065894508600678e-21
1.694065894508600678e-21
1.694065894508600678e-21
1.694065894508600678e-21
1.694065894508600678e-21
1.694065894508600678e-21
1.694065894508600678e-21
1.694065894508600678e-21
1.694065894508600678e-21
1.694065894508600678e-21
1.694065894508600678e-21
1.694065894508600678e-21
1.694065894508600678e-21
1.694065894508600678e-21
1.694065894508600678e-21
1.694065894508600678e-21
1.694065894508600678e-21
1.694065894508600678e-21
1.694065894508600678e-21
1.694065894508600678e-21
1.694065894508600678e-21
1.694065894508600678e-21
1.694065894508600678e-21
1.694065894508600678e-21
1.694065894508600678e-21
1.694065894508600678e-21
1.694065894508600678e-21
1.694065894508600678e-21
1.694065894508600678e-21
1.694065894508600678e-21
1.694065894508600678e-21
1.694065894508600678e-21
1.694065894508600678e-21
1.694065894508600678e-21
1.694065894508600678e-21
1.694065894508600678e-21
1.694065894508600678e-21
1.694065894508600678e-21
1.694065894508600678e-21
1.694065894508600678e-21
1.694065894508600678e-21
1.694065894508600678e-21
1.694065894508600678e-21
