1.690517787488391658e-03
2.353100476229182992e-04
2.794094865981973852e-04
4.062855821471125697e-04
1.471463888018448491e-04
6.303653952283834949e-05
4.556549547012495862e-05
3.354784300552852495e-05
6.906613019629157923e-05
6.294646252763235459e-05
3.926904040557423111e-05
2.276904900909887440e-05
2.643699963539400494e-05
2.188042549697291552e-05
5.886264827402264703e-06
3.205844538722902074e-05
2.617343187381685474e-05
8.940913967319728440e-06
4.532608337713096375e-06
6.752769189136035926e-06
6.646239417411669174e-06
1.035956066809450509e-05
8.270279039276277715e-06
4.818428124468844865e-06
7.135456975002890933e-06
3.210700094854179941e-06
2.196082282849914475e-06
3.177680158289270540e-06
2.463311744307098174e-06
1.969543350543146188e-06
2.294136892491803187e-06
1.930461572110907875e-06
1.880377695649942896e-06
2.085223498246788413e-06
1.958488416023444053e-06
1.870579888761585351e-06
1.678181966696390991e-06
1.940876824937577930e-06
2.345314254463092025e-06
1.931241117051246131e-06
1.956641983421750803e-06
2.252344203424493483e-06
2.725205770732777246e-06
3.034066173890103194e-06
2.594190477472118537e-06
2.156040084444452496e-06
3.045562504607155804e-06
3.120786029808561852e-06
2.981754321272685085e-06
2.679522989944412293e-06
2.951114588864750316e-06
3.093146655945933807e-06
3.117614158291525365e-06
3.089264723945521541e-06
3.360404154981916461e-07
1.694065894508600678e-21
1.694065894508600678e-21
1.694065894508600678e-21
1.694065894508600678e-21
1.694065894508600678e-21
1.694065894508600678e-21
1.694065894508600678e-21
1.694065894508600678e-21
1.694065894508600678e-21
1.694065894508600678e-21
1.694065894508600678e-21
1.694065894508600678e-21
1.694065894508600678e-21
1.694065894508600678e-21
1.694065894508600678e-21
1.694065894508600678e-21
1.694065894508600678e-21
1.694065894508600678e-21
1.694065894508600678e-21
1.694065894508600678e-21
1.694065894508600678e-21
1.694065894508600678e-21
1.694065894508600678e-21
1.694065894508600678e-21
1.694065894508600678e-21
1.694065894508600678e-21
1.694065894508600678e-21
1.694065894508600678e-21
1.694065894508600678e-21
1.694065894508600678e-21
1.694065894508600678e-21
1.694065894508600678e-21
1.694065894508600678e-21
1.694065894508600678e-21
1.694065894508600678e-21
1.694065894508600678e-21
1.694065894508600678e-21
1.694065894508600678e-21
1.694065894508600678e-21
1.694065894508600678e-21
1.694065894508600678e-21
1.694065894508600678e-21
1.694065894508600678e-21
1.694065894508600678e-21
1.694065894508600678e-21
