2.059305176397036724e-03
3.611923137557459737e-04
6.013576137462365136e-04
8.207077317736057422e-04
3.028988325568826058e-04
3.534178293241133106e-04
1.903011445299259297e-04
2.613429295643489628e-04
1.527129658295662510e-04
5.707935915464094396e-05
5.043702720784986986e-05
2.891155750076911595e-05
1.760243469712337750e-04
6.819195329114246119e-05
4.332499945504629930e-05
7.113875044064328385e-05
5.826720253410820778e-05
1.947633090052272950e-05
2.509204675567764748e-05
5.852978831007357843e-05
3.081913638261674532e-05
1.941363482680161234e-05
2.130616895158412319e-05
1.208759468429307582e-05
8.082188668644617766e-06
1.149858658002931955e-05
5.195322340595974269e-06
7.133267575564875017e-06
3.651409637477294183e-06
4.504616826953160120e-06
7.414228350663607772e-06
7.350466591044657917e-06
4.979618938350943137e-06
5.257868203924622909e-06
5.959977009378830019e-06
4.316194935593052037e-06
6.954903737638808960e-06
2.564166013125581747e-06
4.097196499505807028e-06
4.926872141182763296e-06
7.723974510476707753e-06
2.308673813443593484e-06
1.888230165285743207e-06
2.457097515934069961e-06
2.174325705998587523e-06
2.128378697587401615e-06
3.004203774789987713e-06
3.098583650281597852e-06
2.652133199242551937e-06
2.210070853344056168e-06
2.730663175088755816e-06
3.103668651926036056e-06
3.151076739169616018e-06
3.062145466453624522e-06
3.022600737585336295e-07
0.000000000000000000e+00
0.000000000000000000e+00
0.000000000000000000e+00
0.000000000000000000e+00
0.000000000000000000e+00
0.000000000000000000e+00
0.000000000000000000e+00
0.000000000000000000e+00
0.000000000000000000e+00
0.000000000000000000e+00
0.000000000000000000e+00
0.000000000000000000e+00
0.000000000000000000e+00
0.000000000000000000e+00
0.000000000000000000e+00
0.000000000000000000e+00
0.000000000000000000e+00
0.000000000000000000e+00
0.000000000000000000e+00
0.000000000000000000e+00
0.000000000000000000e+00
0.000000000000000000e+00
0.000000000000000000e+00
0.000000000000000000e+00
0.000000000000000000e+00
0.000000000000000000e+00
0.000000000000000000e+00
0.000000000000000000e+00
0.000000000000000000e+00
0.000000000000000000e+00
0.000000000000000000e+00
0.000000000000000000e+00
0.000000000000000000e+00
0.000000000000000000e+00
0.000000000000000000e+00
0.000000000000000000e+00
0.000000000000000000e+00
0.000000000000000000e+00
0.000000000000000000e+00
0.000000000000000000e+00
0.000000000000000000e+00
0.000000000000000000e+00
0.000000000000000000e+00
0.000000000000000000e+00
0.000000000000000000e+00
