9.314087234961288680e-03
1.774459919128174327e-03
2.146161500941328078e-03
2.474061483210966954e-03
1.313729353184590757e-03
1.151709192055579666e-03
7.381121272674411298e-04
4.232890752077511924e-04
6.134197951056897602e-04
2.566351692757431742e-04
3.423200633858907360e-04
4.190716248429893339e-04
6.318443609344963786e-04
4.626473251230930027e-04
3.412864852076857142e-04
1.506148836522584668e-04
3.148924410797633642e-04
8.249947630805145574e-05
8.872639785979226184e-05
1.238742627151929163e-04
1.707609811999004888e-04
1.419856010204301915e-04
1.308769718706948547e-04
1.271733425051002739e-04
9.263680567528045006e-05
1.103906647814953873e-04
5.910263136572097318e-05
4.738685937957748628e-05
6.557003252678680330e-05
2.863341932237364290e-05
3.392456015788736928e-05
5.635521722349439864e-05
5.865857641553560937e-05
1.663009115365359330e-05
2.700506117266093068e-05
2.123834928996846865e-05
1.832638501322892690e-05
2.057734067252889294e-05
1.196132422313494890e-05
1.849399197216558687e-05
1.454736062907070698e-05
8.716025161136319965e-06
5.987911939049351622e-06
4.622851796814374192e-06
2.997774841304352511e-06
2.372708607875656889e-06
3.240669029378356004e-06
2.127019614989479246e-06
2.155099227039391025e-06
2.589799821404942155e-06
2.154269634932006474e-06
2.317508764771109434e-06
2.361823332993755490e-06
2.542080569352079312e-06
1.694065894508600678e-21
1.694065894508600678e-21
1.694065894508600678e-21
1.694065894508600678e-21
1.694065894508600678e-21
1.694065894508600678e-21
1.694065894508600678e-21
1.694065894508600678e-21
1.694065894508600678e-21
1.694065894508600678e-21
1.694065894508600678e-21
1.694065894508600678e-21
1.694065894508600678e-21
1.694065894508600678e-21
1.694065894508600678e-21
1.694065894508600678e-21
1.694065894508600678e-21
1.694065894508600678e-21
1.694065894508600678e-21
1.694065894508600678e-21
1.694065894508600678e-21
1.694065894508600678e-21
1.694065894508600678e-21
1.694065894508600678e-21
1.694065894508600678e-21
1.694065894508600678e-21
1.694065894508600678e-21
1.694065894508600678e-21
1.694065894508600678e-21
1.694065894508600678e-21
1.694065894508600678e-21
1.694065894508600678e-21
1.694065894508600678e-21
1.694065894508600678e-21
1.694065894508600678e-21
1.694065894508600678e-21
1.694065894508600678e-21
1.694065894508600678e-21
1.694065894508600678e-21
1.694065894508600678e-21
1.694065894508600678e-21
1.694065894508600678e-21
1.694065894508600678e-21
1.694065894508600678e-21
1.694065894508600678e-21
1.694065894508600678e-21
