4.252303499262266757e-03
8.256076228747990381e-03
3.083420755156745640e-03
2.310683530475789171e-03
1.804277045851080492e-03
1.758803937492784113e-03
1.910583018966301172e-03
1.777342178327011909e-03
1.847613755337247513e-03
1.165394047574292748e-03
2.791550185453359548e-03
1.990343594791865386e-03
3.693386603876774648e-04
5.832970877377827330e-04
1.232339977753850154e-03
7.151406445942309247e-04
8.809367375819681821e-04
1.583832054045177808e-04
2.813617604081780394e-04
6.953500379571804372e-04
2.478788669122841876e-04
3.303057144123217027e-04
2.777011950314707263e-04
2.404673951051421394e-04
1.580851752701698800e-04
1.729738561481312161e-04
1.494004069034254227e-04
8.228156432625951698e-05
9.208507054804397943e-05
1.570125590251168269e-04
8.963108919541123922e-05
8.289172587260855104e-05
1.192085054249153952e-04
7.034820016869026906e-05
5.250179581983608712e-05
5.456074473611641679e-05
6.693568965105921016e-05
4.251681838431507239e-05
4.801141030497100052e-05
5.200674324241478738e-05
6.106615644690992564e-05
5.678159402480558571e-05
5.937097509211669940e-05
4.066330224975480627e-05
3.776950472176055120e-05
3.369606853481310968e-05
3.052428431720904592e-05
3.729291607635691033e-05
3.858816886197755281e-05
4.439967598928312449e-05
3.223918528935343456e-05
2.994203145761312128e-05
4.162396557270733855e-05
4.234585131316812126e-05
3.837225834822120466e-05
3.199957851822670795e-05
2.760367934338986111e-05
2.577664323841545883e-05
2.942264734288556802e-05
3.646763703619046947e-05
3.412474546024072395e-05
3.379346972666374071e-05
2.992213924277806672e-05
2.716365896789586565e-05
1.966732775829032630e-05
2.012034754484856266e-05
1.889862094255864337e-05
2.235698256054714669e-05
1.831793277145291949e-05
1.300237461423693443e-05
9.372046085906676351e-06
1.214780045125243278e-05
1.353247974902637380e-05
1.736240203762755196e-05
1.670769812204690434e-05
1.365110800522923482e-05
8.663080203073542348e-06
6.545598157165128696e-06
4.410368551633690021e-06
2.037294582290423456e-06
2.008473436761586495e-06
2.873410815334919624e-06
2.933650207784289165e-07
0.000000000000000000e+00
0.000000000000000000e+00
0.000000000000000000e+00
0.000000000000000000e+00
0.000000000000000000e+00
0.000000000000000000e+00
0.000000000000000000e+00
0.000000000000000000e+00
0.000000000000000000e+00
0.000000000000000000e+00
0.000000000000000000e+00
0.000000000000000000e+00
0.000000000000000000e+00
0.000000000000000000e+00
0.000000000000000000e+00
0.000000000000000000e+00
0.000000000000000000e+00
