1.018143583169853726e-02
2.313222162899263284e-03
3.531776669317727903e-03
2.540935011419108956e-03
2.433013936661142674e-03
2.471414725252300392e-03
6.734826643907626618e-04
1.054514872374258871e-03
6.027604616624385658e-04
8.836473978433707606e-04
5.796069853168638866e-04
2.721901092624452365e-04
9.330671576433224304e-04
1.336582191858679339e-03
5.841668099553919309e-04
5.126341466027312414e-04
5.707078457853156407e-04
2.293383987644294006e-04
1.268664966060581976e-04
1.628615744489747281e-04
1.227423244804635874e-04
2.658384986816653096e-04
1.336479922392730618e-04
1.554387381498695817e-04
1.547484575550335105e-04
1.061216890317016859e-04
6.939864312048881813e-05
4.520293848123291015e-05
4.473276936382180116e-05
8.085950793404303092e-05
4.718792486444280311e-05
5.087563570613962843e-05
6.224776179172491846e-05
2.594205365880925486e-05
2.838644151218237683e-05
3.824283581379297044e-05
4.570483543624001197e-05
2.314178681308354582e-05
3.479773926148619327e-05
4.457959681454815455e-05
2.310702125816505606e-05
1.417975968518042346e-05
1.531727309583437425e-05
8.560978923941847861e-06
9.565801556472277719e-06
7.961576238308285818e-06
4.394438491734760199e-06
3.359686274820392246e-06
4.141649358528601055e-06
4.344021878477962263e-06
4.810832408066774565e-06
4.770647110443607789e-06
3.228487025900996074e-06
2.559022414629917409e-06
1.694065894508600678e-21
1.694065894508600678e-21
1.694065894508600678e-21
1.694065894508600678e-21
1.694065894508600678e-21
1.694065894508600678e-21
1.694065894508600678e-21
1.694065894508600678e-21
1.694065894508600678e-21
1.694065894508600678e-21
1.694065894508600678e-21
1.694065894508600678e-21
1.694065894508600678e-21
1.694065894508600678e-21
1.694065894508600678e-21
1.694065894508600678e-21
1.694065894508600678e-21
1.694065894508600678e-21
1.694065894508600678e-21
1.694065894508600678e-21
1.694065894508600678e-21
1.694065894508600678e-21
1.694065894508600678e-21
1.694065894508600678e-21
1.694065894508600678e-21
1.694065894508600678e-21
1.694065894508600678e-21
1.694065894508600678e-21
1.694065894508600678e-21
1.694065894508600678e-21
1.694065894508600678e-21
1.694065894508600678e-21
1.694065894508600678e-21
1.694065894508600678e-21
1.694065894508600678e-21
1.694065894508600678e-21
1.694065894508600678e-21
1.694065894508600678e-21
1.694065894508600678e-21
1.694065894508600678e-21
1.694065894508600678e-21
1.694065894508600678e-21
1.694065894508600678e-21
1.694065894508600678e-21
1.694065894508600678e-21
1.694065894508600678e-21
