1.323300146229267104e-03
1.233144844645435879e-04
4.390459114599194160e-04
2.372490406575639631e-04
4.102678143443587856e-04
1.739494756286030287e-04
1.001480437070165392e-04
6.509081902596085061e-05
6.214539471016175380e-05
6.104975271423175554e-05
4.498180086636279835e-05
2.590226177684609401e-05
3.516897955498852731e-05
2.663235712326321100e-05
8.182997021766335628e-06
3.560692265918332641e-05
7.211661912255237105e-06
6.597556524365030115e-06
8.516515580855916508e-06
1.445231613285603962e-05
6.991238298992719108e-06
1.506126409331297549e-05
3.518463573022736653e-06
7.016873371235182686e-06
2.691221703433941137e-06
2.833552168268589477e-06
3.566790505093153782e-06
2.851043236115603934e-06
2.611090796935243321e-06
1.872473102314032079e-06
3.034826278711131986e-06
3.775845403609002686e-06
1.898946036219033682e-06
3.364057397983070723e-06
1.745880152141486354e-06
2.023221410325577773e-06
1.729526253249630314e-06
2.972561416700279339e-06
3.194210911439626335e-06
1.936027186131539044e-06
2.473780382727272358e-06
2.755245701406821853e-06
2.149197891328072564e-06
2.996456048266923630e-06
3.122795447762699474e-06
2.889662311706540907e-06
2.533990818545939996e-06
2.898370695684096166e-06
3.086891014000818076e-06
3.136673423697176108e-06
2.193433925317847596e-06
5.324194840268414484e-07
1.377208916481331151e-07
0.000000000000000000e+00
0.000000000000000000e+00
0.000000000000000000e+00
0.000000000000000000e+00
0.000000000000000000e+00
0.000000000000000000e+00
0.000000000000000000e+00
0.000000000000000000e+00
0.000000000000000000e+00
0.000000000000000000e+00
0.000000000000000000e+00
0.000000000000000000e+00
0.000000000000000000e+00
0.000000000000000000e+00
0.000000000000000000e+00
0.000000000000000000e+00
0.000000000000000000e+00
0.000000000000000000e+00
0.000000000000000000e+00
0.000000000000000000e+00
0.000000000000000000e+00
0.000000000000000000e+00
0.000000000000000000e+00
0.000000000000000000e+00
0.000000000000000000e+00
0.000000000000000000e+00
0.000000000000000000e+00
0.000000000000000000e+00
0.000000000000000000e+00
0.000000000000000000e+00
0.000000000000000000e+00
0.000000000000000000e+00
0.000000000000000000e+00
0.000000000000000000e+00
0.000000000000000000e+00
0.000000000000000000e+00
0.000000000000000000e+00
0.000000000000000000e+00
0.000000000000000000e+00
0.000000000000000000e+00
0.000000000000000000e+00
0.000000000000000000e+00
0.000000000000000000e+00
0.000000000000000000e+00
0.000000000000000000e+00
0.000000000000000000e+00
0.000000000000000000e+00
