6.418654760446156548e-04
8.162725591048279670e-05
1.752840164206521077e-04
1.645209160202317574e-04
2.435429724189930051e-04
1.516005142794989765e-04
5.714875119519710627e-05
6.487157380918439492e-05
5.536079939174624393e-05
4.800187583344438756e-05
2.559011327764865507e-05
2.548303812221122187e-05
3.924575569066379385e-05
1.945993906795548468e-05
1.172246134270764664e-05
4.874914272418058835e-05
1.173383388082179589e-05
1.236085673530629809e-05
9.442699483675720700e-06
8.710425718213337930e-06
1.230900175860271734e-05
1.257991866784633805e-05
3.433811457560884048e-06
9.983151684401386940e-06
3.270146168882038291e-06
4.482138671151129341e-06
3.272097638854004120e-06
1.851184415267300157e-06
2.318967810439513183e-06
1.718586519527998052e-06
2.273227861562659692e-06
3.121464028854482232e-06
1.913223084200843839e-06
1.923629425359780638e-06
2.327649558500905585e-06
1.553916503299093582e-06
1.800337386889100448e-06
2.054385316073797180e-06
1.964053746778761348e-06
1.844697561272396943e-06
2.693102764389151886e-06
2.866972673368940987e-06
2.013212980199712710e-06
3.054252205909665396e-06
3.119343669311466561e-06
2.970442637236865933e-06
2.717479513870172550e-06
2.922013856975718437e-06
3.043455867203697718e-06
3.167591807545358769e-06
2.010978230496959217e-06
0.000000000000000000e+00
0.000000000000000000e+00
0.000000000000000000e+00
0.000000000000000000e+00
0.000000000000000000e+00
0.000000000000000000e+00
0.000000000000000000e+00
0.000000000000000000e+00
0.000000000000000000e+00
0.000000000000000000e+00
0.000000000000000000e+00
0.000000000000000000e+00
0.000000000000000000e+00
0.000000000000000000e+00
0.000000000000000000e+00
0.000000000000000000e+00
0.000000000000000000e+00
0.000000000000000000e+00
0.000000000000000000e+00
0.000000000000000000e+00
0.000000000000000000e+00
0.000000000000000000e+00
0.000000000000000000e+00
0.000000000000000000e+00
0.000000000000000000e+00
0.000000000000000000e+00
0.000000000000000000e+00
0.000000000000000000e+00
0.000000000000000000e+00
0.000000000000000000e+00
0.000000000000000000e+00
0.000000000000000000e+00
0.000000000000000000e+00
0.000000000000000000e+00
0.000000000000000000e+00
0.000000000000000000e+00
0.000000000000000000e+00
0.000000000000000000e+00
0.000000000000000000e+00
0.000000000000000000e+00
0.000000000000000000e+00
0.000000000000000000e+00
0.000000000000000000e+00
0.000000000000000000e+00
0.000000000000000000e+00
0.000000000000000000e+00
0.000000000000000000e+00
0.000000000000000000e+00
0.000000000000000000e+00
