2.251019179656269832e-03
8.204834343517422883e-04
1.823971402510005113e-03
5.619899272575283990e-04
4.530202298231145825e-04
6.402733981267255030e-04
5.219649633778590189e-04
1.293521876700365249e-04
1.636974431374600507e-04
1.632561851449908339e-04
1.323535976122919939e-04
1.481987569104594869e-04
1.313050509675918454e-04
1.024527336377240852e-04
6.210574084494138584e-05
1.255858263409876589e-04
1.121890153806744014e-04
1.132049156800803396e-04
9.275751996116148165e-05
8.599186210537738539e-05
8.275120788710292564e-05
4.838256081999454136e-05
2.049447929275619363e-05
2.676242378326295648e-05
1.697277734031479377e-05
1.380306991487135545e-05
2.577251781172640240e-05
2.502389904323694248e-05
1.804993971599334681e-05
1.936987000806936128e-05
2.274625407923740151e-05
1.784242314011709820e-05
1.527370463860714821e-05
2.155767964317644144e-05
1.383338394315896804e-05
9.648267197428711254e-06
8.977354000089264369e-06
8.929324787112627028e-06
6.491846415941633569e-06
3.665292726095192060e-06
2.098098564298144751e-06
2.074955985418888643e-06
1.546181341351167458e-06
1.682190792449335538e-06
2.186581266713287685e-06
2.390299674013893132e-06
2.279050496403408244e-06
1.726871151008252216e-06
2.437158426007756600e-06
2.384128087896298181e-06
2.332431409664990543e-06
2.034477758403425657e-07
0.000000000000000000e+00
0.000000000000000000e+00
0.000000000000000000e+00
0.000000000000000000e+00
0.000000000000000000e+00
0.000000000000000000e+00
0.000000000000000000e+00
0.000000000000000000e+00
0.000000000000000000e+00
0.000000000000000000e+00
0.000000000000000000e+00
0.000000000000000000e+00
0.000000000000000000e+00
0.000000000000000000e+00
0.000000000000000000e+00
0.000000000000000000e+00
0.000000000000000000e+00
0.000000000000000000e+00
0.000000000000000000e+00
0.000000000000000000e+00
0.000000000000000000e+00
0.000000000000000000e+00
0.000000000000000000e+00
0.000000000000000000e+00
0.000000000000000000e+00
0.000000000000000000e+00
0.000000000000000000e+00
0.000000000000000000e+00
0.000000000000000000e+00
0.000000000000000000e+00
0.000000000000000000e+00
0.000000000000000000e+00
0.000000000000000000e+00
0.000000000000000000e+00
0.000000000000000000e+00
0.000000000000000000e+00
0.000000000000000000e+00
0.000000000000000000e+00
0.000000000000000000e+00
0.000000000000000000e+00
0.000000000000000000e+00
0.000000000000000000e+00
0.000000000000000000e+00
0.000000000000000000e+00
0.000000000000000000e+00
0.000000000000000000e+00
0.000000000000000000e+00
0.000000000000000000e+00
