5.972019957128448832e-03
1.885789623393121974e-03
4.968653425968308328e-03
7.600813149338737224e-03
1.703934224086472733e-03
2.522077830255565860e-03
1.480423552457693116e-03
6.073013401319955719e-04
1.001668430564561047e-03
5.281103045572286495e-04
5.246743922984395403e-04
6.280030955770185466e-04
8.323260826242698251e-04
9.574830063109021801e-04
5.160016318981953173e-04
3.644541815921626435e-04
3.146129198569963753e-04
1.993163755968736447e-04
3.517806885140364707e-04
1.932778203025970073e-04
1.704903805721354128e-04
1.362649602938207076e-04
9.966479723129031520e-05
1.279540522282358980e-04
9.618538748851672502e-05
6.509070152604016872e-05
6.370634048796894496e-05
5.833983609157161233e-05
3.150019099647900171e-05
8.267711880950260890e-05
6.972258807868789989e-05
3.938815505775084219e-05
4.663005863882446739e-05
3.231928982050671863e-05
2.892755369721137441e-05
3.147499720166932002e-05
2.678992702101180384e-05
2.669126558622835250e-05
1.840095633051419587e-05
7.863767510189323808e-06
9.444909714291804825e-06
5.918575156278392254e-06
6.687932760133257969e-06
3.989792400255077902e-06
3.795484093081163671e-06
4.319957227394570914e-06
7.169604126768189290e-06
4.265439253541499528e-06
2.801840664160340929e-06
3.070626508362028975e-06
2.180436147862624555e-06
0.000000000000000000e+00
0.000000000000000000e+00
0.000000000000000000e+00
0.000000000000000000e+00
0.000000000000000000e+00
0.000000000000000000e+00
0.000000000000000000e+00
0.000000000000000000e+00
0.000000000000000000e+00
0.000000000000000000e+00
0.000000000000000000e+00
0.000000000000000000e+00
0.000000000000000000e+00
0.000000000000000000e+00
0.000000000000000000e+00
0.000000000000000000e+00
0.000000000000000000e+00
0.000000000000000000e+00
0.000000000000000000e+00
0.000000000000000000e+00
0.000000000000000000e+00
0.000000000000000000e+00
0.000000000000000000e+00
0.000000000000000000e+00
0.000000000000000000e+00
0.000000000000000000e+00
0.000000000000000000e+00
0.000000000000000000e+00
0.000000000000000000e+00
0.000000000000000000e+00
0.000000000000000000e+00
0.000000000000000000e+00
0.000000000000000000e+00
0.000000000000000000e+00
0.000000000000000000e+00
0.000000000000000000e+00
0.000000000000000000e+00
0.000000000000000000e+00
0.000000000000000000e+00
0.000000000000000000e+00
0.000000000000000000e+00
0.000000000000000000e+00
0.000000000000000000e+00
0.000000000000000000e+00
0.000000000000000000e+00
0.000000000000000000e+00
0.000000000000000000e+00
0.000000000000000000e+00
0.000000000000000000e+00
