5.830154715771782275e-04
1.193456466356720676e-04
3.280513604428980700e-04
1.936322911766456530e-04
4.294276823849775646e-05
4.956523590198109276e-05
2.973807600104135936e-05
5.162685360334198515e-05
3.794420110481205112e-05
1.199166723908022181e-05
1.087263580408640557e-05
7.117336518873018369e-06
8.162136093362754266e-06
1.431076500603207180e-05
9.205619132122237815e-06
1.007817856415533492e-05
2.430684333629200319e-06
6.158159218140924098e-06
2.138985739905989636e-06
2.436276468124709985e-06
1.844080347052592297e-06
1.623023027572595708e-06
1.866480231960243784e-06
2.290787984639825163e-06
1.988590902068630988e-06
2.259897300871982415e-06
2.564405773271740919e-06
2.574471644330764809e-06
2.397105488564858208e-06
2.465142196967488320e-06
2.413405552098558498e-06
2.396175052569713253e-06
2.355428732950707208e-06
2.458196676569666332e-06
2.599560101055518842e-06
2.580846320266897776e-06
2.712895638963432168e-06
2.934258913965682297e-06
3.048469747477726333e-06
2.873668762975751553e-06
2.301278288875374995e-06
3.025096808691574361e-06
3.140455100146143264e-06
2.994157206436724306e-06
2.939591091509983464e-06
3.066596240813476377e-06
3.035344558021355856e-06
3.169234084919564010e-06
4.703521185801677328e-07
1.694065894508600678e-21
1.694065894508600678e-21
1.694065894508600678e-21
1.694065894508600678e-21
1.694065894508600678e-21
1.694065894508600678e-21
1.694065894508600678e-21
1.694065894508600678e-21
1.694065894508600678e-21
1.694065894508600678e-21
1.694065894508600678e-21
1.694065894508600678e-21
1.694065894508600678e-21
1.694065894508600678e-21
1.694065894508600678e-21
1.694065894508600678e-21
1.694065894508600678e-21
1.694065894508600678e-21
1.694065894508600678e-21
1.694065894508600678e-21
1.694065894508600678e-21
1.694065894508600678e-21
1.694065894508600678e-21
1.694065894508600678e-21
1.694065894508600678e-21
1.694065894508600678e-21
1.694065894508600678e-21
1.694065894508600678e-21
1.694065894508600678e-21
1.694065894508600678e-21
1.694065894508600678e-21
1.694065894508600678e-21
1.694065894508600678e-21
1.694065894508600678e-21
1.694065894508600678e-21
1.694065894508600678e-21
1.694065894508600678e-21
1.694065894508600678e-21
1.694065894508600678e-21
1.694065894508600678e-21
1.694065894508600678e-21
1.694065894508600678e-21
1.694065894508600678e-21
1.694065894508600678e-21
1.694065894508600678e-21
1.694065894508600678e-21
1.694065894508600678e-21
1.694065894508600678e-21
1.694065894508600678e-21
1.694065894508600678e-21
1.694065894508600678e-21
