6.897135220650039674e-04
4.672364967344146114e-04
3.847511261846291684e-04
8.735204301520479043e-04
1.739618474524370927e-04
7.029182847092056415e-05
1.156899348755225461e-04
1.181379565948149679e-04
5.181912945152098809e-05
7.443887905819560091e-05
5.963179129222901894e-05
5.395556881300013382e-05
6.017361095494399268e-05
4.453242301597831125e-05
2.326345802630108136e-05
4.912229875122671430e-05
2.116461445778350210e-05
1.580139229598735129e-05
2.665714404203920366e-05
2.077645709051216105e-05
1.563947892234379661e-05
2.508314441918746863e-05
1.031999899890794928e-05
7.635670182524832678e-06
6.358780926546757707e-06
7.757919152726472096e-06
6.359971510721097232e-06
2.934693019749458374e-06
5.497380986879009645e-06
3.157142746479065392e-06
2.233576944714934240e-06
2.352374636078557246e-06
4.362797822333351416e-06
2.608192071663832432e-06
2.751084347463482328e-06
5.877723547508469261e-06
3.900499282228363374e-06
2.166027211191110771e-06
1.627751068004851021e-06
2.663963702302175267e-06
2.057143394252418187e-06
2.950588777917783508e-06
3.042139642966238515e-06
2.757541437008735589e-06
2.772520369441283217e-06
2.917420923307098989e-06
2.950142707887729861e-06
3.083103998465350653e-06
6.234309549780063541e-07
3.630511828993347549e-07
3.192285698959210197e-07
1.496401090824479970e-07
1.996708388408023678e-07
1.453860751663748829e-07
1.453833453641059861e-07
1.694065894508600678e-21
1.694065894508600678e-21
1.694065894508600678e-21
1.694065894508600678e-21
1.694065894508600678e-21
1.694065894508600678e-21
1.694065894508600678e-21
1.694065894508600678e-21
1.694065894508600678e-21
1.694065894508600678e-21
1.694065894508600678e-21
1.694065894508600678e-21
1.694065894508600678e-21
1.694065894508600678e-21
1.694065894508600678e-21
1.694065894508600678e-21
1.694065894508600678e-21
1.694065894508600678e-21
1.694065894508600678e-21
1.694065894508600678e-21
1.694065894508600678e-21
1.694065894508600678e-21
1.694065894508600678e-21
1.694065894508600678e-21
1.694065894508600678e-21
1.694065894508600678e-21
1.694065894508600678e-21
1.694065894508600678e-21
1.694065894508600678e-21
1.694065894508600678e-21
1.694065894508600678e-21
1.694065894508600678e-21
1.694065894508600678e-21
1.694065894508600678e-21
1.694065894508600678e-21
1.694065894508600678e-21
1.694065894508600678e-21
1.694065894508600678e-21
1.694065894508600678e-21
1.694065894508600678e-21
1.694065894508600678e-21
1.694065894508600678e-21
1.694065894508600678e-21
1.694065894508600678e-21
1.694065894508600678e-21
