4.114921265042079113e-03
7.534835347734025312e-04
2.237363988389348256e-03
1.303526267027876537e-03
4.898150495927081939e-04
4.932013727167664906e-04
1.387662275339226581e-04
5.142689867737427036e-04
2.200400345803149983e-04
1.138861119960786846e-04
2.158114468917718496e-04
1.343884559277557422e-04
3.942080498594645972e-04
1.715080997044517110e-04
1.799270329287999595e-04
5.844944283042466881e-05
6.037854432167063986e-05
7.430608528964111612e-05
7.396647350796866391e-05
1.288041972126705058e-04
1.583765623249179966e-04
4.793479163337889071e-05
4.151262821199580197e-05
2.338665793849238676e-05
2.207428077030003776e-05
4.520997401305821705e-05
2.322669911961043694e-05
2.968529756141978374e-05
3.768032694157838892e-05
2.174564240424158723e-05
2.511796696065026667e-05
3.538181085225059700e-05
1.447885073873644370e-05
2.088562298557699231e-05
1.236140414182661651e-05
1.201703594501938831e-05
1.154109342977392735e-05
4.208087581222723234e-06
4.896173863518801300e-06
3.962526694569823864e-06
2.996760242664999035e-06
1.964731156339772393e-06
2.284891470334480294e-06
2.686686081978817143e-06
2.925267039151404328e-06
2.534981056865815663e-06
2.365990178844221681e-06
2.367461073333255716e-06
0.000000000000000000e+00
0.000000000000000000e+00
0.000000000000000000e+00
0.000000000000000000e+00
0.000000000000000000e+00
0.000000000000000000e+00
0.000000000000000000e+00
0.000000000000000000e+00
0.000000000000000000e+00
0.000000000000000000e+00
0.000000000000000000e+00
0.000000000000000000e+00
0.000000000000000000e+00
0.000000000000000000e+00
0.000000000000000000e+00
0.000000000000000000e+00
0.000000000000000000e+00
0.000000000000000000e+00
0.000000000000000000e+00
0.000000000000000000e+00
0.000000000000000000e+00
0.000000000000000000e+00
0.000000000000000000e+00
0.000000000000000000e+00
0.000000000000000000e+00
0.000000000000000000e+00
0.000000000000000000e+00
0.000000000000000000e+00
0.000000000000000000e+00
0.000000000000000000e+00
0.000000000000000000e+00
0.000000000000000000e+00
0.000000000000000000e+00
0.000000000000000000e+00
0.000000000000000000e+00
0.000000000000000000e+00
0.000000000000000000e+00
0.000000000000000000e+00
0.000000000000000000e+00
0.000000000000000000e+00
0.000000000000000000e+00
0.000000000000000000e+00
0.000000000000000000e+00
0.000000000000000000e+00
0.000000000000000000e+00
0.000000000000000000e+00
0.000000000000000000e+00
0.000000000000000000e+00
0.000000000000000000e+00
0.000000000000000000e+00
0.000000000000000000e+00
0.000000000000000000e+00
