4.371211018749720373e-03
1.256968297887113648e-03
2.700358122076852892e-03
1.475120007722826188e-03
4.639689179151839532e-04
5.836405487471942391e-04
6.433720226296979396e-04
7.504219283200801258e-04
5.092569522144587899e-04
3.300298650151654205e-04
4.856646495798932020e-04
4.214235032613237618e-04
8.637001528782922884e-04
5.419930596079067719e-04
3.589185988989849921e-04
1.659011035157068395e-04
1.502153290380752262e-04
4.327160056673651049e-04
2.729399147120240444e-04
7.699718813014506990e-05
2.401879081914295273e-04
9.557014217061738227e-05
2.004349236985619059e-04
6.135748288564535824e-05
4.499554393095452954e-05
5.776527411994535706e-05
6.386888599787572543e-05
1.546637871489427672e-04
7.806262389130766085e-05
4.986038584787985840e-05
4.639355770177716262e-05
3.547953877504042748e-05
3.679646300131880787e-05
8.071952827850447558e-05
2.833586330309595402e-05
7.980714287866211146e-05
6.035269962346862931e-05
2.364022024965683119e-05
2.300034763134537464e-05
1.236344737541678561e-05
7.421087228517132062e-06
4.597745919612016310e-06
1.954250302043879274e-06
8.910776562583315789e-06
8.005050129722259550e-06
4.617346404010062767e-06
1.907518257426534453e-06
2.216612513168368185e-06
1.475000167901589952e-07
0.000000000000000000e+00
0.000000000000000000e+00
0.000000000000000000e+00
0.000000000000000000e+00
0.000000000000000000e+00
0.000000000000000000e+00
0.000000000000000000e+00
0.000000000000000000e+00
0.000000000000000000e+00
0.000000000000000000e+00
0.000000000000000000e+00
0.000000000000000000e+00
0.000000000000000000e+00
0.000000000000000000e+00
0.000000000000000000e+00
0.000000000000000000e+00
0.000000000000000000e+00
0.000000000000000000e+00
0.000000000000000000e+00
0.000000000000000000e+00
0.000000000000000000e+00
0.000000000000000000e+00
0.000000000000000000e+00
0.000000000000000000e+00
0.000000000000000000e+00
0.000000000000000000e+00
0.000000000000000000e+00
0.000000000000000000e+00
0.000000000000000000e+00
0.000000000000000000e+00
0.000000000000000000e+00
0.000000000000000000e+00
0.000000000000000000e+00
0.000000000000000000e+00
0.000000000000000000e+00
0.000000000000000000e+00
0.000000000000000000e+00
0.000000000000000000e+00
0.000000000000000000e+00
0.000000000000000000e+00
0.000000000000000000e+00
0.000000000000000000e+00
0.000000000000000000e+00
0.000000000000000000e+00
0.000000000000000000e+00
0.000000000000000000e+00
0.000000000000000000e+00
0.000000000000000000e+00
0.000000000000000000e+00
0.000000000000000000e+00
0.000000000000000000e+00
