1.022087665998247736e-03
3.523110166021683792e-04
1.887374468816040607e-04
1.167724964727913308e-04
6.418754488639411633e-05
7.635123677661021489e-05
5.366572593920468587e-05
5.646519439854002630e-05
3.837122034550458083e-05
3.836223125060962713e-05
1.728852456867543499e-05
1.602423129790962546e-05
2.342872930375285297e-05
1.646445009757629602e-05
1.295043725302990032e-05
7.329535898058976649e-06
8.198243031342382204e-06
1.106621113715892465e-05
5.619098084220178117e-06
6.976567214728126582e-06
5.507512858746999256e-06
1.814251607715787775e-06
1.839322817620225459e-06
2.536310726264359318e-06
4.442820976500515066e-06
2.042801636187950000e-06
2.107142243748621845e-06
2.128573326724595026e-06
1.837701742595754023e-06
2.082177299266831972e-06
2.288058974859102531e-06
1.960892945284813419e-06
2.091166753943880978e-06
2.107628708031800058e-06
1.880389807192342766e-06
1.914671082266045411e-06
2.810532392431369531e-06
2.466220617822046248e-06
2.265852272202337814e-06
3.087705678606292364e-06
3.011472268449849538e-06
2.804176765607068168e-06
2.925742091968728825e-06
3.109636297837240087e-06
3.128925327304474771e-06
1.376523056190266538e-06
0.000000000000000000e+00
0.000000000000000000e+00
0.000000000000000000e+00
0.000000000000000000e+00
0.000000000000000000e+00
0.000000000000000000e+00
0.000000000000000000e+00
0.000000000000000000e+00
0.000000000000000000e+00
0.000000000000000000e+00
0.000000000000000000e+00
0.000000000000000000e+00
0.000000000000000000e+00
0.000000000000000000e+00
0.000000000000000000e+00
0.000000000000000000e+00
0.000000000000000000e+00
0.000000000000000000e+00
0.000000000000000000e+00
0.000000000000000000e+00
0.000000000000000000e+00
0.000000000000000000e+00
0.000000000000000000e+00
0.000000000000000000e+00
0.000000000000000000e+00
0.000000000000000000e+00
0.000000000000000000e+00
0.000000000000000000e+00
0.000000000000000000e+00
0.000000000000000000e+00
0.000000000000000000e+00
0.000000000000000000e+00
0.000000000000000000e+00
0.000000000000000000e+00
0.000000000000000000e+00
0.000000000000000000e+00
0.000000000000000000e+00
0.000000000000000000e+00
0.000000000000000000e+00
0.000000000000000000e+00
0.000000000000000000e+00
0.000000000000000000e+00
0.000000000000000000e+00
0.000000000000000000e+00
0.000000000000000000e+00
0.000000000000000000e+00
0.000000000000000000e+00
0.000000000000000000e+00
0.000000000000000000e+00
0.000000000000000000e+00
0.000000000000000000e+00
0.000000000000000000e+00
0.000000000000000000e+00
0.000000000000000000e+00
