3.288673119861016281e-03
1.512006374075374176e-03
9.132978583213360781e-04
5.903685979486960602e-04
3.517672204524947008e-04
5.883758101370054983e-05
4.781718310015843848e-04
2.273230593650507224e-04
5.621392222286051123e-04
4.807732680692413242e-04
1.024047940284652700e-04
9.948494089558660672e-05
1.558279025494129573e-04
1.135963323888632202e-04
9.079096578744440596e-05
1.400054331123313579e-04
2.313738564216882550e-05
1.807211385943983682e-05
4.190146281989196649e-05
3.484239548029281086e-05
1.412133865853245683e-05
7.100859107456048530e-06
5.882366668168082255e-06
8.993498341251887450e-06
1.120455933666237651e-05
1.142423183993685890e-05
8.183021941746824836e-06
6.730136961910383262e-06
6.438037016049517167e-06
2.952565749630846488e-06
5.997857622644513727e-06
5.007635739641116982e-06
5.102143431890197247e-06
4.483156905701962852e-06
5.471788311391908080e-06
2.915053184262400063e-06
4.507423051445834211e-06
6.830268302013233259e-06
5.977905546184290204e-06
5.004750343896613066e-06
4.200989119056912263e-06
2.592366533447852142e-06
3.475107872143612905e-06
3.666848750391164269e-06
3.500860417450849486e-06
4.532507752553878627e-06
5.288058916866064795e-06
3.927201242971321817e-06
2.220345104427876444e-06
2.485108709229170983e-06
2.460318521173029911e-06
2.605753386358423471e-06
2.818762718557226219e-06
2.038669326738747799e-06
2.282464938372557526e-06
1.961002817487988279e-06
1.914306643773677451e-06
2.625932548351255710e-06
2.794641977908580916e-06
2.072445258716002783e-06
2.113822683089174573e-06
1.939780100853850572e-06
1.727373732342345916e-06
2.053879243628689584e-06
1.719512469893132536e-06
1.690701731263807986e-06
1.753622213790654894e-06
2.050843776224574585e-06
2.052529500064804488e-06
2.004141287487022300e-06
2.161362446771462472e-06
2.245169272915345347e-06
2.592349643948410851e-06
2.983571163968393510e-06
3.055111194886773968e-06
1.423906027117612203e-06
3.303804476152251275e-07
3.308035882625193495e-07
2.210765416032666763e-07
1.694065894508600678e-21
1.694065894508600678e-21
1.694065894508600678e-21
1.694065894508600678e-21
1.694065894508600678e-21
1.694065894508600678e-21
1.694065894508600678e-21
1.694065894508600678e-21
1.694065894508600678e-21
1.694065894508600678e-21
1.694065894508600678e-21
1.694065894508600678e-21
1.694065894508600678e-21
1.694065894508600678e-21
1.694065894508600678e-21
1.694065894508600678e-21
1.694065894508600678e-21
1.694065894508600678e-21
1.694065894508600678e-21
1.694065894508600678e-21
1.694065894508600678e-21
