1.376537334745598588e-03
6.699833164599207401e-04
9.104697896539499895e-04
1.814577561908991177e-04
3.417671024672991136e-04
2.632763160853683333e-04
1.816703635923169399e-04
7.301423418418785921e-05
9.103499845239851449e-05
3.594952620516518620e-05
5.093187139080703602e-05
4.455168096480672672e-05
1.041548125871275286e-04
8.190096504525679923e-05
4.392629997016615100e-05
2.952520557493849718e-05
6.283987195783479265e-05
3.759038169544039561e-05
1.746878741686957125e-05
2.527074646594870531e-05
1.194766050506401808e-05
1.737169786201800382e-05
9.953229460726425179e-06
5.529866908000769965e-06
8.525131694960421758e-06
7.803289978382746411e-06
5.719702774209823358e-06
4.599468272330659497e-06
4.851529191650770077e-06
3.149137999845175339e-06
6.657150798923113454e-06
2.297151064176582382e-06
3.289846639608280748e-06
4.940727580439987526e-06
4.748660536657918387e-06
1.695296450229123398e-06
2.616418747868834285e-06
2.045289978643092817e-06
2.079907070940776843e-06
2.983869219809943250e-06
2.937832745754709898e-06
2.556161431411847473e-06
2.846665747663893562e-06
3.120277993382402035e-06
3.180125977080935639e-06
1.630149406308214099e-07
1.694065894508600678e-21
1.694065894508600678e-21
1.694065894508600678e-21
1.694065894508600678e-21
1.694065894508600678e-21
1.694065894508600678e-21
1.694065894508600678e-21
1.694065894508600678e-21
1.694065894508600678e-21
1.694065894508600678e-21
1.694065894508600678e-21
1.694065894508600678e-21
1.694065894508600678e-21
1.694065894508600678e-21
1.694065894508600678e-21
1.694065894508600678e-21
1.694065894508600678e-21
1.694065894508600678e-21
1.694065894508600678e-21
1.694065894508600678e-21
1.694065894508600678e-21
1.694065894508600678e-21
1.694065894508600678e-21
1.694065894508600678e-21
1.694065894508600678e-21
1.694065894508600678e-21
1.694065894508600678e-21
1.694065894508600678e-21
1.694065894508600678e-21
1.694065894508600678e-21
1.694065894508600678e-21
1.694065894508600678e-21
1.694065894508600678e-21
1.694065894508600678e-21
1.694065894508600678e-21
1.694065894508600678e-21
1.694065894508600678e-21
1.694065894508600678e-21
1.694065894508600678e-21
1.694065894508600678e-21
1.694065894508600678e-21
1.694065894508600678e-21
1.694065894508600678e-21
1.694065894508600678e-21
1.694065894508600678e-21
1.694065894508600678e-21
1.694065894508600678e-21
1.694065894508600678e-21
1.694065894508600678e-21
1.694065894508600678e-21
1.694065894508600678e-21
1.694065894508600678e-21
1.694065894508600678e-21
1.694065894508600678e-21
