5.243364554878590482e-03
1.854314877254249197e-03
2.521526924968618254e-03
7.254583979827952710e-04
3.924748845179195440e-04
9.713705651419276589e-04
1.772180553938025105e-04
2.261201785542354807e-04
3.194728159988888543e-04
1.561555936403949234e-04
2.261282338572830400e-04
1.966587581614164329e-04
3.191979521649509566e-04
2.805171697492038268e-04
9.107743399392312421e-05
9.306510023392104811e-05
1.013685357420299584e-04
1.136134079107913242e-04
9.243782135877916370e-05
1.320060875028228277e-04
1.277392142889629623e-04
3.559107590584021920e-05
4.169487097483140552e-05
4.335302959589201771e-05
4.947429126477452061e-05
3.867949040610196468e-05
4.130805676443785460e-05
1.854808986920071368e-05
3.263806860967464487e-05
2.099253938068023807e-05
1.993661040030587575e-05
1.693605689112148818e-05
9.506088748032145511e-06
1.445769686640232534e-05
1.712942382349569932e-05
1.248058734130439073e-05
4.444956596860180063e-06
4.214634611646949086e-06
3.928640784915394956e-06
2.448986944477083519e-06
2.080834837493081280e-06
2.921087752699960405e-06
2.057682914360380619e-06
2.504570779502574406e-06
2.410156694272588810e-06
0.000000000000000000e+00
0.000000000000000000e+00
0.000000000000000000e+00
0.000000000000000000e+00
0.000000000000000000e+00
0.000000000000000000e+00
0.000000000000000000e+00
0.000000000000000000e+00
0.000000000000000000e+00
0.000000000000000000e+00
0.000000000000000000e+00
0.000000000000000000e+00
0.000000000000000000e+00
0.000000000000000000e+00
0.000000000000000000e+00
0.000000000000000000e+00
0.000000000000000000e+00
0.000000000000000000e+00
0.000000000000000000e+00
0.000000000000000000e+00
0.000000000000000000e+00
0.000000000000000000e+00
0.000000000000000000e+00
0.000000000000000000e+00
0.000000000000000000e+00
0.000000000000000000e+00
0.000000000000000000e+00
0.000000000000000000e+00
0.000000000000000000e+00
0.000000000000000000e+00
0.000000000000000000e+00
0.000000000000000000e+00
0.000000000000000000e+00
0.000000000000000000e+00
0.000000000000000000e+00
0.000000000000000000e+00
0.000000000000000000e+00
0.000000000000000000e+00
0.000000000000000000e+00
0.000000000000000000e+00
0.000000000000000000e+00
0.000000000000000000e+00
0.000000000000000000e+00
0.000000000000000000e+00
0.000000000000000000e+00
0.000000000000000000e+00
0.000000000000000000e+00
0.000000000000000000e+00
0.000000000000000000e+00
0.000000000000000000e+00
0.000000000000000000e+00
0.000000000000000000e+00
0.000000000000000000e+00
0.000000000000000000e+00
0.000000000000000000e+00
