2.974301056768242392e-03
1.711343312925445474e-03
1.568780485677217932e-03
4.137573065506623530e-04
7.641156952151180026e-04
4.162635731774076589e-04
5.638039564205846394e-04
2.327302576065976773e-04
4.024564085900318006e-04
1.730885077693048270e-04
2.163976494726768467e-04
6.041836610683431856e-04
5.893861952808675513e-04
6.203160271433291306e-04
1.356360805495275383e-04
1.270456679194255790e-04
3.161557702944519602e-04
1.080133640722407361e-04
1.354748241799342721e-04
1.160782008192205961e-04
1.165223670923053450e-04
6.842940262801968819e-05
6.457104121078275413e-05
8.295612593294951693e-05
5.561637267661429071e-05
1.177707818025676905e-04
5.872436953255508413e-05
8.420625790196539491e-05
4.824577096573214247e-05
2.710538101069472717e-05
2.859104494182324383e-05
2.565960067024204054e-05
2.399058647981311106e-05
2.754916043196074601e-05
1.391157083059546182e-05
2.219982081577620686e-05
1.169422829490086711e-05
5.096589809817842737e-06
3.993362489868902857e-06
3.079254104438626542e-06
2.921249477178782706e-06
7.541254238964831012e-06
3.444983877960345531e-06
2.603349918100120296e-06
3.071338973124606546e-06
0.000000000000000000e+00
0.000000000000000000e+00
0.000000000000000000e+00
0.000000000000000000e+00
0.000000000000000000e+00
0.000000000000000000e+00
0.000000000000000000e+00
0.000000000000000000e+00
0.000000000000000000e+00
0.000000000000000000e+00
0.000000000000000000e+00
0.000000000000000000e+00
0.000000000000000000e+00
0.000000000000000000e+00
0.000000000000000000e+00
0.000000000000000000e+00
0.000000000000000000e+00
0.000000000000000000e+00
0.000000000000000000e+00
0.000000000000000000e+00
0.000000000000000000e+00
0.000000000000000000e+00
0.000000000000000000e+00
0.000000000000000000e+00
0.000000000000000000e+00
0.000000000000000000e+00
0.000000000000000000e+00
0.000000000000000000e+00
0.000000000000000000e+00
0.000000000000000000e+00
0.000000000000000000e+00
0.000000000000000000e+00
0.000000000000000000e+00
0.000000000000000000e+00
0.000000000000000000e+00
0.000000000000000000e+00
0.000000000000000000e+00
0.000000000000000000e+00
0.000000000000000000e+00
0.000000000000000000e+00
0.000000000000000000e+00
0.000000000000000000e+00
0.000000000000000000e+00
0.000000000000000000e+00
0.000000000000000000e+00
0.000000000000000000e+00
0.000000000000000000e+00
0.000000000000000000e+00
0.000000000000000000e+00
0.000000000000000000e+00
0.000000000000000000e+00
0.000000000000000000e+00
0.000000000000000000e+00
0.000000000000000000e+00
0.000000000000000000e+00
