3.486629553106736397e-03
1.552561569312639611e-03
1.746250235289613503e-03
8.931787450738995016e-04
5.743707549509158468e-04
2.176403603526527839e-04
2.507420861156834649e-04
2.150848161662305359e-04
2.593730803551995231e-05
4.665277622626382101e-05
6.462006667414609104e-05
9.471385692007583152e-05
7.636108388148747260e-05
2.927611631207247027e-05
2.751078407062107771e-05
3.406882699628434633e-05
3.132473291978284119e-05
2.512990580667923894e-05
1.481711291988864169e-05
1.778527723666514004e-05
9.916351302540154814e-06
3.280202281438113042e-06
1.901499667971111844e-05
1.330782372791354460e-05
5.945567338503432530e-06
3.384773061347564915e-06
4.349443310663213250e-06
5.875807674902573980e-06
5.492672700163937737e-06
4.419613669300388730e-06
4.394695861460072463e-06
4.955783699876895413e-06
4.911210740166624172e-06
1.607143160047936670e-06
2.137811005618692025e-06
1.742353979618536561e-06
2.824589635011206050e-06
3.012748421850844349e-06
2.491985130565025270e-06
2.626382525714429930e-06
2.945854285123605094e-06
3.024825861482923482e-06
5.034105979267273401e-07
0.000000000000000000e+00
0.000000000000000000e+00
0.000000000000000000e+00
0.000000000000000000e+00
0.000000000000000000e+00
0.000000000000000000e+00
0.000000000000000000e+00
0.000000000000000000e+00
0.000000000000000000e+00
0.000000000000000000e+00
0.000000000000000000e+00
0.000000000000000000e+00
0.000000000000000000e+00
0.000000000000000000e+00
0.000000000000000000e+00
0.000000000000000000e+00
0.000000000000000000e+00
0.000000000000000000e+00
0.000000000000000000e+00
0.000000000000000000e+00
0.000000000000000000e+00
0.000000000000000000e+00
0.000000000000000000e+00
0.000000000000000000e+00
0.000000000000000000e+00
0.000000000000000000e+00
0.000000000000000000e+00
0.000000000000000000e+00
0.000000000000000000e+00
0.000000000000000000e+00
0.000000000000000000e+00
0.000000000000000000e+00
0.000000000000000000e+00
0.000000000000000000e+00
0.000000000000000000e+00
0.000000000000000000e+00
0.000000000000000000e+00
0.000000000000000000e+00
0.000000000000000000e+00
0.000000000000000000e+00
0.000000000000000000e+00
0.000000000000000000e+00
0.000000000000000000e+00
0.000000000000000000e+00
0.000000000000000000e+00
0.000000000000000000e+00
0.000000000000000000e+00
0.000000000000000000e+00
0.000000000000000000e+00
0.000000000000000000e+00
0.000000000000000000e+00
0.000000000000000000e+00
0.000000000000000000e+00
0.000000000000000000e+00
0.000000000000000000e+00
0.000000000000000000e+00
0.000000000000000000e+00
