4.788749705429170937e-03
1.833799246705509426e-03
2.346047595511086600e-03
1.242020088459491181e-03
6.563903134244450030e-04
2.098982845504036951e-04
4.305109089461154736e-04
1.512178843050688540e-04
1.668323084154037890e-04
2.304303001940654076e-04
3.570930436774341784e-04
2.397189868858813763e-04
2.039573229963434562e-04
1.070818596900570982e-04
5.171070934495588628e-05
9.786555735762359463e-05
5.439845459183877130e-05
1.255426881830454602e-04
9.620869366845992323e-05
6.203292976665498862e-05
3.768582042354655918e-05
1.501975159164095916e-05
2.039670490149906820e-05
2.582184205242947145e-05
2.205331726362710665e-05
1.211000578645942021e-05
1.228220694277811824e-05
1.970757774865152521e-05
1.425993678018776905e-05
8.374802247545916177e-06
1.112080089198939235e-05
9.006848009899876665e-06
7.557524336821342688e-06
4.656250721094175733e-06
2.271270687606463559e-06
2.303913450638522191e-06
1.875789813455660421e-06
2.534341527494580845e-06
1.913986294577947790e-06
2.256778898832635546e-06
2.651979752648438881e-06
2.133463074744996475e-06
8.760438088405274673e-07
0.000000000000000000e+00
0.000000000000000000e+00
0.000000000000000000e+00
0.000000000000000000e+00
0.000000000000000000e+00
0.000000000000000000e+00
0.000000000000000000e+00
0.000000000000000000e+00
0.000000000000000000e+00
0.000000000000000000e+00
0.000000000000000000e+00
0.000000000000000000e+00
0.000000000000000000e+00
0.000000000000000000e+00
0.000000000000000000e+00
0.000000000000000000e+00
0.000000000000000000e+00
0.000000000000000000e+00
0.000000000000000000e+00
0.000000000000000000e+00
0.000000000000000000e+00
0.000000000000000000e+00
0.000000000000000000e+00
0.000000000000000000e+00
0.000000000000000000e+00
0.000000000000000000e+00
0.000000000000000000e+00
0.000000000000000000e+00
0.000000000000000000e+00
0.000000000000000000e+00
0.000000000000000000e+00
0.000000000000000000e+00
0.000000000000000000e+00
0.000000000000000000e+00
0.000000000000000000e+00
0.000000000000000000e+00
0.000000000000000000e+00
0.000000000000000000e+00
0.000000000000000000e+00
0.000000000000000000e+00
0.000000000000000000e+00
0.000000000000000000e+00
0.000000000000000000e+00
0.000000000000000000e+00
0.000000000000000000e+00
0.000000000000000000e+00
0.000000000000000000e+00
0.000000000000000000e+00
0.000000000000000000e+00
0.000000000000000000e+00
0.000000000000000000e+00
0.000000000000000000e+00
0.000000000000000000e+00
0.000000000000000000e+00
0.000000000000000000e+00
0.000000000000000000e+00
0.000000000000000000e+00
