1.270360338351889280e-02
3.399510596944254129e-03
4.381162092061335195e-03
2.855084117250818784e-03
1.231492940060165608e-03
5.364581547632046041e-04
9.739995389698825282e-04
2.967887454978141207e-04
4.169947364212762942e-04
4.660423740108773981e-04
5.711643708646640472e-04
6.088781050568383172e-04
6.532483554483681579e-04
3.859327699788172683e-04
2.481338108533022446e-04
1.223116585520285580e-04
7.223302847675502295e-05
1.627253971602870641e-04
1.554622336888305037e-04
8.899786008209743620e-05
5.585245157820863061e-05
6.629384024811062919e-05
8.238257598535938175e-05
3.469714995706793211e-05
2.955603439834885736e-05
3.378289710315900070e-05
4.103699852646090220e-05
4.272977859919774616e-05
6.443446172713815877e-05
3.742252359728285600e-05
2.227852353499282622e-05
2.425923760670493386e-05
1.463653472762397597e-05
1.925643251377114946e-05
5.134476886524981640e-06
9.074974783361727159e-06
5.589489466469146271e-06
3.728274440651963779e-06
5.098750899228988659e-06
5.967622931321707886e-06
4.138191651210661256e-06
3.925198861565927402e-06
3.971567995406870437e-07
0.000000000000000000e+00
0.000000000000000000e+00
0.000000000000000000e+00
0.000000000000000000e+00
0.000000000000000000e+00
0.000000000000000000e+00
0.000000000000000000e+00
0.000000000000000000e+00
0.000000000000000000e+00
0.000000000000000000e+00
0.000000000000000000e+00
0.000000000000000000e+00
0.000000000000000000e+00
0.000000000000000000e+00
0.000000000000000000e+00
0.000000000000000000e+00
0.000000000000000000e+00
0.000000000000000000e+00
0.000000000000000000e+00
0.000000000000000000e+00
0.000000000000000000e+00
0.000000000000000000e+00
0.000000000000000000e+00
0.000000000000000000e+00
0.000000000000000000e+00
0.000000000000000000e+00
0.000000000000000000e+00
0.000000000000000000e+00
0.000000000000000000e+00
0.000000000000000000e+00
0.000000000000000000e+00
0.000000000000000000e+00
0.000000000000000000e+00
0.000000000000000000e+00
0.000000000000000000e+00
0.000000000000000000e+00
0.000000000000000000e+00
0.000000000000000000e+00
0.000000000000000000e+00
0.000000000000000000e+00
0.000000000000000000e+00
0.000000000000000000e+00
0.000000000000000000e+00
0.000000000000000000e+00
0.000000000000000000e+00
0.000000000000000000e+00
0.000000000000000000e+00
0.000000000000000000e+00
0.000000000000000000e+00
0.000000000000000000e+00
0.000000000000000000e+00
0.000000000000000000e+00
0.000000000000000000e+00
0.000000000000000000e+00
0.000000000000000000e+00
0.000000000000000000e+00
0.000000000000000000e+00
