2.637582951036318568e-03
8.878572221586998907e-04
7.965067069509991450e-04
2.111776674911718197e-04
1.509942749700884446e-04
1.855978848585721484e-04
2.755215619093290508e-05
3.068819289368125410e-05
5.419317604073862810e-05
2.025861127287597661e-05
7.647114522852715491e-05
2.251263749940342909e-05
3.546348254192012710e-05
2.216272287112736248e-05
2.567610610678416915e-05
9.861261225880447746e-06
5.607426852816365572e-06
3.705175520024488824e-06
4.525224334600395446e-06
5.749814259344553248e-06
3.482368763737267410e-06
2.229969141180838156e-06
3.108081947804249939e-06
2.216201659722737045e-06
1.680763045019147767e-06
1.783070655625565474e-06
1.674060537849363226e-06
2.423902978133184280e-06
1.830395160614421075e-06
2.263452491968673806e-06
1.977023895616735963e-06
2.627233892182024136e-06
2.994257736455857322e-06
2.123636852489038011e-06
2.889634832300983814e-06
3.081714954480147299e-06
2.822917402972259914e-06
2.786350511590245870e-06
3.050211404983996380e-06
3.162716238463922538e-06
5.925046666824323468e-07
0.000000000000000000e+00
0.000000000000000000e+00
0.000000000000000000e+00
0.000000000000000000e+00
0.000000000000000000e+00
0.000000000000000000e+00
0.000000000000000000e+00
0.000000000000000000e+00
0.000000000000000000e+00
0.000000000000000000e+00
0.000000000000000000e+00
0.000000000000000000e+00
0.000000000000000000e+00
0.000000000000000000e+00
0.000000000000000000e+00
0.000000000000000000e+00
0.000000000000000000e+00
0.000000000000000000e+00
0.000000000000000000e+00
0.000000000000000000e+00
0.000000000000000000e+00
0.000000000000000000e+00
0.000000000000000000e+00
0.000000000000000000e+00
0.000000000000000000e+00
0.000000000000000000e+00
0.000000000000000000e+00
0.000000000000000000e+00
0.000000000000000000e+00
0.000000000000000000e+00
0.000000000000000000e+00
0.000000000000000000e+00
0.000000000000000000e+00
0.000000000000000000e+00
0.000000000000000000e+00
0.000000000000000000e+00
0.000000000000000000e+00
0.000000000000000000e+00
0.000000000000000000e+00
0.000000000000000000e+00
0.000000000000000000e+00
0.000000000000000000e+00
0.000000000000000000e+00
0.000000000000000000e+00
0.000000000000000000e+00
0.000000000000000000e+00
0.000000000000000000e+00
0.000000000000000000e+00
0.000000000000000000e+00
0.000000000000000000e+00
0.000000000000000000e+00
0.000000000000000000e+00
0.000000000000000000e+00
0.000000000000000000e+00
0.000000000000000000e+00
0.000000000000000000e+00
0.000000000000000000e+00
0.000000000000000000e+00
0.000000000000000000e+00
