5.161125234693206623e-03
8.840190927008204297e-04
1.087569130881463255e-03
2.553071063786581884e-04
3.267348457015476566e-04
1.730464153526046827e-04
3.761225325781367173e-05
1.034153383182024309e-04
7.100289091003469217e-05
4.322611026159212268e-05
6.555064063600882197e-05
6.688943139801515941e-05
5.582157282863261106e-05
3.916717734879132570e-05
6.889564218209165972e-06
1.758478102194067016e-05
1.011990887510455731e-05
4.817511060310323998e-06
9.303293071088090894e-06
9.225528313580851699e-06
6.766601145184519311e-06
4.193553126016332884e-06
4.187775025914646811e-06
5.431008947321702819e-06
3.596796706264780947e-06
2.030414655672459436e-06
2.677973497708006806e-06
2.492580601529078702e-06
2.539676552534651935e-06
3.991468245605280989e-06
2.041411847368142479e-06
2.104888401645985144e-06
2.974765976683429926e-06
2.230352412891337877e-06
2.927765651835696011e-06
3.143990385129377981e-06
2.814155303129778421e-06
2.972402760303654926e-06
3.207117928937389752e-06
3.192885982183058784e-06
1.055936721357034586e-06
1.694065894508600678e-21
1.694065894508600678e-21
1.694065894508600678e-21
1.694065894508600678e-21
1.694065894508600678e-21
1.694065894508600678e-21
1.694065894508600678e-21
1.694065894508600678e-21
1.694065894508600678e-21
1.694065894508600678e-21
1.694065894508600678e-21
1.694065894508600678e-21
1.694065894508600678e-21
1.694065894508600678e-21
1.694065894508600678e-21
1.694065894508600678e-21
1.694065894508600678e-21
1.694065894508600678e-21
1.694065894508600678e-21
1.694065894508600678e-21
1.694065894508600678e-21
1.694065894508600678e-21
1.694065894508600678e-21
1.694065894508600678e-21
1.694065894508600678e-21
1.694065894508600678e-21
1.694065894508600678e-21
1.694065894508600678e-21
1.694065894508600678e-21
1.694065894508600678e-21
1.694065894508600678e-21
1.694065894508600678e-21
1.694065894508600678e-21
1.694065894508600678e-21
1.694065894508600678e-21
1.694065894508600678e-21
1.694065894508600678e-21
1.694065894508600678e-21
1.694065894508600678e-21
1.694065894508600678e-21
1.694065894508600678e-21
1.694065894508600678e-21
1.694065894508600678e-21
1.694065894508600678e-21
1.694065894508600678e-21
1.694065894508600678e-21
1.694065894508600678e-21
1.694065894508600678e-21
1.694065894508600678e-21
1.694065894508600678e-21
1.694065894508600678e-21
1.694065894508600678e-21
1.694065894508600678e-21
1.694065894508600678e-21
1.694065894508600678e-21
1.694065894508600678e-21
1.694065894508600678e-21
1.694065894508600678e-21
1.694065894508600678e-21
