7.650647029356005477e-03
1.602740503998214107e-03
2.728156178412754432e-03
1.070836320782634103e-03
2.887976175739870462e-04
4.248532728825052678e-04
3.353933864641600094e-04
1.216059759293042604e-04
1.430063684702344870e-04
3.363095487409798151e-04
3.023880371356793030e-04
1.200959860427695922e-04
1.350744645197158255e-04
8.157251635476149045e-05
5.215338454196315269e-05
6.875734459106846769e-05
6.707893734552011484e-05
4.352245997411245665e-05
6.740526881133404135e-05
2.558013454388651203e-05
2.528710768163592345e-05
2.420618774124553527e-05
1.535989150112613218e-05
1.443341417347430056e-05
1.914925007466366019e-05
1.066277253504097755e-05
1.993918723491385251e-05
1.964508412942178481e-05
9.290020254666900363e-06
1.184119240145025993e-05
5.409433649228088842e-06
7.052041336409062291e-06
2.124937069836075176e-06
1.900246421759325835e-06
1.888523407418401979e-06
2.136872473356459225e-06
2.142267913204343077e-06
1.473724563263016673e-06
2.499880254292934629e-06
2.392559668228770038e-06
1.755611627526782993e-08
0.000000000000000000e+00
0.000000000000000000e+00
0.000000000000000000e+00
0.000000000000000000e+00
0.000000000000000000e+00
0.000000000000000000e+00
0.000000000000000000e+00
0.000000000000000000e+00
0.000000000000000000e+00
0.000000000000000000e+00
0.000000000000000000e+00
0.000000000000000000e+00
0.000000000000000000e+00
0.000000000000000000e+00
0.000000000000000000e+00
0.000000000000000000e+00
0.000000000000000000e+00
0.000000000000000000e+00
0.000000000000000000e+00
0.000000000000000000e+00
0.000000000000000000e+00
0.000000000000000000e+00
0.000000000000000000e+00
0.000000000000000000e+00
0.000000000000000000e+00
0.000000000000000000e+00
0.000000000000000000e+00
0.000000000000000000e+00
0.000000000000000000e+00
0.000000000000000000e+00
0.000000000000000000e+00
0.000000000000000000e+00
0.000000000000000000e+00
0.000000000000000000e+00
0.000000000000000000e+00
0.000000000000000000e+00
0.000000000000000000e+00
0.000000000000000000e+00
0.000000000000000000e+00
0.000000000000000000e+00
0.000000000000000000e+00
0.000000000000000000e+00
0.000000000000000000e+00
0.000000000000000000e+00
0.000000000000000000e+00
0.000000000000000000e+00
0.000000000000000000e+00
0.000000000000000000e+00
0.000000000000000000e+00
0.000000000000000000e+00
0.000000000000000000e+00
0.000000000000000000e+00
0.000000000000000000e+00
0.000000000000000000e+00
0.000000000000000000e+00
0.000000000000000000e+00
0.000000000000000000e+00
0.000000000000000000e+00
0.000000000000000000e+00
