9.856941721104878207e-03
3.626857394437886691e-03
2.335635505977509858e-03
1.143524559281900669e-03
9.222107057665020115e-04
2.442336641212580458e-04
2.148509890476693086e-03
2.698374881549666293e-04
4.698473277215257145e-04
6.294694365207220352e-04
5.517109948025292676e-04
4.258381499417222848e-04
5.037312477079464862e-04
3.691186626646840701e-04
2.425113263920814898e-04
3.193470857275993260e-04
8.598885053528513667e-05
1.148320186215260480e-04
2.780511420618580706e-04
7.812387110962781508e-05
6.393576988719679036e-05
3.985358636118427019e-05
3.160621878545353505e-05
2.270651041354496889e-05
3.427589182909170892e-05
2.890949570186708678e-05
2.596766372812253616e-05
3.014521594665846039e-05
2.648276476296753082e-05
1.504442939821068211e-05
2.790764069808941987e-05
1.832129745617008370e-05
1.743273545045902879e-05
1.465489379750438813e-05
1.506934725909945383e-05
1.121725820260332034e-05
1.523616153827842137e-05
1.710542628547828404e-05
1.661014057207398897e-05
1.499289841854676319e-05
1.544804738180007088e-05
1.222693158190031628e-05
1.507010982669546042e-05
1.221785829698342629e-05
1.139225182310652160e-05
1.131671433623246556e-05
1.220591912038452183e-05
9.601036652674762998e-06
7.219402714789323076e-06
7.217077772553044065e-06
8.413984607133106989e-06
8.804110060374333274e-06
8.079192508005494713e-06
6.230377594704497978e-06
8.087602511258833551e-06
1.102824880198958184e-05
1.184637478250881268e-05
1.057771569622516819e-05
1.246827647530710028e-05
1.213826471405214251e-05
1.139114690524226019e-05
1.018248027006158451e-05
1.008251424091294864e-05
8.936557722005089683e-06
9.227222690249146562e-06
7.635784430925694643e-06
6.096017773782581942e-06
5.750987223829785239e-06
6.055741873033220691e-06
6.196391463004811710e-06
4.961087932841226198e-06
3.794063720609180083e-06
3.618726512352950376e-06
3.608943680627527248e-06
3.772778471910023873e-06
3.802263490821125084e-06
4.435042838921590123e-06
4.646273365909322623e-06
4.479846316332516078e-06
4.556042502317925660e-06
4.690034926857792646e-06
5.215226317240827688e-06
4.778831179659097948e-06
4.941521805723669630e-06
5.420368688736571105e-06
4.657752153088652244e-06
4.500203768201749517e-06
4.451678334172990864e-06
4.188737067890313909e-06
4.656737146828036213e-06
4.894526033937162538e-06
4.796674449104137747e-06
4.604237897945321421e-06
6.255599006865209295e-06
6.492390724092683724e-06
4.325861959494732593e-06
4.933709120128303392e-06
3.453488055450389045e-06
3.243819275891462693e-06
3.055790019615282547e-06
