2.984073586233529363e-02
5.379799252413738561e-03
2.927436883906590556e-03
2.813080509850746178e-03
1.465007058177200628e-03
2.294660154671092789e-03
4.136182543969176852e-04
6.318844566947308438e-04
3.317849850934468173e-04
5.122908082238330097e-04
1.015920499165598413e-03
6.606673625208675819e-04
6.758043425578014705e-04
4.424205236597586314e-04
2.213366560153996190e-04
1.720278629234804992e-04
2.075216959886695093e-04
1.547644681142843663e-04
1.585985609991047299e-04
1.534493343036378600e-04
6.428518974126154668e-05
1.041666615296576233e-04
9.752411452057966148e-05
4.057160827831199210e-05
1.139008683675383615e-04
5.929053238984046141e-05
8.438883594021580402e-05
4.718211672908719455e-05
4.473686879183736765e-05
5.408809728191895147e-05
3.429549588963199281e-05
1.427568562097712990e-05
1.017695768463705470e-05
1.016852680549863968e-05
7.696713311756018454e-06
7.267416899113106503e-06
1.318096518037785715e-05
7.619532236067043612e-06
7.205097072123718715e-06
9.140732012751106545e-06
3.612540494193951347e-07
0.000000000000000000e+00
0.000000000000000000e+00
0.000000000000000000e+00
0.000000000000000000e+00
0.000000000000000000e+00
0.000000000000000000e+00
0.000000000000000000e+00
0.000000000000000000e+00
0.000000000000000000e+00
0.000000000000000000e+00
0.000000000000000000e+00
0.000000000000000000e+00
0.000000000000000000e+00
0.000000000000000000e+00
0.000000000000000000e+00
0.000000000000000000e+00
0.000000000000000000e+00
0.000000000000000000e+00
0.000000000000000000e+00
0.000000000000000000e+00
0.000000000000000000e+00
0.000000000000000000e+00
0.000000000000000000e+00
0.000000000000000000e+00
0.000000000000000000e+00
0.000000000000000000e+00
0.000000000000000000e+00
0.000000000000000000e+00
0.000000000000000000e+00
0.000000000000000000e+00
0.000000000000000000e+00
0.000000000000000000e+00
0.000000000000000000e+00
0.000000000000000000e+00
0.000000000000000000e+00
0.000000000000000000e+00
0.000000000000000000e+00
0.000000000000000000e+00
0.000000000000000000e+00
0.000000000000000000e+00
0.000000000000000000e+00
0.000000000000000000e+00
0.000000000000000000e+00
0.000000000000000000e+00
0.000000000000000000e+00
0.000000000000000000e+00
0.000000000000000000e+00
0.000000000000000000e+00
0.000000000000000000e+00
0.000000000000000000e+00
0.000000000000000000e+00
0.000000000000000000e+00
0.000000000000000000e+00
0.000000000000000000e+00
0.000000000000000000e+00
0.000000000000000000e+00
0.000000000000000000e+00
0.000000000000000000e+00
0.000000000000000000e+00
