4.101403190384325485e-03
1.719775801701923590e-03
5.166251439967960895e-04
3.621039702176366039e-04
1.011059613606500785e-04
2.010686928387452987e-04
1.247921571305161525e-04
7.616945464980903410e-05
4.372443750854489234e-05
3.163006586687843271e-05
5.307574560246267390e-05
6.061002039128846796e-05
3.167944755637617539e-05
2.184868484426188840e-05
2.103348389308267401e-05
1.804868319186581950e-05
1.257545928269893646e-05
9.819622565910775968e-06
4.263136187001005404e-06
8.081600760156256458e-06
5.310256826675525385e-06
7.481056768204815237e-06
3.324418657062353600e-06
2.415399166869709642e-06
2.236063210995335946e-06
2.354486963126875692e-06
2.838302180075994808e-06
2.653773203331915576e-06
4.375543919817022192e-06
2.651279189574039871e-06
3.230525699740024706e-06
2.387273624199937924e-06
3.013783424606902771e-06
3.178806582616706382e-06
2.868527744502416316e-06
3.060553754339421909e-06
3.279713785448315530e-06
3.275045783943872679e-06
3.143001031857048848e-07
1.806590345380733594e-07
1.466596015941251347e-07
0.000000000000000000e+00
0.000000000000000000e+00
0.000000000000000000e+00
0.000000000000000000e+00
0.000000000000000000e+00
0.000000000000000000e+00
0.000000000000000000e+00
0.000000000000000000e+00
0.000000000000000000e+00
0.000000000000000000e+00
0.000000000000000000e+00
0.000000000000000000e+00
0.000000000000000000e+00
0.000000000000000000e+00
0.000000000000000000e+00
0.000000000000000000e+00
0.000000000000000000e+00
0.000000000000000000e+00
0.000000000000000000e+00
0.000000000000000000e+00
0.000000000000000000e+00
0.000000000000000000e+00
0.000000000000000000e+00
0.000000000000000000e+00
0.000000000000000000e+00
0.000000000000000000e+00
0.000000000000000000e+00
0.000000000000000000e+00
0.000000000000000000e+00
0.000000000000000000e+00
0.000000000000000000e+00
0.000000000000000000e+00
0.000000000000000000e+00
0.000000000000000000e+00
0.000000000000000000e+00
0.000000000000000000e+00
0.000000000000000000e+00
0.000000000000000000e+00
0.000000000000000000e+00
0.000000000000000000e+00
0.000000000000000000e+00
0.000000000000000000e+00
0.000000000000000000e+00
0.000000000000000000e+00
0.000000000000000000e+00
0.000000000000000000e+00
0.000000000000000000e+00
0.000000000000000000e+00
0.000000000000000000e+00
0.000000000000000000e+00
0.000000000000000000e+00
0.000000000000000000e+00
0.000000000000000000e+00
0.000000000000000000e+00
0.000000000000000000e+00
0.000000000000000000e+00
0.000000000000000000e+00
0.000000000000000000e+00
0.000000000000000000e+00
