6.842390337933314422e-03
3.106524619289983708e-03
1.129055747764867506e-03
1.013865766691082878e-03
3.840462690385863060e-04
4.108330530212297559e-04
4.514136146475363821e-04
2.322976934891294459e-04
1.671659820004147573e-04
9.431308084546450850e-05
1.276017360167551115e-04
1.767567661070929930e-04
6.345907622278157574e-05
6.814182530688657632e-05
1.216999288204246270e-04
1.377825555829045553e-04
3.354670000485402245e-05
3.766733170822640132e-05
7.400493813974681683e-06
1.337609483859324223e-05
1.539187993307031550e-05
1.225436140608656922e-05
1.802151054729558442e-05
1.018115277562901041e-05
1.652721136732992205e-05
7.406245271741401083e-06
8.386285941432970422e-06
5.834137722980573631e-06
7.073865846587580964e-06
2.575671616552181751e-06
2.960764236962932423e-06
2.589015489528631436e-06
3.224582603724627057e-06
3.400776174785012223e-06
2.821326556362257965e-06
3.270716821211457762e-06
3.481623781379145098e-06
3.468575318912237289e-06
1.464813209562584506e-07
1.694065894508600678e-21
1.694065894508600678e-21
1.694065894508600678e-21
1.694065894508600678e-21
1.694065894508600678e-21
1.694065894508600678e-21
1.694065894508600678e-21
1.694065894508600678e-21
1.694065894508600678e-21
1.694065894508600678e-21
1.694065894508600678e-21
1.694065894508600678e-21
1.694065894508600678e-21
1.694065894508600678e-21
1.694065894508600678e-21
1.694065894508600678e-21
1.694065894508600678e-21
1.694065894508600678e-21
1.694065894508600678e-21
1.694065894508600678e-21
1.694065894508600678e-21
1.694065894508600678e-21
1.694065894508600678e-21
1.694065894508600678e-21
1.694065894508600678e-21
1.694065894508600678e-21
1.694065894508600678e-21
1.694065894508600678e-21
1.694065894508600678e-21
1.694065894508600678e-21
1.694065894508600678e-21
1.694065894508600678e-21
1.694065894508600678e-21
1.694065894508600678e-21
1.694065894508600678e-21
1.694065894508600678e-21
1.694065894508600678e-21
1.694065894508600678e-21
1.694065894508600678e-21
1.694065894508600678e-21
1.694065894508600678e-21
1.694065894508600678e-21
1.694065894508600678e-21
1.694065894508600678e-21
1.694065894508600678e-21
1.694065894508600678e-21
1.694065894508600678e-21
1.694065894508600678e-21
1.694065894508600678e-21
1.694065894508600678e-21
1.694065894508600678e-21
1.694065894508600678e-21
1.694065894508600678e-21
1.694065894508600678e-21
1.694065894508600678e-21
1.694065894508600678e-21
1.694065894508600678e-21
1.694065894508600678e-21
1.694065894508600678e-21
1.694065894508600678e-21
1.694065894508600678e-21
