4.184668866657950161e-03
1.285292459572579156e-03
1.024726748571865628e-03
2.669391990925235004e-04
2.826135084297402844e-04
2.914280165159884896e-04
7.158592763561744945e-04
3.300631968612691624e-04
2.539931843587506970e-04
2.401208267605116668e-04
6.342652054986315524e-05
1.495396889132748078e-04
1.522888812701344121e-04
1.689592636617212194e-04
1.108287651771219443e-04
3.971375316026321835e-05
5.095789964770617192e-05
5.528696494350077330e-05
5.637427462124298846e-05
2.213893055311140441e-05
2.049768856758214371e-05
2.496774530716251340e-05
5.368522668975520218e-05
1.464614737848848895e-05
1.094570382816060167e-05
1.973079288548813701e-05
1.688331840323090938e-05
1.281997901657002456e-05
6.836795901200768595e-06
9.149783023695257328e-06
2.541918490014752047e-06
2.282169440731317699e-06
2.257771073207445358e-06
2.249993562263334705e-06
2.358169645143063053e-06
1.893323725347526529e-06
2.026334363717198266e-06
2.105589717770245257e-06
1.694065894508600678e-21
1.694065894508600678e-21
1.694065894508600678e-21
1.694065894508600678e-21
1.694065894508600678e-21
1.694065894508600678e-21
1.694065894508600678e-21
1.694065894508600678e-21
1.694065894508600678e-21
1.694065894508600678e-21
1.694065894508600678e-21
1.694065894508600678e-21
1.694065894508600678e-21
1.694065894508600678e-21
1.694065894508600678e-21
1.694065894508600678e-21
1.694065894508600678e-21
1.694065894508600678e-21
1.694065894508600678e-21
1.694065894508600678e-21
1.694065894508600678e-21
1.694065894508600678e-21
1.694065894508600678e-21
1.694065894508600678e-21
1.694065894508600678e-21
1.694065894508600678e-21
1.694065894508600678e-21
1.694065894508600678e-21
1.694065894508600678e-21
1.694065894508600678e-21
1.694065894508600678e-21
1.694065894508600678e-21
1.694065894508600678e-21
1.694065894508600678e-21
1.694065894508600678e-21
1.694065894508600678e-21
1.694065894508600678e-21
1.694065894508600678e-21
1.694065894508600678e-21
1.694065894508600678e-21
1.694065894508600678e-21
1.694065894508600678e-21
1.694065894508600678e-21
1.694065894508600678e-21
1.694065894508600678e-21
1.694065894508600678e-21
1.694065894508600678e-21
1.694065894508600678e-21
1.694065894508600678e-21
1.694065894508600678e-21
1.694065894508600678e-21
1.694065894508600678e-21
1.694065894508600678e-21
1.694065894508600678e-21
1.694065894508600678e-21
1.694065894508600678e-21
1.694065894508600678e-21
1.694065894508600678e-21
1.694065894508600678e-21
1.694065894508600678e-21
1.694065894508600678e-21
1.694065894508600678e-21
