7.246285835243285872e-03
1.683672659680696126e-03
5.040198028574256750e-03
7.172175417317846764e-04
4.485660400066847201e-04
5.637225588077943161e-04
5.214651061775527887e-04
4.910654099039680294e-04
5.470910911886724820e-04
4.641663938266889396e-04
3.188318499968194005e-04
2.670892969652689753e-04
1.975250367873834865e-04
1.150235318591656496e-04
1.138310177766404857e-04
1.504630848142340721e-04
2.218830617162947027e-04
6.920005913594562646e-05
1.773850208740436333e-04
6.434568132936800016e-05
8.995355983106981853e-05
1.222564715347981628e-04
7.746882716585401117e-05
4.024618547469125659e-05
3.975218528939965620e-05
3.466532973257474809e-05
2.490438597885635000e-05
2.005908923097090478e-05
6.768822384230796345e-05
1.562473065821392296e-05
9.180894518568663478e-06
7.782318298907501042e-06
3.498307893642818568e-06
3.781371233001979156e-06
8.138255418227975879e-06
5.107001647462040508e-06
3.302381619943946915e-06
2.946270748635452844e-06
1.694065894508600678e-21
1.694065894508600678e-21
1.694065894508600678e-21
1.694065894508600678e-21
1.694065894508600678e-21
1.694065894508600678e-21
1.694065894508600678e-21
1.694065894508600678e-21
1.694065894508600678e-21
1.694065894508600678e-21
1.694065894508600678e-21
1.694065894508600678e-21
1.694065894508600678e-21
1.694065894508600678e-21
1.694065894508600678e-21
1.694065894508600678e-21
1.694065894508600678e-21
1.694065894508600678e-21
1.694065894508600678e-21
1.694065894508600678e-21
1.694065894508600678e-21
1.694065894508600678e-21
1.694065894508600678e-21
1.694065894508600678e-21
1.694065894508600678e-21
1.694065894508600678e-21
1.694065894508600678e-21
1.694065894508600678e-21
1.694065894508600678e-21
1.694065894508600678e-21
1.694065894508600678e-21
1.694065894508600678e-21
1.694065894508600678e-21
1.694065894508600678e-21
1.694065894508600678e-21
1.694065894508600678e-21
1.694065894508600678e-21
1.694065894508600678e-21
1.694065894508600678e-21
1.694065894508600678e-21
1.694065894508600678e-21
1.694065894508600678e-21
1.694065894508600678e-21
1.694065894508600678e-21
1.694065894508600678e-21
1.694065894508600678e-21
1.694065894508600678e-21
1.694065894508600678e-21
1.694065894508600678e-21
1.694065894508600678e-21
1.694065894508600678e-21
1.694065894508600678e-21
1.694065894508600678e-21
1.694065894508600678e-21
1.694065894508600678e-21
1.694065894508600678e-21
1.694065894508600678e-21
1.694065894508600678e-21
1.694065894508600678e-21
1.694065894508600678e-21
1.694065894508600678e-21
1.694065894508600678e-21
