1.436591112993644472e-03
5.620138350435479680e-04
1.067688323934744060e-03
2.181208475270924305e-04
2.182207430932602997e-04
6.098550672861858542e-05
3.673558376571260854e-05
4.047822150928746246e-05
2.097980942002774810e-05
2.418842212314489625e-05
2.961335182125190646e-05
1.427143838593593167e-05
1.298482696481447866e-05
1.559046758114141648e-05
9.138408325173294532e-06
7.210609330900303495e-06
4.884167487829475730e-06
1.667534855288584588e-06
4.647760058200278771e-06
1.603333384165687841e-06
3.090628777241709102e-06
1.517369179472130422e-06
1.949437729034504614e-06
1.849029425873843353e-06
1.907009510715500904e-06
1.663440540541771509e-06
2.679117997885523671e-06
2.056970435336756125e-06
2.613507439683784323e-06
2.049536495659336758e-06
2.171177496675176910e-06
2.984006938723060471e-06
2.600962995718383337e-06
2.830667339109910635e-06
3.028087273087148427e-06
3.068308022033730125e-06
1.257767365944230762e-07
1.694065894508600678e-21
1.694065894508600678e-21
1.694065894508600678e-21
1.694065894508600678e-21
1.694065894508600678e-21
1.694065894508600678e-21
1.694065894508600678e-21
1.694065894508600678e-21
1.694065894508600678e-21
1.694065894508600678e-21
1.694065894508600678e-21
1.694065894508600678e-21
1.694065894508600678e-21
1.694065894508600678e-21
1.694065894508600678e-21
1.694065894508600678e-21
1.694065894508600678e-21
1.694065894508600678e-21
1.694065894508600678e-21
1.694065894508600678e-21
1.694065894508600678e-21
1.694065894508600678e-21
1.694065894508600678e-21
1.694065894508600678e-21
1.694065894508600678e-21
1.694065894508600678e-21
1.694065894508600678e-21
1.694065894508600678e-21
1.694065894508600678e-21
1.694065894508600678e-21
1.694065894508600678e-21
1.694065894508600678e-21
1.694065894508600678e-21
1.694065894508600678e-21
1.694065894508600678e-21
1.694065894508600678e-21
1.694065894508600678e-21
1.694065894508600678e-21
1.694065894508600678e-21
1.694065894508600678e-21
1.694065894508600678e-21
1.694065894508600678e-21
1.694065894508600678e-21
1.694065894508600678e-21
1.694065894508600678e-21
1.694065894508600678e-21
1.694065894508600678e-21
1.694065894508600678e-21
1.694065894508600678e-21
1.694065894508600678e-21
1.694065894508600678e-21
1.694065894508600678e-21
1.694065894508600678e-21
1.694065894508600678e-21
1.694065894508600678e-21
1.694065894508600678e-21
1.694065894508600678e-21
1.694065894508600678e-21
1.694065894508600678e-21
1.694065894508600678e-21
1.694065894508600678e-21
1.694065894508600678e-21
1.694065894508600678e-21
