2.490242715699121645e-03
1.163497745247914477e-03
1.281380640492690935e-03
2.873559173931523186e-04
2.693586600956073842e-04
3.016568430831177770e-04
8.629865127119865217e-05
1.087040784071775551e-04
6.627780147057441256e-05
1.283520449577560038e-04
5.673827518560688415e-05
7.209612607884955868e-05
5.541177140758696631e-05
3.474359785186210129e-05
2.363637275715306112e-05
4.025225833921871043e-05
1.710063627695759711e-05
6.935663596934660216e-06
7.716157449115116900e-06
8.118137596884284445e-06
7.874400903205792520e-06
3.022971511465891625e-06
6.340772750069528663e-06
3.853222494953537471e-06
3.719182929141264892e-06
2.418033021287762299e-06
4.362676188888165909e-06
2.056113959729031114e-06
2.288465132169927859e-06
2.005891176931246976e-06
2.050776043339465755e-06
2.912937341704339156e-06
2.495047822551283220e-06
2.862160798043096385e-06
3.041728433710780651e-06
3.072512719084225454e-06
1.694065894508600678e-21
1.694065894508600678e-21
1.694065894508600678e-21
1.694065894508600678e-21
1.694065894508600678e-21
1.694065894508600678e-21
1.694065894508600678e-21
1.694065894508600678e-21
1.694065894508600678e-21
1.694065894508600678e-21
1.694065894508600678e-21
1.694065894508600678e-21
1.694065894508600678e-21
1.694065894508600678e-21
1.694065894508600678e-21
1.694065894508600678e-21
1.694065894508600678e-21
1.694065894508600678e-21
1.694065894508600678e-21
1.694065894508600678e-21
1.694065894508600678e-21
1.694065894508600678e-21
1.694065894508600678e-21
1.694065894508600678e-21
1.694065894508600678e-21
1.694065894508600678e-21
1.694065894508600678e-21
1.694065894508600678e-21
1.694065894508600678e-21
1.694065894508600678e-21
1.694065894508600678e-21
1.694065894508600678e-21
1.694065894508600678e-21
1.694065894508600678e-21
1.694065894508600678e-21
1.694065894508600678e-21
1.694065894508600678e-21
1.694065894508600678e-21
1.694065894508600678e-21
1.694065894508600678e-21
1.694065894508600678e-21
1.694065894508600678e-21
1.694065894508600678e-21
1.694065894508600678e-21
1.694065894508600678e-21
1.694065894508600678e-21
1.694065894508600678e-21
1.694065894508600678e-21
1.694065894508600678e-21
1.694065894508600678e-21
1.694065894508600678e-21
1.694065894508600678e-21
1.694065894508600678e-21
1.694065894508600678e-21
1.694065894508600678e-21
1.694065894508600678e-21
1.694065894508600678e-21
1.694065894508600678e-21
1.694065894508600678e-21
1.694065894508600678e-21
1.694065894508600678e-21
1.694065894508600678e-21
1.694065894508600678e-21
1.694065894508600678e-21
