5.311709969985565355e-03
1.796706947395925727e-03
2.409561364877779634e-03
1.055675860223192651e-03
2.904350170057533797e-04
2.199858733911416514e-04
1.835758912665665207e-04
2.260944124166385536e-04
1.738700893224047115e-04
1.865044564695818752e-04
9.498103087934646092e-05
6.493438198930609755e-05
7.741637536365043252e-05
1.855417774162669727e-04
8.569961345650160096e-05
6.635177689962151455e-05
3.467543630861077096e-05
5.075946302665373440e-05
2.183005711579034101e-05
1.402105736352094636e-05
3.157087320646836601e-05
3.397323942299253490e-05
1.218552043272503823e-05
1.342621344657211840e-05
2.100823689766532256e-05
9.703315353566714191e-06
7.699033997410645677e-06
5.499170968014452439e-06
2.758300816555718324e-06
1.890909118651978425e-06
2.150797680426951474e-06
2.362229301912077351e-06
2.708029813472889806e-06
2.414479168924632340e-06
2.018801934278330870e-06
1.645348135449636174e-06
2.824463185456003668e-07
4.693150121398215761e-08
1.694065894508600678e-21
1.694065894508600678e-21
1.694065894508600678e-21
1.694065894508600678e-21
1.694065894508600678e-21
1.694065894508600678e-21
1.694065894508600678e-21
1.694065894508600678e-21
1.694065894508600678e-21
1.694065894508600678e-21
1.694065894508600678e-21
1.694065894508600678e-21
1.694065894508600678e-21
1.694065894508600678e-21
1.694065894508600678e-21
1.694065894508600678e-21
1.694065894508600678e-21
1.694065894508600678e-21
1.694065894508600678e-21
1.694065894508600678e-21
1.694065894508600678e-21
1.694065894508600678e-21
1.694065894508600678e-21
1.694065894508600678e-21
1.694065894508600678e-21
1.694065894508600678e-21
1.694065894508600678e-21
1.694065894508600678e-21
1.694065894508600678e-21
1.694065894508600678e-21
1.694065894508600678e-21
1.694065894508600678e-21
1.694065894508600678e-21
1.694065894508600678e-21
1.694065894508600678e-21
1.694065894508600678e-21
1.694065894508600678e-21
1.694065894508600678e-21
1.694065894508600678e-21
1.694065894508600678e-21
1.694065894508600678e-21
1.694065894508600678e-21
1.694065894508600678e-21
1.694065894508600678e-21
1.694065894508600678e-21
1.694065894508600678e-21
1.694065894508600678e-21
1.694065894508600678e-21
1.694065894508600678e-21
1.694065894508600678e-21
1.694065894508600678e-21
1.694065894508600678e-21
1.694065894508600678e-21
1.694065894508600678e-21
1.694065894508600678e-21
1.694065894508600678e-21
1.694065894508600678e-21
1.694065894508600678e-21
1.694065894508600678e-21
1.694065894508600678e-21
1.694065894508600678e-21
1.694065894508600678e-21
