9.043037657038089164e-03
3.988875357806571063e-03
2.214824592300437215e-03
8.249768484919989351e-04
1.094590648575820757e-03
7.442054635514083662e-04
4.440049733675268382e-04
3.817436927016253155e-04
3.404812931344741137e-04
5.908297924585011272e-04
5.426414252678192886e-04
2.749978786448505855e-04
2.102681393127175578e-04
1.341637308874762968e-04
1.762502471944023459e-04
1.357237779242927199e-04
1.041487874276017533e-04
6.536266155599884046e-05
4.485667475843850094e-05
4.608361899561700330e-05
3.030480071468722895e-05
5.521194380523381949e-05
4.323896606208559485e-05
1.987936051752797132e-05
2.625885153968075014e-05
1.684019405760290119e-05
1.757857094101368474e-05
2.028751530232757641e-05
8.735084708972800852e-06
4.931660705619746704e-06
3.476456929253644883e-06
2.108235477467668742e-06
4.090135575178960279e-06
2.878808488386825709e-06
2.012178307380975259e-06
1.846271617796218029e-06
0.000000000000000000e+00
0.000000000000000000e+00
0.000000000000000000e+00
0.000000000000000000e+00
0.000000000000000000e+00
0.000000000000000000e+00
0.000000000000000000e+00
0.000000000000000000e+00
0.000000000000000000e+00
0.000000000000000000e+00
0.000000000000000000e+00
0.000000000000000000e+00
0.000000000000000000e+00
0.000000000000000000e+00
0.000000000000000000e+00
0.000000000000000000e+00
0.000000000000000000e+00
0.000000000000000000e+00
0.000000000000000000e+00
0.000000000000000000e+00
0.000000000000000000e+00
0.000000000000000000e+00
0.000000000000000000e+00
0.000000000000000000e+00
0.000000000000000000e+00
0.000000000000000000e+00
0.000000000000000000e+00
0.000000000000000000e+00
0.000000000000000000e+00
0.000000000000000000e+00
0.000000000000000000e+00
0.000000000000000000e+00
0.000000000000000000e+00
0.000000000000000000e+00
0.000000000000000000e+00
0.000000000000000000e+00
0.000000000000000000e+00
0.000000000000000000e+00
0.000000000000000000e+00
0.000000000000000000e+00
0.000000000000000000e+00
0.000000000000000000e+00
0.000000000000000000e+00
0.000000000000000000e+00
0.000000000000000000e+00
0.000000000000000000e+00
0.000000000000000000e+00
0.000000000000000000e+00
0.000000000000000000e+00
0.000000000000000000e+00
0.000000000000000000e+00
0.000000000000000000e+00
0.000000000000000000e+00
0.000000000000000000e+00
0.000000000000000000e+00
0.000000000000000000e+00
0.000000000000000000e+00
0.000000000000000000e+00
0.000000000000000000e+00
0.000000000000000000e+00
0.000000000000000000e+00
0.000000000000000000e+00
0.000000000000000000e+00
0.000000000000000000e+00
