1.258800238302987783e-02
5.221080345378910706e-03
3.447994915567356537e-03
1.908336330767275825e-03
1.410880845961312276e-03
4.368345635924900995e-04
2.621038025050167683e-03
1.019960645056123627e-03
1.896425971458510834e-03
2.915344681205325056e-03
1.258328755535290111e-03
5.516212094143078037e-04
3.623123060886089368e-04
5.830539463075347633e-04
2.672795188437114707e-04
4.571846281920907587e-04
1.571728784888036664e-04
1.428762278460530926e-04
4.196525313911367273e-04
2.913912301115222331e-04
1.252918731218739313e-04
5.643863248574912899e-05
4.808353181578043284e-05
3.839778847481740428e-05
4.832519959213644729e-05
5.326492972097087504e-05
7.201832288906260160e-05
6.594651026913145471e-05
5.512844904643177080e-05
2.548980009808877458e-05
6.985623237112919138e-05
3.106710312642687829e-05
2.989132733901785945e-05
3.121165719649028538e-05
3.628227047087184394e-05
2.302304549967360849e-05
2.931855825881802795e-05
3.464125259550853141e-05
2.417702815594928475e-05
2.027222706641059434e-05
1.951870914991880887e-05
1.353141153653911453e-05
1.840685248788967684e-05
1.765287281702820955e-05
1.557979581125463721e-05
1.782412196456918560e-05
1.708606591945011026e-05
1.576989913435422835e-05
1.316531045261773709e-05
1.425081954501776404e-05
1.913024283619804751e-05
1.630548204770805579e-05
1.638538791779492853e-05
1.422992309556616226e-05
1.775418539923160111e-05
2.092739182821732764e-05
1.962698169290930380e-05
1.906827386241434171e-05
2.244205064774385167e-05
1.730144569004051655e-05
1.506607949352688805e-05
1.470869241501684029e-05
1.362028486425907858e-05
1.377850976386285153e-05
1.374203072909114654e-05
9.713746629794658689e-06
9.540557922614195674e-06
9.636646758073087702e-06
8.936475554629748621e-06
8.691997605642407210e-06
8.290127908572443138e-06
8.213795418928120396e-06
8.417597768040217170e-06
7.903306263470678161e-06
8.082607129350300051e-06
9.139033603719513095e-06
8.476820387867153620e-06
8.921034638778595525e-06
9.323403177629183217e-06
8.579042833310839271e-06
8.929850496375085498e-06
9.014006010799156950e-06
8.489881128487397966e-06
9.585791619338467556e-06
1.165920941887296420e-05
9.526613265967615423e-06
8.350508545691570113e-06
7.220679750219290671e-06
6.995374227457035869e-06
6.648457453291746618e-06
6.605529113447692225e-06
6.791346312674878541e-06
6.540811717417855922e-06
7.683926355029017043e-06
7.557359581399538320e-06
6.428158772719363565e-06
6.467857217053579563e-06
6.164861059373330121e-06
6.383185946472014811e-06
6.038860485767739252e-06
