1.828485475772154882e-03
1.152686455801881253e-03
1.915276535324294648e-04
1.145512152873448579e-04
1.447587557326713605e-04
1.081576461845480913e-04
3.598241613049323859e-05
4.356695864296275745e-05
9.185736374424933234e-05
1.877283510459472506e-05
3.770815074059101523e-05
2.003898002328188067e-05
1.514344372679772731e-05
2.268900834735770609e-05
5.679249127058135040e-06
8.967779664703121899e-06
7.027609726938505921e-06
2.819565230679023059e-06
2.908952673377207667e-06
2.111288281881809327e-06
4.674353959393022486e-06
2.868687360589606982e-06
3.952588880059347753e-06
4.201974425816672365e-06
2.448980031297944114e-06
2.390062139956854772e-06
1.928370144107464071e-06
1.922234922917415286e-06
2.008145631922817752e-06
2.940091120438708431e-06
2.685595211094219980e-06
2.662260980555109632e-06
2.983232200747695463e-06
3.106777369651209533e-06
4.340600438749318377e-07
0.000000000000000000e+00
0.000000000000000000e+00
0.000000000000000000e+00
0.000000000000000000e+00
0.000000000000000000e+00
0.000000000000000000e+00
0.000000000000000000e+00
0.000000000000000000e+00
0.000000000000000000e+00
0.000000000000000000e+00
0.000000000000000000e+00
0.000000000000000000e+00
0.000000000000000000e+00
0.000000000000000000e+00
0.000000000000000000e+00
0.000000000000000000e+00
0.000000000000000000e+00
0.000000000000000000e+00
0.000000000000000000e+00
0.000000000000000000e+00
0.000000000000000000e+00
0.000000000000000000e+00
0.000000000000000000e+00
0.000000000000000000e+00
0.000000000000000000e+00
0.000000000000000000e+00
0.000000000000000000e+00
0.000000000000000000e+00
0.000000000000000000e+00
0.000000000000000000e+00
0.000000000000000000e+00
0.000000000000000000e+00
0.000000000000000000e+00
0.000000000000000000e+00
0.000000000000000000e+00
0.000000000000000000e+00
0.000000000000000000e+00
0.000000000000000000e+00
0.000000000000000000e+00
0.000000000000000000e+00
0.000000000000000000e+00
0.000000000000000000e+00
0.000000000000000000e+00
0.000000000000000000e+00
0.000000000000000000e+00
0.000000000000000000e+00
0.000000000000000000e+00
0.000000000000000000e+00
0.000000000000000000e+00
0.000000000000000000e+00
0.000000000000000000e+00
0.000000000000000000e+00
0.000000000000000000e+00
0.000000000000000000e+00
0.000000000000000000e+00
0.000000000000000000e+00
0.000000000000000000e+00
0.000000000000000000e+00
0.000000000000000000e+00
0.000000000000000000e+00
0.000000000000000000e+00
0.000000000000000000e+00
0.000000000000000000e+00
0.000000000000000000e+00
0.000000000000000000e+00
