3.157002174447409108e-03
1.694570344983522929e-03
1.416115682396531226e-04
2.331656701393993976e-04
2.349967866928632349e-04
4.387983252136370082e-04
4.084788419855584656e-04
1.377220279517208875e-04
1.900804779443043553e-04
7.571654993373718443e-05
4.079168026691480962e-05
3.916840137027628412e-05
1.417019626836171938e-04
6.425536118816534169e-05
3.753421455513483165e-05
2.941367743701094823e-05
2.114987655054557773e-05
9.896816084215160085e-06
1.000560434545544915e-05
2.971550900365292950e-05
3.634059726026295592e-05
1.275028736672517777e-05
6.843232146521772623e-06
7.700787268307154483e-06
1.136963547533420997e-05
1.011149034870751541e-05
3.872349249135828931e-06
2.372430697629941165e-06
2.222307680966408054e-06
3.015390118317457263e-06
2.146102068582034843e-06
2.142277648733678374e-06
2.449013099216203839e-06
2.266925900114336518e-06
1.976725665581721202e-07
0.000000000000000000e+00
0.000000000000000000e+00
0.000000000000000000e+00
0.000000000000000000e+00
0.000000000000000000e+00
0.000000000000000000e+00
0.000000000000000000e+00
0.000000000000000000e+00
0.000000000000000000e+00
0.000000000000000000e+00
0.000000000000000000e+00
0.000000000000000000e+00
0.000000000000000000e+00
0.000000000000000000e+00
0.000000000000000000e+00
0.000000000000000000e+00
0.000000000000000000e+00
0.000000000000000000e+00
0.000000000000000000e+00
0.000000000000000000e+00
0.000000000000000000e+00
0.000000000000000000e+00
0.000000000000000000e+00
0.000000000000000000e+00
0.000000000000000000e+00
0.000000000000000000e+00
0.000000000000000000e+00
0.000000000000000000e+00
0.000000000000000000e+00
0.000000000000000000e+00
0.000000000000000000e+00
0.000000000000000000e+00
0.000000000000000000e+00
0.000000000000000000e+00
0.000000000000000000e+00
0.000000000000000000e+00
0.000000000000000000e+00
0.000000000000000000e+00
0.000000000000000000e+00
0.000000000000000000e+00
0.000000000000000000e+00
0.000000000000000000e+00
0.000000000000000000e+00
0.000000000000000000e+00
0.000000000000000000e+00
0.000000000000000000e+00
0.000000000000000000e+00
0.000000000000000000e+00
0.000000000000000000e+00
0.000000000000000000e+00
0.000000000000000000e+00
0.000000000000000000e+00
0.000000000000000000e+00
0.000000000000000000e+00
0.000000000000000000e+00
0.000000000000000000e+00
0.000000000000000000e+00
0.000000000000000000e+00
0.000000000000000000e+00
0.000000000000000000e+00
0.000000000000000000e+00
0.000000000000000000e+00
0.000000000000000000e+00
0.000000000000000000e+00
0.000000000000000000e+00
