8.376395149260857168e-03
6.159375048687821923e-03
1.339367822378236851e-03
6.240925084007674763e-04
1.146029898865291458e-03
9.679568426842758344e-04
6.557798983574478907e-04
5.193328502733761832e-04
7.573792493397470647e-04
5.755783602916538086e-04
4.417170707971017417e-04
2.181705686990499356e-04
1.911943141180073207e-04
1.357497713216349576e-04
2.226987679506462858e-04
1.084624795105941335e-04
1.444097398556557096e-04
1.283482054311827240e-04
5.740129073323812446e-05
7.972582356897800189e-05
1.529337854991836903e-04
4.420077522430096212e-05
3.434946991467784094e-05
4.969136273725991608e-05
4.983511890055437323e-05
3.018916323682696397e-05
2.504311132898129910e-05
1.493796901050243282e-05
6.260770128495693322e-06
4.024879896297430662e-06
4.229657128443242013e-06
5.073662511973841695e-06
5.731503571781338370e-06
5.715045486662995938e-06
2.736669282242434114e-07
0.000000000000000000e+00
0.000000000000000000e+00
0.000000000000000000e+00
0.000000000000000000e+00
0.000000000000000000e+00
0.000000000000000000e+00
0.000000000000000000e+00
0.000000000000000000e+00
0.000000000000000000e+00
0.000000000000000000e+00
0.000000000000000000e+00
0.000000000000000000e+00
0.000000000000000000e+00
0.000000000000000000e+00
0.000000000000000000e+00
0.000000000000000000e+00
0.000000000000000000e+00
0.000000000000000000e+00
0.000000000000000000e+00
0.000000000000000000e+00
0.000000000000000000e+00
0.000000000000000000e+00
0.000000000000000000e+00
0.000000000000000000e+00
0.000000000000000000e+00
0.000000000000000000e+00
0.000000000000000000e+00
0.000000000000000000e+00
0.000000000000000000e+00
0.000000000000000000e+00
0.000000000000000000e+00
0.000000000000000000e+00
0.000000000000000000e+00
0.000000000000000000e+00
0.000000000000000000e+00
0.000000000000000000e+00
0.000000000000000000e+00
0.000000000000000000e+00
0.000000000000000000e+00
0.000000000000000000e+00
0.000000000000000000e+00
0.000000000000000000e+00
0.000000000000000000e+00
0.000000000000000000e+00
0.000000000000000000e+00
0.000000000000000000e+00
0.000000000000000000e+00
0.000000000000000000e+00
0.000000000000000000e+00
0.000000000000000000e+00
0.000000000000000000e+00
0.000000000000000000e+00
0.000000000000000000e+00
0.000000000000000000e+00
0.000000000000000000e+00
0.000000000000000000e+00
0.000000000000000000e+00
0.000000000000000000e+00
0.000000000000000000e+00
0.000000000000000000e+00
0.000000000000000000e+00
0.000000000000000000e+00
0.000000000000000000e+00
0.000000000000000000e+00
0.000000000000000000e+00
