3.778447235620401002e-04
7.668028530732678635e-04
2.335107550014757863e-04
7.856507772767067175e-05
9.337214686720534101e-05
1.102389905201034767e-04
2.095665608527308541e-05
3.163171757348341696e-05
1.767090887566418795e-05
1.881298862619985165e-05
1.637165932353437046e-05
1.295992600397938501e-05
7.759529554331583167e-06
8.150443861222365314e-06
6.380065012428528201e-06
3.122498075367510305e-06
1.621564926464154889e-06
2.619044866742444020e-06
1.878392950725695406e-06
1.692315946372203973e-06
1.720005655641511542e-06
1.503855531025355782e-06
2.043976328337084739e-06
1.669989666384411179e-06
1.723905708122056896e-06
2.694001377064367491e-06
2.341183408106489490e-06
2.141911813912501559e-06
3.027483125380969488e-06
2.734811546535760421e-06
2.960670262126400396e-06
3.060523166624277399e-06
4.088142940121765005e-07
1.694065894508600678e-21
1.694065894508600678e-21
1.694065894508600678e-21
1.694065894508600678e-21
1.694065894508600678e-21
1.694065894508600678e-21
1.694065894508600678e-21
1.694065894508600678e-21
1.694065894508600678e-21
1.694065894508600678e-21
1.694065894508600678e-21
1.694065894508600678e-21
1.694065894508600678e-21
1.694065894508600678e-21
1.694065894508600678e-21
1.694065894508600678e-21
1.694065894508600678e-21
1.694065894508600678e-21
1.694065894508600678e-21
1.694065894508600678e-21
1.694065894508600678e-21
1.694065894508600678e-21
1.694065894508600678e-21
1.694065894508600678e-21
1.694065894508600678e-21
1.694065894508600678e-21
1.694065894508600678e-21
1.694065894508600678e-21
1.694065894508600678e-21
1.694065894508600678e-21
1.694065894508600678e-21
1.694065894508600678e-21
1.694065894508600678e-21
1.694065894508600678e-21
1.694065894508600678e-21
1.694065894508600678e-21
1.694065894508600678e-21
1.694065894508600678e-21
1.694065894508600678e-21
1.694065894508600678e-21
1.694065894508600678e-21
1.694065894508600678e-21
1.694065894508600678e-21
1.694065894508600678e-21
1.694065894508600678e-21
1.694065894508600678e-21
1.694065894508600678e-21
1.694065894508600678e-21
1.694065894508600678e-21
1.694065894508600678e-21
1.694065894508600678e-21
1.694065894508600678e-21
1.694065894508600678e-21
1.694065894508600678e-21
1.694065894508600678e-21
1.694065894508600678e-21
1.694065894508600678e-21
1.694065894508600678e-21
1.694065894508600678e-21
1.694065894508600678e-21
1.694065894508600678e-21
1.694065894508600678e-21
1.694065894508600678e-21
1.694065894508600678e-21
1.694065894508600678e-21
1.694065894508600678e-21
1.694065894508600678e-21
