7.169776726308993734e-04
9.601707731475923793e-04
3.623334300357912126e-04
2.533048360983490154e-04
1.824584885662125858e-04
7.370701850217237336e-05
4.989359063212218812e-05
4.066664092399675692e-05
3.485203514498523379e-05
3.826305439820635375e-05
2.509556472406145844e-05
1.065234059659861591e-05
1.815327331378728280e-05
3.347508302981895556e-05
1.945490604284147849e-05
1.319471342847522113e-05
7.956677309256474106e-06
5.115994593862383718e-06
2.451367306458218707e-06
4.427847069915623713e-06
2.045906922816017234e-06
2.257041165764231967e-06
2.037099919774258597e-06
4.046645880101963204e-06
2.909187031489645285e-06
2.015655435007454150e-06
1.892809217496394750e-06
2.038788494661240344e-06
2.972479720699765724e-06
2.541406669978174695e-06
2.905466369602072548e-06
3.056370070819737873e-06
3.079069108831768721e-07
1.694065894508600678e-21
1.191039876015952889e-07
1.694065894508600678e-21
1.694065894508600678e-21
1.694065894508600678e-21
1.694065894508600678e-21
1.694065894508600678e-21
1.694065894508600678e-21
1.694065894508600678e-21
1.694065894508600678e-21
1.694065894508600678e-21
1.694065894508600678e-21
1.694065894508600678e-21
1.694065894508600678e-21
1.694065894508600678e-21
1.694065894508600678e-21
1.694065894508600678e-21
1.694065894508600678e-21
1.694065894508600678e-21
1.694065894508600678e-21
1.694065894508600678e-21
1.694065894508600678e-21
1.694065894508600678e-21
1.694065894508600678e-21
1.694065894508600678e-21
1.694065894508600678e-21
1.694065894508600678e-21
1.694065894508600678e-21
1.694065894508600678e-21
1.694065894508600678e-21
1.694065894508600678e-21
1.694065894508600678e-21
1.694065894508600678e-21
1.694065894508600678e-21
1.694065894508600678e-21
1.694065894508600678e-21
1.694065894508600678e-21
1.694065894508600678e-21
1.694065894508600678e-21
1.694065894508600678e-21
1.694065894508600678e-21
1.694065894508600678e-21
1.694065894508600678e-21
1.694065894508600678e-21
1.694065894508600678e-21
1.694065894508600678e-21
1.694065894508600678e-21
1.694065894508600678e-21
1.694065894508600678e-21
1.694065894508600678e-21
1.694065894508600678e-21
1.694065894508600678e-21
1.694065894508600678e-21
1.694065894508600678e-21
1.694065894508600678e-21
1.694065894508600678e-21
1.694065894508600678e-21
1.694065894508600678e-21
1.694065894508600678e-21
1.694065894508600678e-21
1.694065894508600678e-21
1.694065894508600678e-21
1.694065894508600678e-21
1.694065894508600678e-21
1.694065894508600678e-21
1.694065894508600678e-21
1.694065894508600678e-21
