2.226029712961737853e-03
3.328712527371713737e-03
1.359979908723455300e-03
4.724151613954156504e-04
6.825222603617456946e-04
3.064454187787523688e-04
9.206404831871107055e-05
2.962975533316711176e-04
3.311248706463776077e-04
1.538869604751037443e-04
6.591547587446348682e-05
6.389547254812528803e-05
9.393823073051036179e-05
1.405035245189249229e-04
3.983054777639790701e-05
4.139728956384489036e-05
2.670409600465327687e-05
2.927698359927764102e-05
1.850712439016952176e-05
3.179135879162919338e-05
1.625050124203947401e-05
2.329085501948099661e-05
1.941369331305630729e-05
1.302115174107568590e-05
6.565799594077145114e-06
5.416304054403536465e-06
2.647606458158787117e-06
2.148238217205024393e-06
2.293491568312019041e-06
2.121422332474351833e-06
2.402468827139197132e-06
2.765687589952982185e-06
1.694065894508600678e-21
1.694065894508600678e-21
1.694065894508600678e-21
1.694065894508600678e-21
1.694065894508600678e-21
1.694065894508600678e-21
1.694065894508600678e-21
1.694065894508600678e-21
1.694065894508600678e-21
1.694065894508600678e-21
1.694065894508600678e-21
1.694065894508600678e-21
1.694065894508600678e-21
1.694065894508600678e-21
1.694065894508600678e-21
1.694065894508600678e-21
1.694065894508600678e-21
1.694065894508600678e-21
1.694065894508600678e-21
1.694065894508600678e-21
1.694065894508600678e-21
1.694065894508600678e-21
1.694065894508600678e-21
1.694065894508600678e-21
1.694065894508600678e-21
1.694065894508600678e-21
1.694065894508600678e-21
1.694065894508600678e-21
1.694065894508600678e-21
1.694065894508600678e-21
1.694065894508600678e-21
1.694065894508600678e-21
1.694065894508600678e-21
1.694065894508600678e-21
1.694065894508600678e-21
1.694065894508600678e-21
1.694065894508600678e-21
1.694065894508600678e-21
1.694065894508600678e-21
1.694065894508600678e-21
1.694065894508600678e-21
1.694065894508600678e-21
1.694065894508600678e-21
1.694065894508600678e-21
1.694065894508600678e-21
1.694065894508600678e-21
1.694065894508600678e-21
1.694065894508600678e-21
1.694065894508600678e-21
1.694065894508600678e-21
1.694065894508600678e-21
1.694065894508600678e-21
1.694065894508600678e-21
1.694065894508600678e-21
1.694065894508600678e-21
1.694065894508600678e-21
1.694065894508600678e-21
1.694065894508600678e-21
1.694065894508600678e-21
1.694065894508600678e-21
1.694065894508600678e-21
1.694065894508600678e-21
1.694065894508600678e-21
1.694065894508600678e-21
1.694065894508600678e-21
1.694065894508600678e-21
1.694065894508600678e-21
1.694065894508600678e-21
