2.282357336471581982e-03
6.942169803905778522e-03
2.124979972496297397e-03
4.583343313199524506e-04
6.713058421293381303e-04
7.205973500239946103e-04
2.143673991105423608e-04
2.290132018674765626e-04
4.609157029097160022e-04
9.209182948823626223e-04
3.232745193772575327e-04
2.486579023877959443e-04
1.423931926820740622e-04
2.110282237194126102e-04
1.617490055946150076e-04
1.053943070474627872e-04
5.563915669428846537e-05
5.606783608669190845e-05
3.269589086387934747e-05
7.314221212806148011e-05
3.144247829447217207e-05
4.884516143989161728e-05
2.461103352976967459e-05
2.770786425556840475e-05
1.133653704121957276e-05
5.955395837752352257e-06
8.357699612685544750e-06
2.616732938503507853e-06
2.029689036833520504e-06
5.619801100020296746e-06
1.955079595544819130e-06
2.145716683508199133e-06
0.000000000000000000e+00
0.000000000000000000e+00
0.000000000000000000e+00
0.000000000000000000e+00
0.000000000000000000e+00
0.000000000000000000e+00
0.000000000000000000e+00
0.000000000000000000e+00
0.000000000000000000e+00
0.000000000000000000e+00
0.000000000000000000e+00
0.000000000000000000e+00
0.000000000000000000e+00
0.000000000000000000e+00
0.000000000000000000e+00
0.000000000000000000e+00
0.000000000000000000e+00
0.000000000000000000e+00
0.000000000000000000e+00
0.000000000000000000e+00
0.000000000000000000e+00
0.000000000000000000e+00
0.000000000000000000e+00
0.000000000000000000e+00
0.000000000000000000e+00
0.000000000000000000e+00
0.000000000000000000e+00
0.000000000000000000e+00
0.000000000000000000e+00
0.000000000000000000e+00
0.000000000000000000e+00
0.000000000000000000e+00
0.000000000000000000e+00
0.000000000000000000e+00
0.000000000000000000e+00
0.000000000000000000e+00
0.000000000000000000e+00
0.000000000000000000e+00
0.000000000000000000e+00
0.000000000000000000e+00
0.000000000000000000e+00
0.000000000000000000e+00
0.000000000000000000e+00
0.000000000000000000e+00
0.000000000000000000e+00
0.000000000000000000e+00
0.000000000000000000e+00
0.000000000000000000e+00
0.000000000000000000e+00
0.000000000000000000e+00
0.000000000000000000e+00
0.000000000000000000e+00
0.000000000000000000e+00
0.000000000000000000e+00
0.000000000000000000e+00
0.000000000000000000e+00
0.000000000000000000e+00
0.000000000000000000e+00
0.000000000000000000e+00
0.000000000000000000e+00
0.000000000000000000e+00
0.000000000000000000e+00
0.000000000000000000e+00
0.000000000000000000e+00
0.000000000000000000e+00
0.000000000000000000e+00
0.000000000000000000e+00
0.000000000000000000e+00
