1.306197504802894191e-03
3.217345362961621189e-03
9.580115107608285288e-04
4.781371451241977133e-04
7.977565048864720097e-05
1.378863478370084513e-04
1.804418352979715947e-04
1.943657198880592118e-04
7.582685749769974763e-05
4.369158157691114690e-05
3.421530359046512837e-05
5.681948823862070856e-05
3.103023582646449589e-05
4.274763934875880648e-05
7.626714756924369517e-06
1.233489528433375691e-05
5.924549996998415815e-06
9.049959561438368261e-06
1.240299063789999146e-05
3.959373936646411554e-06
1.269514918365308952e-05
7.835872690805210323e-06
6.605486683002981326e-06
2.159933824625935901e-06
1.839662234805787897e-06
2.378263854223036606e-06
2.608194222527011062e-06
2.399851265429664896e-06
2.870756969993236527e-06
3.118409124775682420e-06
2.530448704520335107e-07
1.307375902938002971e-07
1.694065894508600678e-21
1.694065894508600678e-21
1.694065894508600678e-21
1.694065894508600678e-21
1.694065894508600678e-21
1.694065894508600678e-21
1.694065894508600678e-21
1.694065894508600678e-21
1.694065894508600678e-21
1.694065894508600678e-21
1.694065894508600678e-21
1.694065894508600678e-21
1.694065894508600678e-21
1.694065894508600678e-21
1.694065894508600678e-21
1.694065894508600678e-21
1.694065894508600678e-21
1.694065894508600678e-21
1.694065894508600678e-21
1.694065894508600678e-21
1.694065894508600678e-21
1.694065894508600678e-21
1.694065894508600678e-21
1.694065894508600678e-21
1.694065894508600678e-21
1.694065894508600678e-21
1.694065894508600678e-21
1.694065894508600678e-21
1.694065894508600678e-21
1.694065894508600678e-21
1.694065894508600678e-21
1.694065894508600678e-21
1.694065894508600678e-21
1.694065894508600678e-21
1.694065894508600678e-21
1.694065894508600678e-21
1.694065894508600678e-21
1.694065894508600678e-21
1.694065894508600678e-21
1.694065894508600678e-21
1.694065894508600678e-21
1.694065894508600678e-21
1.694065894508600678e-21
1.694065894508600678e-21
1.694065894508600678e-21
1.694065894508600678e-21
1.694065894508600678e-21
1.694065894508600678e-21
1.694065894508600678e-21
1.694065894508600678e-21
1.694065894508600678e-21
1.694065894508600678e-21
1.694065894508600678e-21
1.694065894508600678e-21
1.694065894508600678e-21
1.694065894508600678e-21
1.694065894508600678e-21
1.694065894508600678e-21
1.694065894508600678e-21
1.694065894508600678e-21
1.694065894508600678e-21
1.694065894508600678e-21
1.694065894508600678e-21
1.694065894508600678e-21
1.694065894508600678e-21
1.694065894508600678e-21
1.694065894508600678e-21
1.694065894508600678e-21
