2.494829267972846140e-02
1.017193951134763921e-02
6.402543332725767200e-03
3.282074483879235567e-03
2.754460576970397916e-03
9.018302601154295790e-04
3.651567996874941630e-03
1.060653629082175834e-03
4.894792377109882624e-03
5.421171088724011447e-03
2.467727068944409064e-03
1.732988609869989989e-03
1.525265252888106113e-03
1.249346144192957407e-03
6.874414298303465612e-04
1.539577442669600718e-03
3.470490015759031895e-04
3.332182425004057494e-04
6.278061101827363743e-04
6.231752219454224449e-04
3.006515763709799471e-04
1.797193792402694014e-04
1.713177903631625445e-04
1.621575660466826566e-04
1.381583413686986769e-04
1.619169438373931557e-04
1.113595211517000847e-04
1.107114134722520600e-04
7.326522790800877390e-05
8.173101790233298447e-05
1.530790400644134594e-04
8.412624596475937059e-05
9.270187177619418079e-05
8.313720688853366251e-05
6.339110963196475121e-05
3.917277973736658323e-05
4.896691573739709008e-05
7.000187402096878200e-05
7.345573836796832337e-05
6.890296099858326704e-05
4.456843530182147552e-05
2.721731680738929629e-05
4.412655030545663710e-05
3.119203332322778533e-05
3.621576968386620046e-05
4.607905804397131915e-05
3.222125928687808946e-05
2.938528113911987547e-05
3.087988555370209815e-05
2.998776588451684740e-05
3.678444583564596771e-05
3.873918315807303470e-05
3.545905687713860597e-05
2.800661588073106702e-05
5.378786259292458419e-05
4.802159117915150345e-05
3.165629123417858823e-05
4.218115334128059269e-05
2.527907902898064528e-05
2.369501279146914323e-05
3.205028206310761156e-05
3.880725864912048248e-05
3.742000445242615040e-05
3.953888773824406700e-05
3.105004330730264540e-05
1.823276097717729962e-05
1.756225031615887559e-05
1.376616447598959240e-05
1.682091359383127796e-05
2.297761066417458595e-05
1.742952669681598497e-05
1.737250630352970285e-05
1.582803865430327395e-05
1.456181741302718512e-05
1.399524736327834289e-05
2.064807039413343363e-05
1.673490497674365163e-05
1.470938756283045707e-05
2.099205177503969135e-05
1.655547640061396853e-05
1.732962006686255039e-05
1.277958302637327265e-05
1.312443113848033306e-05
1.529322061197150177e-05
1.518886477222407925e-05
1.477399739893314105e-05
1.197455127236880909e-05
1.053821490494192861e-05
1.025862922820679807e-05
1.285771819351307748e-05
8.934549877406557339e-06
1.096219110313489621e-05
1.194726830877126730e-05
1.302587993852138006e-05
1.302516240181357146e-05
1.362642718902591491e-05
1.078199221540597325e-05
1.293058009962086270e-05
9.546732493138199811e-06
7.250820487800929353e-06
