4.674940607982115107e-04
1.067026169614026599e-03
3.046769645313652944e-04
2.457428658505967528e-04
1.664577581115223796e-04
5.318746444327208066e-05
7.457465593718776598e-05
5.447628546422315368e-05
2.984429660986828305e-05
2.163880100731474239e-05
2.240988338467684562e-05
1.386106774042538209e-05
6.107675622476745575e-06
4.938743404033095421e-06
7.075982749667299851e-06
3.853828515167004033e-06
3.047834890972194346e-06
2.588521522426083204e-06
2.551431864878570746e-06
2.415102064311995523e-06
1.795971128764576325e-06
2.534851599735148730e-06
2.015565447616828387e-06
2.834227367351276600e-06
2.615416775889184223e-06
2.872724989215176812e-06
3.160037430636299899e-06
4.065519690050264456e-07
1.694065894508600678e-21
2.439136765251021000e-07
1.363991710740669309e-07
1.694065894508600678e-21
1.694065894508600678e-21
1.694065894508600678e-21
1.694065894508600678e-21
1.694065894508600678e-21
1.694065894508600678e-21
1.694065894508600678e-21
1.694065894508600678e-21
1.694065894508600678e-21
1.694065894508600678e-21
1.694065894508600678e-21
1.694065894508600678e-21
1.694065894508600678e-21
1.694065894508600678e-21
1.694065894508600678e-21
1.694065894508600678e-21
1.694065894508600678e-21
1.694065894508600678e-21
1.694065894508600678e-21
1.694065894508600678e-21
1.694065894508600678e-21
1.694065894508600678e-21
1.694065894508600678e-21
1.694065894508600678e-21
1.694065894508600678e-21
1.694065894508600678e-21
1.694065894508600678e-21
1.694065894508600678e-21
1.694065894508600678e-21
1.694065894508600678e-21
1.694065894508600678e-21
1.694065894508600678e-21
1.694065894508600678e-21
1.694065894508600678e-21
1.694065894508600678e-21
1.694065894508600678e-21
1.694065894508600678e-21
1.694065894508600678e-21
1.694065894508600678e-21
1.694065894508600678e-21
1.694065894508600678e-21
1.694065894508600678e-21
1.694065894508600678e-21
1.694065894508600678e-21
1.694065894508600678e-21
1.694065894508600678e-21
1.694065894508600678e-21
1.694065894508600678e-21
1.694065894508600678e-21
1.694065894508600678e-21
1.694065894508600678e-21
1.694065894508600678e-21
1.694065894508600678e-21
1.694065894508600678e-21
1.694065894508600678e-21
1.694065894508600678e-21
1.694065894508600678e-21
1.694065894508600678e-21
1.694065894508600678e-21
1.694065894508600678e-21
1.694065894508600678e-21
1.694065894508600678e-21
1.694065894508600678e-21
1.694065894508600678e-21
1.694065894508600678e-21
1.694065894508600678e-21
1.694065894508600678e-21
1.694065894508600678e-21
1.694065894508600678e-21
