3.956281269977765698e-03
1.335821606675397259e-03
1.187027178305788324e-03
6.539558042486585650e-04
2.016090119164019748e-04
6.746800559317957734e-05
2.125223837140490153e-04
8.130718718048678074e-05
2.358926455598443750e-04
1.372557823660557833e-04
6.900001759984376599e-05
6.411724306052637328e-05
6.789469114795386158e-05
1.090430652467015211e-04
4.251172338907243227e-05
1.792052273989815922e-05
9.172224430863343343e-06
1.719488470014294643e-05
1.656651760734320731e-05
1.053002970858597799e-05
1.203130438802846850e-05
1.246680307488108086e-05
1.079406913881389298e-05
1.070853201083168293e-05
5.596525384906522908e-06
5.238093084194254075e-06
5.386398357058960772e-06
4.242884540807342569e-06
4.677753944060153032e-06
4.939544507851299958e-06
4.881867906687138591e-06
4.494439576492940247e-06
4.833700029918723259e-06
4.383830484959991041e-06
3.640702843961569562e-06
3.815992047242541982e-06
4.028494948991813264e-06
4.492255830732487233e-06
4.519637975117968082e-06
4.429108747575974087e-06
3.615704760546692289e-06
3.146929210051849609e-06
3.161977120177305572e-06
3.161215047309418131e-06
2.702809134105448907e-06
2.561165766342008873e-06
2.769466516994307410e-06
2.565302483180188084e-06
2.739529287176482519e-06
3.410248287994789283e-06
3.117736595639865735e-06
2.786472952551829740e-06
3.198365074805575227e-06
3.237145178632333472e-06
3.199217354702840689e-06
2.761915111026590533e-06
2.852074189311113557e-06
3.231190541615049226e-06
3.095895767384622705e-06
3.183851190426194680e-06
3.093445234484440456e-06
2.876672180044326726e-06
2.312661176143412090e-06
2.339472200324502303e-06
2.214593863272439482e-06
2.319060250644308286e-06
2.567545274551484618e-06
2.600957625356736057e-06
2.565250010559480040e-06
2.619079609875555599e-06
2.531683855902137341e-06
2.500073248449007449e-06
2.417531990233376571e-06
3.149800970645593927e-06
2.903824697206351794e-06
2.478276827364248690e-06
2.727040018947828603e-06
2.681388604151443584e-06
2.420385226808836132e-06
2.409306346685866611e-06
2.450105660139349037e-06
2.451092716718019631e-06
2.503557902882357205e-06
2.580980198153199353e-06
2.556300797380329460e-06
2.573771506857696676e-06
2.512236111159489610e-06
2.456181183150900526e-06
2.567981755357470572e-06
2.510779017372330876e-06
2.478634299015812290e-06
2.467191931258623215e-06
2.522631698468068921e-06
2.626925145720206965e-06
2.660527466427988895e-06
2.816726617637457045e-06
2.832809059347678379e-06
2.881296691047369272e-06
2.903226835271632075e-06
2.945540316823987436e-06
