4.070235618489884480e-03
1.606964941144651583e-03
1.668111516917920477e-03
1.549213508835830047e-03
3.984886245722084699e-04
6.328660274905825592e-04
3.152443287116943175e-04
1.862810654670208569e-04
2.481832359494081969e-04
2.787731194945614987e-04
5.807346497301163479e-04
1.383932935012170652e-04
1.810477081298799188e-04
1.886508368049225331e-04
1.398921346359751879e-04
3.670370414482686212e-05
4.380617744939617405e-05
6.272499221441961241e-05
3.975570524155387761e-05
3.717718524700871168e-05
1.512192426845696448e-05
3.232461295805089086e-05
3.057560438801230505e-05
4.711751318548940696e-05
2.702813260878978978e-05
1.858709737042426089e-05
2.179489740287166044e-05
1.213990622951741945e-05
1.196654250341229353e-05
1.164567712225683221e-05
1.025379642733246619e-05
9.941953271926201157e-06
1.187615114299085312e-05
8.109295768867654297e-06
9.760490072807198221e-06
9.487770361847584771e-06
9.183763481030195921e-06
9.141749263417398935e-06
8.398892900026911336e-06
7.702278906065108315e-06
7.993629766643623686e-06
7.486503896952013331e-06
6.922688145765164989e-06
7.233955611638202612e-06
6.998918102224207759e-06
4.955180829238760193e-06
4.718665283927233185e-06
5.051899769869576070e-06
4.794367026389742545e-06
6.040055962074811762e-06
5.048962073951909414e-06
4.869706888922244962e-06
5.109129075261017057e-06
5.742462758438967496e-06
6.629515505035500456e-06
7.085923559945775613e-06
6.842066373406793490e-06
6.494159519394722245e-06
5.596672706895151211e-06
4.747194050396338853e-06
5.271323359633354028e-06
5.566944315021208793e-06
4.214246749329534244e-06
3.798963921126177265e-06
3.642936531922176150e-06
3.822880777217751316e-06
3.804041585652098367e-06
3.285567919791877259e-06
2.914230132617759782e-06
2.948814176810301159e-06
3.052371070085748188e-06
3.054918585675555511e-06
3.093360419348144509e-06
3.627877642281150591e-06
3.589187160157348111e-06
3.037714682045716749e-06
3.223955073136780938e-06
3.206533721946483461e-06
2.917773149183748706e-06
2.985228434486533436e-06
3.048757674626756865e-06
3.283359573364837393e-06
3.004541486218168291e-06
3.055791503048493716e-06
3.629927858909848711e-06
3.144761310554030689e-06
4.064969569654802295e-06
3.042525662444842442e-06
3.041445031127553197e-06
3.350355730776171720e-06
2.997826463664177465e-06
3.101438121062576435e-06
3.041254888311848568e-06
2.382461967122881877e-06
2.536090234805857083e-06
2.441649059158163740e-06
2.799187041299786692e-06
2.451761358334262264e-06
2.507837317201426655e-06
2.497424680149360458e-06
