1.022912509937384980e-02
3.646570162356030983e-03
4.779868788102449237e-03
4.813992537533705492e-03
1.566147538519077577e-03
7.694713526224202828e-04
4.912875182294123731e-04
7.707114066735274143e-04
4.407978309064217257e-04
9.020984406212391969e-04
6.597725878609531514e-04
2.222575188725085544e-04
3.358944256777350785e-04
1.942945668067579351e-04
1.189767143061761732e-04
1.581361296385207487e-04
7.274045633744344417e-05
1.886196259099446465e-04
1.054518258856128592e-04
1.232469669864254269e-04
7.700298106048505324e-05
5.644573872697707697e-05
6.230887420388235294e-05
1.315782374038815532e-04
4.822713304865619631e-05
4.780381914658936830e-05
5.532112103231275388e-05
2.909482825594906843e-05
2.957859226655743293e-05
4.447409837599151781e-05
2.159382324728065334e-05
3.686635448089951763e-05
5.484727544156529303e-05
2.742086758556065276e-05
2.506507508098077116e-05
2.126474526252672824e-05
1.978685911919968364e-05
1.674975070917328340e-05
2.046241216131361175e-05
1.599824680420566843e-05
1.828658777536988381e-05
1.579089461286643193e-05
2.056731001387542571e-05
3.135002668412121754e-05
2.873987811985458831e-05
1.352683118587734039e-05
8.557671590825538529e-06
1.079671479599024154e-05
1.349380064030429328e-05
1.308275600153968988e-05
1.079130258522166331e-05
7.580281498468200520e-06
9.716620912572930448e-06
9.322762992499205144e-06
1.171646860899018831e-05
1.423303398765175594e-05
1.174057080974409406e-05
1.094374965181624472e-05
1.352473218119401716e-05
1.227554902453341179e-05
1.164328535286596180e-05
1.095990250187264929e-05
9.956578223690180216e-06
8.548611686710738593e-06
7.609487718165048044e-06
7.857746505794088084e-06
5.730835599068086527e-06
5.451503865595583769e-06
5.059809096500910925e-06
4.935692303092616862e-06
5.931396577447774913e-06
5.017642112700815911e-06
5.535963413569777220e-06
5.882465294048193317e-06
8.100044696910368021e-06
6.991754213970116522e-06
8.193161225879753005e-06
7.158321480869902546e-06
8.481461002153660897e-06
7.315635854081128533e-06
7.187001450241881203e-06
6.554761011523487147e-06
6.745133931648166090e-06
6.653001432271705072e-06
6.778858987419832726e-06
6.155011587906279662e-06
5.293419733410050674e-06
5.393647118706477512e-06
4.796245544003890382e-06
6.277548002471039143e-06
8.983079238079482061e-06
6.948747778015060618e-06
4.839069144584567776e-06
3.940530577017170275e-06
3.646552189105533157e-06
3.379194852464874277e-06
4.200032455982018779e-06
4.469958185239290850e-06
3.741752658920378283e-06
3.857438614991699615e-06
