1.518701014529352973e-02
4.582830128700620016e-03
8.969879568112451226e-03
6.293058975895453669e-03
2.546303680640792187e-03
1.307609390622643765e-03
8.792883993525362710e-04
1.005593540090716012e-03
1.537680069607345532e-03
2.799037827271568836e-03
4.698974402353136887e-04
1.358349769096748542e-03
2.434487480631037943e-03
9.878071962431864660e-04
4.641112517874392755e-04
5.362545856779466847e-04
1.275457383597817487e-04
5.732245943494196144e-04
3.887426424103210374e-04
4.169262040664662794e-04
3.418014888369355327e-04
1.584405429023292742e-04
1.529165190905244548e-04
3.645816536822523140e-04
1.944215989842944432e-04
1.471642892329161844e-04
1.011702166507499071e-04
9.917089364943696274e-05
8.448300710555362383e-05
1.017400436406794338e-04
6.706280405708212153e-05
6.688332331932483465e-05
8.128350449337501404e-05
1.025113600770962541e-04
1.063812137429135426e-04
6.693733125730787919e-05
5.843444517622500194e-05
5.968589016143627696e-05
5.630662298084150065e-05
4.206862620514945214e-05
3.633148611625650298e-05
5.272664506680704784e-05
4.437767153288286158e-05
6.232173556169471240e-05
5.642372490390378171e-05
4.291008129142252818e-05
3.200162846936218471e-05
3.509216043701556296e-05
2.632200517740198084e-05
2.230300358309022482e-05
1.843318262147981232e-05
2.559522763277690077e-05
4.053508472958838724e-05
2.534502973410080378e-05
4.037914111379806316e-05
3.301553257935582140e-05
2.277068101240455023e-05
2.169746372561470347e-05
2.259011203414177231e-05
2.949399259479060874e-05
2.971796170670524864e-05
2.248517747895881178e-05
1.532874844131682266e-05
1.613003349855604400e-05
1.645257752454025289e-05
1.511566807630578206e-05
1.159537175952695076e-05
1.450004544240635682e-05
1.532514530481744698e-05
1.224919773510407018e-05
1.313361971088637302e-05
1.320153246202851871e-05
1.312033531004309275e-05
1.506525014115460286e-05
2.041763220453486860e-05
1.462322054398160669e-05
1.725870218414019233e-05
1.717989383672491083e-05
1.591091372685593232e-05
1.368977658879035880e-05
1.325978697262355034e-05
1.171234130729603854e-05
1.232944383926159126e-05
1.169878146887645021e-05
1.472738366409802103e-05
1.627071885281391916e-05
1.361698388053755103e-05
1.300364957102930208e-05
1.302872509887351339e-05
1.477489230573181711e-05
1.319085459286167033e-05
1.393320927937395165e-05
1.465491509382167922e-05
1.408054594176486462e-05
1.353079056108743336e-05
1.372642663378327925e-05
1.104836620679909044e-05
1.140299928046202414e-05
1.122586001573797139e-05
9.990454407121155986e-06
