2.318561353498321126e-03
8.183391829024907463e-04
5.300620472761316667e-04
2.276334941805618494e-04
1.767634023656370940e-04
1.949635323833802023e-04
3.880158652504476970e-04
7.160509697673762418e-05
2.887996423153590606e-04
1.248681189564880632e-04
6.023147247732448992e-05
6.221257865383833985e-05
6.135678725536052448e-05
3.436602469136283504e-05
3.296404977293108186e-05
1.343267504648753570e-05
1.905989862177761120e-05
1.600747285081847526e-05
2.437710033801467494e-05
1.565376567194835380e-05
1.170308304441838740e-05
1.335257648735939757e-05
1.802755151983575723e-05
9.013062512879169068e-06
1.018473478360451190e-05
6.712336050434274000e-06
7.399554904892822017e-06
1.092567945764909805e-05
8.877687656461875044e-06
6.767623733926833426e-06
9.976168633117202592e-06
6.184546018033565053e-06
5.351526219137744345e-06
6.699698629500749356e-06
1.101909217660309728e-05
6.516140209530619368e-06
4.836913540831829343e-06
4.766533685966338517e-06
4.536034407537801804e-06
3.991108342197626951e-06
4.746694604065527449e-06
5.174596916917023078e-06
4.357450349853369165e-06
4.175468562810598008e-06
3.979502076060276651e-06
3.366903385672812038e-06
3.664024116482419791e-06
3.525196354202607154e-06
3.080945701832866837e-06
3.099882689708134739e-06
3.763101927700595690e-06
4.533830425294925272e-06
5.042866772159657864e-06
3.053960484615011267e-06
2.443849164978749371e-06
2.402572252160234721e-06
2.425004844544711501e-06
2.527464642668788634e-06
2.350859630633421935e-06
2.097460486102857175e-06
2.048185564162031342e-06
2.191023731491114861e-06
2.266271083328949945e-06
2.082018292967156198e-06
2.155234266354490197e-06
2.350342559870555561e-06
2.438256692529396904e-06
2.246092154633731095e-06
2.171538677460042539e-06
2.187310518673782988e-06
2.209138671184071209e-06
2.315382775074072799e-06
2.221083751533079161e-06
2.165789692096093731e-06
2.301470121666499988e-06
2.324154171234653120e-06
2.326503402247108667e-06
2.269090705031687570e-06
2.175784557243599666e-06
2.092001933845068853e-06
2.021112707144643631e-06
1.965662832322057534e-06
2.121535884183660965e-06
2.243367430823723234e-06
2.187491930140906017e-06
2.249177073820305826e-06
2.401423509813792029e-06
2.158803247884318498e-06
1.983986970502973180e-06
1.923758267945322679e-06
2.070896898768018662e-06
2.145248591600236339e-06
2.325182103922259397e-06
2.350214860911655288e-06
2.490330599433004766e-06
2.468527022488296428e-06
2.329945178933455408e-06
2.396395005862155480e-06
2.597191142886245641e-06
2.685562644109195865e-06
