3.450977552801090965e-03
1.131346015265241849e-03
1.090433991570430609e-03
8.336894514894359863e-04
1.098480732667079119e-03
5.233935525827810003e-04
3.717358207902630583e-04
4.621357936156682104e-04
9.196223365591431158e-04
1.149030218249619164e-04
1.495918529771062357e-04
1.488990713164308139e-04
1.067358368209064877e-04
6.706427217597086881e-05
4.767191727518173955e-05
2.078201222538986472e-05
3.453021717073404256e-05
2.337415556157191815e-05
8.032178989752956574e-05
3.652926847964379240e-05
2.860566517737360567e-05
2.862528253981380856e-05
3.316966881564120255e-05
2.309607584118939462e-05
2.083784313468367647e-05
1.106978446692853664e-05
1.142313688014667297e-05
1.277288444592531524e-05
1.156852061572408463e-05
1.221507877323347291e-05
1.633766380660891978e-05
8.697201052901603398e-06
1.033642486352104038e-05
1.010645031533506422e-05
9.672476141138659179e-06
9.162422433083001707e-06
7.694717474860994445e-06
8.920913381866859179e-06
9.153483032570624046e-06
7.624667474266887791e-06
8.092647370809726145e-06
7.459236535601796322e-06
5.107569446675635345e-06
4.496081932921317873e-06
4.972197648776849021e-06
4.914231728699957747e-06
5.400080665981183308e-06
5.642319159118073748e-06
6.348506112090023098e-06
5.293709910281093367e-06
5.874327690182968532e-06
6.091050430907809231e-06
5.728503567880096243e-06
4.128368167111271730e-06
3.606978673261927972e-06
3.713567781458800713e-06
4.174391928689203338e-06
4.716041970871147792e-06
4.116332049573999059e-06
3.216946148063426853e-06
4.112442080963038317e-06
4.524927594248321699e-06
4.222066840335971998e-06
3.267142283112772896e-06
2.642928378233798837e-06
3.166556171481102678e-06
3.253100623311551493e-06
3.242234182487796287e-06
3.620989299659322795e-06
3.649621764407048386e-06
2.925185609197346564e-06
2.614312600743216430e-06
2.528013098442314310e-06
2.760157664820487792e-06
2.880567271320100916e-06
3.060541199572066799e-06
2.551309530972052981e-06
2.972596714638718185e-06
2.952887465359156246e-06
2.722457109087430247e-06
3.406230127582082536e-06
3.938467718996433111e-06
3.094912767606633187e-06
2.676862678653676160e-06
3.395038305489254315e-06
3.506413172284885061e-06
3.696798003367731702e-06
2.409126315632163770e-06
2.077175589770712800e-06
2.046683494304232506e-06
2.043825156722700378e-06
2.178499421698428531e-06
2.232014497345212877e-06
2.249728176492792297e-06
2.241742777566765121e-06
2.191859215727238453e-06
2.269481577827001485e-06
2.157230798551187616e-06
2.183075993694599582e-06
2.126593950706643981e-06
