5.435418661560330843e-03
1.768459346059242246e-03
1.934009924311143888e-03
1.508187691826365102e-03
2.500442804242798949e-03
8.405468992616275774e-04
1.554233551278341036e-03
1.620701841308569468e-03
2.483732796065843233e-03
2.453044842946919225e-04
7.968019493111298986e-04
4.333808247647622110e-04
4.039237803337664503e-04
2.365575138626851287e-04
2.038349562671951359e-04
6.696350878060240838e-05
1.302786118839795485e-04
1.395213616384735427e-04
2.836984222870786031e-04
9.193889767534810351e-05
7.333684429189952657e-05
5.945852016997747752e-05
5.636976665396747118e-05
7.925277405411163944e-05
4.669518392317824790e-05
2.304009855984929053e-05
2.808815925427819067e-05
5.861799775546685468e-05
1.977699571061021400e-05
3.046798586007491613e-05
2.857080923353303364e-05
2.253195203155864085e-05
2.630472469467297182e-05
2.854950648403509195e-05
3.515336923740025154e-05
2.617321987836231144e-05
1.812396486001540037e-05
1.985990631128164261e-05
1.559783735091242743e-05
1.573844816234532936e-05
1.828197956733885102e-05
1.654042809379736400e-05
1.220679182923186729e-05
1.227201233347466725e-05
1.343439565873886747e-05
1.450599586068091403e-05
1.285178255053506472e-05
1.043377580180532308e-05
1.508504818028929082e-05
1.590313460710938764e-05
1.055670638762743167e-05
1.180066780972744794e-05
1.287663311844868918e-05
1.202950293000125024e-05
1.702080783539025973e-05
1.496590284744462453e-05
1.461235822638525677e-05
1.144616785835633646e-05
9.939892491153763036e-06
1.019975020989497275e-05
7.697652257039660557e-06
6.858450721363958969e-06
6.473648725455241864e-06
5.276963507603777276e-06
4.974906423866990431e-06
5.657817922939977729e-06
5.702511738329249382e-06
5.333973829464399284e-06
8.464041501298537893e-06
6.708536635890559674e-06
6.271432575314953855e-06
6.806888836688383412e-06
7.972028834125450088e-06
8.519034399188976479e-06
8.745209037558223720e-06
8.336973687749788399e-06
8.447043290969590029e-06
8.407898505571027663e-06
8.166231122389579122e-06
8.887243647017876471e-06
7.125646811911370702e-06
5.745818972358371917e-06
7.403283416323092988e-06
9.241434807972133674e-06
8.985061198850550484e-06
9.551549753096219878e-06
6.643243022475542698e-06
4.897911755104385498e-06
4.186172708971807186e-06
3.638752937735747279e-06
3.825588909245773127e-06
3.780668987617793131e-06
3.382144114274367018e-06
3.622982513594740654e-06
3.888841773897703894e-06
4.285842779019801060e-06
4.489279502836032447e-06
4.421426257100539834e-06
4.588907508396582455e-06
4.938286861887853469e-06
