9.191778852964680932e-03
3.557119289207347386e-03
9.388791204360004677e-04
2.725301972059009960e-03
2.837334353698286321e-03
1.259907137898218449e-03
2.112097944881066464e-03
8.599106133397884343e-04
2.790982725864315280e-03
6.238711692234276060e-04
1.608696048110809127e-03
5.905124933448490905e-04
5.594058469781570042e-04
1.544296369591331784e-04
4.182112470005416947e-04
1.498492743327608481e-04
1.003149460273768264e-04
1.713886829263179198e-04
3.626064602789308726e-04
2.431569128882814213e-04
1.661773489333188080e-04
1.485436779744981066e-04
2.553886266835150875e-04
8.394683534085723515e-05
1.071205374131242060e-04
8.598095809715017356e-05
9.341157797437088202e-05
1.463957449776979493e-04
1.042606521134005997e-04
1.270585216632418620e-04
1.213860897276985577e-04
5.036527306680158191e-05
5.220258382159113437e-05
5.027965034666258813e-05
8.651840568227034324e-05
6.588330105083510513e-05
2.907676748454869630e-05
5.055737951661832435e-05
5.526986677794664071e-05
5.028958455721725993e-05
4.201176973308692257e-05
3.990623112686478557e-05
2.234238856368646925e-05
2.494091145877073073e-05
2.989120998972186511e-05
3.219299039584636794e-05
3.538650078999553490e-05
3.755269298090160049e-05
3.726386459037325230e-05
4.159681101539863005e-05
3.310571739676772577e-05
3.052282131823540385e-05
2.575873197000249292e-05
1.539255979987220273e-05
1.392852737961121308e-05
1.549495018758776179e-05
2.527280251567431404e-05
2.585843614120382256e-05
1.874760624113626300e-05
1.766495839764470899e-05
1.018562716124334166e-05
9.979696787253062765e-06
1.035382913752989026e-05
9.570767525506909150e-06
1.056830965959974304e-05
1.094903243649475199e-05
1.007222258346266228e-05
9.106715033561257785e-06
9.434480618430329840e-06
9.393193471998966779e-06
8.404824601855095183e-06
6.583298081128308824e-06
7.575934118796881033e-06
6.914636598558917897e-06
7.907094982684311009e-06
9.679167281637704649e-06
1.033461516709483527e-05
8.977436565958030036e-06
8.845445137454348248e-06
9.075641183541226922e-06
7.466475509211525720e-06
6.457070136830946587e-06
1.060954737241311504e-05
1.508806657222087219e-05
1.228434913498471476e-05
1.357970747052522731e-05
7.182157090720462949e-06
6.739854827426220392e-06
5.767802016513257681e-06
5.826951980248314641e-06
5.588233416952664106e-06
5.519370247207494491e-06
5.814525758853010067e-06
5.911553508287098203e-06
6.039577341760013464e-06
6.347783324887035443e-06
6.448843374539904721e-06
6.967791335518468898e-06
7.271258527413514880e-06
7.163688080879701820e-06
