1.427288180621291225e-03
1.887796613481039151e-04
2.820581849088910575e-04
1.864820352660275871e-04
1.457234088567977294e-04
2.126839111892124036e-04
1.876533735204405438e-04
6.826973561419623154e-05
3.075159866852921310e-04
1.121591442086455214e-04
5.347941244711956960e-05
3.640088367544039538e-05
1.012602164495604806e-05
3.329590197370735832e-05
7.353543050681319503e-06
1.055926351529177803e-05
6.427469267140871198e-06
1.456615233394698809e-05
1.273144926958648613e-05
4.817424983597959863e-06
3.207830517154485755e-06
5.128463962856425310e-06
3.782818141604558828e-06
5.137345499350137916e-06
3.216042317195486606e-06
6.227443231295693793e-06
3.354075245021405036e-06
2.754895528661526759e-06
2.930281322589501827e-06
2.103003054567057945e-06
3.666394023061792938e-06
2.987728099156658075e-06
4.919274339367404610e-06
2.864719126106570719e-06
1.725184565901595034e-06
2.221426264173056038e-06
2.479068260457451331e-06
2.030855884331183913e-06
2.940240563529548588e-06
2.505462626866461064e-06
1.555960841665489168e-06
2.149645847985855406e-06
1.970491309386208638e-06
2.277691340364713064e-06
1.592396895220387654e-06
1.555538064154165273e-06
1.878432424367908309e-06
1.987695597938306737e-06
1.842971029418305122e-06
1.954785378897020609e-06
1.814148663105610341e-06
2.041071998368093937e-06
2.022526544726526684e-06
2.088547845542638756e-06
2.208809008311368456e-06
2.566455534903051649e-06
2.682039840400456427e-06
2.824509689820703472e-06
3.003363674094337085e-06
3.046843856284691211e-06
3.115608162831871945e-06
2.729363483721681665e-06
7.982132997685784278e-07
2.690584018696939092e-07
2.192013655386616618e-07
2.221755949982215256e-07
0.000000000000000000e+00
0.000000000000000000e+00
0.000000000000000000e+00
0.000000000000000000e+00
0.000000000000000000e+00
0.000000000000000000e+00
0.000000000000000000e+00
0.000000000000000000e+00
0.000000000000000000e+00
0.000000000000000000e+00
0.000000000000000000e+00
0.000000000000000000e+00
0.000000000000000000e+00
0.000000000000000000e+00
0.000000000000000000e+00
0.000000000000000000e+00
0.000000000000000000e+00
0.000000000000000000e+00
0.000000000000000000e+00
0.000000000000000000e+00
0.000000000000000000e+00
0.000000000000000000e+00
0.000000000000000000e+00
0.000000000000000000e+00
0.000000000000000000e+00
0.000000000000000000e+00
0.000000000000000000e+00
0.000000000000000000e+00
0.000000000000000000e+00
0.000000000000000000e+00
0.000000000000000000e+00
0.000000000000000000e+00
0.000000000000000000e+00
0.000000000000000000e+00
