2.239704611601828557e-03
2.401336203249371823e-04
7.230480483309962214e-04
9.895109559425543672e-04
3.790227873061229828e-04
7.177353441774508066e-04
3.395768305042196110e-04
2.047161649660836228e-04
6.082979831345549336e-04
2.034827047675152086e-04
3.237282333780440642e-04
9.169831835386147659e-05
3.945503020410595440e-05
9.031239265606715104e-05
1.967700676542367879e-05
3.190923501996022817e-05
2.345083514706637490e-05
3.953560938551410939e-05
4.295132108774187365e-05
2.964439596354568335e-05
3.488858557792247784e-05
2.297899734065629194e-05
1.759011489794178341e-05
1.907807771198792975e-05
9.374871967308681119e-06
1.613031034338118462e-05
1.181577662135132070e-05
1.710054002846600189e-05
1.897876916253190454e-05
8.692855319919266693e-06
8.342583531716786432e-06
7.505798572131300799e-06
1.097827907019643635e-05
9.107891850962168811e-06
7.465680229907493004e-06
1.048205771675360978e-05
8.476608031584789314e-06
8.501580658710492912e-06
9.615438177820772575e-06
1.004204393585910611e-05
5.255730764174321635e-06
5.810916961003738523e-06
5.564438834779415665e-06
7.155254376950772047e-06
4.880806406772498787e-06
3.845384765979180424e-06
4.024065910053637879e-06
3.833620760412506683e-06
5.377047120088045024e-06
5.554919842128895270e-06
2.914695715671706485e-06
3.665750974643255400e-06
4.162911601924618236e-06
3.796067238944357367e-06
3.744089806106499513e-06
3.087282949465588122e-06
2.194065567457187322e-06
3.920127158352394934e-06
3.401005640827376964e-06
2.573202725604656400e-06
2.207634436964620841e-06
1.919907192934527926e-06
2.535572157215048989e-06
1.987119172934816990e-06
2.424141479737146111e-06
2.620180668329744939e-06
2.382756326930731710e-06
2.607194593802048695e-06
2.282712093658521006e-06
2.945049347672795449e-06
2.437986215074183850e-06
2.313306164869187373e-06
2.540075474949974355e-06
1.898155526047989837e-06
1.724969825209689697e-06
3.064295440543946783e-06
3.708360476018030077e-06
2.380107900240989081e-06
1.714897326168769116e-06
3.034256983479728784e-06
2.622564035525841202e-06
1.778528443067314709e-06
1.869710402923048973e-06
1.988529734961189027e-06
1.990785883132707824e-06
2.138842973856389794e-06
2.227761803100099085e-06
2.288169716706493886e-06
2.380339697090677211e-06
2.544080674909094956e-06
2.486233204257986090e-06
2.373379567526302339e-06
2.164081688900882877e-06
2.242750318773736993e-06
2.211333124155765328e-06
2.101356405211170872e-06
1.922777522523230490e-06
1.867785385454057477e-06
1.840910282732471585e-06
2.008182229179634842e-06
