5.096746215242713499e-03
2.680852831112982859e-04
1.459141673883010328e-03
2.931124196323841528e-03
1.621125508647022892e-03
1.355771985804772421e-03
1.837404837910405287e-03
1.010462493255154118e-03
1.993380742039085884e-03
1.033981526747171711e-03
7.468522614482817502e-04
3.067494241542023073e-04
1.602973053013271882e-04
2.866972597647491358e-04
8.447774909962679551e-05
7.458908313093196160e-05
1.748226615116438439e-04
3.792111039739867674e-04
3.445230172320192050e-04
1.591555805592237318e-04
9.266559755340867224e-05
5.017348753319406834e-05
6.638126795370425553e-05
5.931916936491489359e-05
2.929642344755697204e-05
4.640104514785569435e-05
5.363589579155904401e-05
5.289622976499900182e-05
7.477186780840400075e-05
3.261301008382695612e-05
2.862583343598290112e-05
2.605797188599315691e-05
2.871794227173602977e-05
3.878433693298454404e-05
2.050557462119384261e-05
1.853433352576955580e-05
1.906688051632932681e-05
1.686097951220416990e-05
1.716081857384838864e-05
2.206475730991822701e-05
1.991746230422657024e-05
1.892986767516962636e-05
1.262752474371356542e-05
1.156658755925918510e-05
1.062781965319965769e-05
1.430521279792062614e-05
1.869924380061996301e-05
1.068165680678479208e-05
1.225665458184597097e-05
1.271104749461116016e-05
8.703109167882796854e-06
1.124414144235123389e-05
1.233828447575161617e-05
1.304938067391635289e-05
1.282657479033076337e-05
1.183062964641174614e-05
9.049850818813152958e-06
7.449274155587870019e-06
8.003110286810030227e-06
9.654931562130126727e-06
9.230417555397281331e-06
7.053902137689844752e-06
5.738100751486369741e-06
6.539553746213470686e-06
1.088426480998072932e-05
1.668055970891498782e-05
1.339589618676115171e-05
1.034791196880265420e-05
9.191011328896097520e-06
6.553321281042827695e-06
5.902574448196850128e-06
6.886089488059830176e-06
7.696073273873941305e-06
7.063808409486020239e-06
9.252815994887220372e-06
1.075808174962499780e-05
7.435161900900904082e-06
6.425626514839575015e-06
7.624269220500414937e-06
7.885533511560430291e-06
9.469181505025058669e-06
9.613524435920779197e-06
8.605517114212215694e-06
6.598182216281777009e-06
6.253994944351981200e-06
5.042649205962140796e-06
4.009908315880774631e-06
3.886496829655332674e-06
3.962540877418074833e-06
4.122462500260226991e-06
3.997164312574085644e-06
4.030387425706830363e-06
4.620872727503386542e-06
4.647166967314257142e-06
4.513445819027373709e-06
4.706446807716603868e-06
4.775284583829673348e-06
4.445289138106469302e-06
4.215177934864693266e-06
3.870194321608576086e-06
