8.807842102266018325e-03
7.863009551734236220e-04
3.449263917806541426e-03
4.858735314335438198e-03
1.867412836611334831e-03
2.183279182054120252e-03
1.993223299412162294e-03
2.221815397857327627e-03
4.116958369875836111e-03
3.014699400706549997e-03
1.727901283663182790e-03
1.115483756582223967e-03
4.161395279648578624e-04
3.270437513849073705e-04
1.063669926674743610e-04
2.408974374863055994e-04
3.204307956226739923e-04
7.148892312860008957e-04
3.166126701506521719e-04
4.166474063891881133e-04
3.634167357989736484e-04
2.849319166900659097e-04
1.412279859197300609e-04
8.550112024460425179e-05
5.570514084818588692e-05
8.450941952095473216e-05
1.018964049073956322e-04
8.576146620147500179e-05
1.377468892182645381e-04
7.537599294039203383e-05
5.869965052812668212e-05
6.520897484657667514e-05
6.513743408723537823e-05
5.067657683683818369e-05
5.099099087484383700e-05
6.246857647112896933e-05
5.224093711864113114e-05
4.776289473608764344e-05
5.803984213107340979e-05
4.144562796280841467e-05
3.594112315409832232e-05
4.015352355333647407e-05
4.582440916998423120e-05
4.156130847835434196e-05
2.893778074494095850e-05
2.380382685692441011e-05
2.848468919736909025e-05
2.309988577648097895e-05
2.301122652373325332e-05
3.138566899066527874e-05
2.643493054031587148e-05
3.033704683678829745e-05
3.516883829369718708e-05
3.089995048630116674e-05
2.406528850761162442e-05
2.125247264919735064e-05
1.554623380768996831e-05
1.672220990375076320e-05
1.392315351417707191e-05
1.481932329630896242e-05
1.751838634259568573e-05
1.898236485555112181e-05
1.609128049947735313e-05
1.409936051798236328e-05
1.554930352609916873e-05
1.749165036083067599e-05
1.557117922121783316e-05
1.780127328560349203e-05
1.581458567170820125e-05
1.524035260938550349e-05
1.374312556855176930e-05
1.340799045309275369e-05
1.357744777955891089e-05
1.189539173905995158e-05
1.401602493108149564e-05
1.550590200560705202e-05
1.350348584474522242e-05
1.365224705340818839e-05
1.220419099867667317e-05
1.311369764511770554e-05
1.508967051254053778e-05
1.078968956511774219e-05
1.108440248347536159e-05
1.109235218464133869e-05
8.894081185721058755e-06
1.104128904396626535e-05
1.135376814462201281e-05
1.021555068947160786e-05
9.142520064285605182e-06
9.167346641152751785e-06
9.276421993797646985e-06
9.148508680795205427e-06
9.388182981249459835e-06
1.041068334695963545e-05
1.108541752762120585e-05
1.124968475551388464e-05
1.045778597295291333e-05
9.742091914298645574e-06
8.257492685414351331e-06
7.417962930013140823e-06
