1.664611902787039655e-03
1.276197044584459787e-03
4.490211492584022645e-04
2.041140640006240323e-04
5.993249063948634988e-05
1.127301646089232123e-04
7.494524873994607502e-05
2.383202075699606315e-04
7.246089749931439042e-05
6.185450801111942569e-05
7.183072651473843332e-05
4.386976506279652456e-05
2.714480692517364869e-05
2.036845232751689197e-05
1.984848107366432376e-05
5.736864339031975068e-06
1.844709265472290513e-05
8.525288211470733523e-06
8.631153003636235597e-06
7.260739423442307228e-06
7.103798880514353800e-06
5.158646798878677011e-06
4.192772178682035577e-06
5.590790320171426280e-06
5.752733465789122733e-06
5.252743205384622881e-06
4.659337719841652318e-06
4.080387028365252350e-06
4.216761185188846980e-06
5.178831488041823261e-06
6.999845096446487572e-06
5.616495710735938894e-06
4.379963028128684341e-06
4.382596044479314582e-06
5.016334742223718100e-06
4.575557472937800752e-06
6.485819077057829770e-06
5.995359210964941064e-06
3.879364003344686975e-06
3.818458753464159375e-06
4.048229508377474670e-06
4.889324636234804242e-06
3.666998421743242073e-06
3.043025375363581015e-06
3.042062137589585581e-06
4.196186747637919195e-06
4.103226950255764652e-06
2.992325548054795043e-06
2.580873236754921966e-06
2.791213750409893393e-06
2.960591930248744172e-06
2.728357963397687557e-06
2.353236883408985878e-06
2.000876650424508751e-06
2.172275782799337335e-06
2.289211309721009142e-06
2.084675891641702447e-06
1.997060181548971144e-06
1.889180059850355046e-06
1.951080861242972008e-06
1.930457374429392493e-06
1.950885842187289069e-06
2.104964305504731021e-06
2.061638995799430527e-06
2.009924177034090905e-06
2.083535767230185735e-06
2.086509362818560493e-06
2.005560487121125963e-06
2.025289190592800957e-06
2.162767353057232656e-06
2.404047421925833427e-06
2.440692504560683828e-06
2.506979358422061873e-06
2.456304938103213940e-06
2.503423463955664627e-06
2.317683152948589376e-06
2.227829789778898081e-06
2.187645430987964272e-06
2.256067062873826334e-06
2.382136637377477108e-06
2.470006766719285815e-06
2.487903871229663769e-06
2.542082360564959694e-06
2.647190477670182539e-06
2.616420600838240565e-06
2.702752467020539100e-06
2.621328233721794498e-06
2.715606251170204291e-06
2.800486733049269537e-06
2.913604554683922082e-06
2.840736265169791899e-06
2.843301774224101445e-06
2.813306579842295560e-06
2.826495667739959952e-06
2.873018690862212300e-06
2.910420125706025428e-06
2.910888807247422667e-06
2.935994646027221720e-06
3.000701941298782054e-06
2.968658460981427146e-06
