2.816678039344838562e-03
2.092844405801021213e-03
4.250611471640161230e-04
7.819138674840629558e-04
2.822532016346172021e-04
1.762124196538842604e-04
1.481717481792744226e-04
5.230181652852452200e-04
9.830565083465093112e-05
8.989546112585339549e-05
7.267489683479599113e-05
4.041208052036108188e-05
7.220945797559092164e-05
8.658061646158579975e-05
5.929298423049944984e-05
2.928810038215843827e-05
4.046233219291191777e-05
3.464390330933650382e-05
1.244404232895476708e-05
1.811305616571255077e-05
1.292861766584269974e-05
1.094085253313687821e-05
1.276708985654704158e-05
1.353622865664190853e-05
1.113935645987845633e-05
8.504056524052271119e-06
8.980219936973701973e-06
8.285574376910867186e-06
8.430524328685716533e-06
8.394184285308739792e-06
1.075543141770163499e-05
1.133491210192938515e-05
8.338220963046107367e-06
1.191251015247550255e-05
1.176907447769501103e-05
1.184802838723342159e-05
1.202207846124966821e-05
8.690053089744170542e-06
7.823346559063486109e-06
1.060191979566010379e-05
1.348922231192030775e-05
1.171272772143759138e-05
7.980484501910662564e-06
7.573862999040765742e-06
6.781221465651586676e-06
8.787604466915407400e-06
8.603853240111996079e-06
7.150470370317708787e-06
5.199154326343519970e-06
4.710389524711625779e-06
5.296570262007121162e-06
5.201198921764814070e-06
4.318836516273126575e-06
3.582950034647758761e-06
4.977077169795345134e-06
4.944070031120903835e-06
3.846248369812024368e-06
3.944436405534254713e-06
4.343176574619812254e-06
3.960461846810414345e-06
3.177031719776152598e-06
2.888036844878084704e-06
4.242777029980758123e-06
4.479215354978921732e-06
3.075040084250724637e-06
2.637654864068051818e-06
2.744165420840835469e-06
3.980245643942906172e-06
3.987720612063394248e-06
3.974043648369861516e-06
3.330196368152209130e-06
4.222971105240229297e-06
4.089719611119827297e-06
3.248370013053452501e-06
3.602786302218438060e-06
3.525089239056503412e-06
3.921625970363944478e-06
3.127206951485655035e-06
3.029271851302682576e-06
3.100651855317647699e-06
2.414926168556520984e-06
2.163504343794921252e-06
2.026035711062995331e-06
1.892051060349595682e-06
1.828847870811305916e-06
1.864915051618869793e-06
1.980898480448988821e-06
1.962221345321147313e-06
1.918349429127928619e-06
1.937800831137778007e-06
2.051313988251981797e-06
2.287858252795787360e-06
2.330027226815475897e-06
2.158427906790113352e-06
1.983853438054799270e-06
2.027098066010962313e-06
2.029733331012099142e-06
2.099470152668220177e-06
2.055590377491358721e-06
2.028960766119897253e-06
