5.289481031733841640e-03
3.804980864009468913e-03
1.169301038450479757e-03
1.947527899520336584e-03
6.968927650122843775e-04
1.939683292761878531e-03
1.250630743602938744e-03
2.845988172122376932e-03
2.843683212302844095e-04
2.210304791540883035e-04
3.632225293216218118e-04
2.044160752640663983e-04
1.623197569690940578e-04
1.185761257780758456e-04
1.238462872308658210e-04
9.184283036619807564e-05
1.241941306400781795e-04
9.422855588304903003e-05
8.724240457103895827e-05
1.199440948306883616e-04
7.107287439009350629e-05
2.756054508144325930e-05
2.896742642805094691e-05
4.160321743418728108e-05
6.659491468179023620e-05
5.271479277370562041e-05
5.503907803600034302e-05
2.370822887052029441e-05
2.917110802063965639e-05
3.064999255493390415e-05
3.306709701159903103e-05
3.636452400592519828e-05
1.727932091274894181e-05
1.973753045624783323e-05
1.865644713127382519e-05
2.765657321256952998e-05
3.074171076618361666e-05
2.081863475946914827e-05
1.757569566431271235e-05
2.199244632579703930e-05
1.501936831672019271e-05
1.870926674630254665e-05
1.344990622337052608e-05
1.105981785834840133e-05
1.011713113623176638e-05
1.615092156667079367e-05
1.989595359146707987e-05
1.417761386915275543e-05
1.204231766892241636e-05
1.457147809614406962e-05
1.282276348276204479e-05
1.069102944851442587e-05
9.681760937577150739e-06
1.079496019284741115e-05
9.119036238362386755e-06
8.024443595918473028e-06
8.482668919932551642e-06
7.431334384451850262e-06
8.192020845223415738e-06
6.369523277683229704e-06
6.513067481262463788e-06
9.095349900908974072e-06
8.927605199636772890e-06
9.451383642174087719e-06
7.848891697801992171e-06
7.964500668563862239e-06
7.838070097062452396e-06
7.099691698734524242e-06
6.354921089562545580e-06
5.766981671989742026e-06
7.681710846485479720e-06
8.555565523775861281e-06
7.839004535332261243e-06
5.805798420574903443e-06
6.255575607333820775e-06
6.138281098856468891e-06
7.980424148439044070e-06
7.212456596762186159e-06
6.002978655375454265e-06
4.522462146176952821e-06
4.926805761888546064e-06
4.972464513471880947e-06
5.241046730259282066e-06
5.626804898003055929e-06
4.994843127966717298e-06
4.981263775026805681e-06
5.676473963233582342e-06
5.885153608390877176e-06
5.301865835175984495e-06
5.518248911887299230e-06
6.045943135457307460e-06
5.965240872828062061e-06
4.879348192240772854e-06
4.201104203648845447e-06
3.966946686601537632e-06
3.661051591778523894e-06
3.338884807557658082e-06
2.933614312492553464e-06
2.903376359284689808e-06
2.948636430637029166e-06
