8.381247704291433856e-03
4.746248133333302519e-03
1.887934223076872912e-03
2.772404384145799386e-03
1.249754330119512945e-03
3.436808703472060082e-03
1.655399311148776555e-03
5.534007274112315820e-03
1.361518414972217542e-03
1.349846826144549721e-03
1.030681813759642875e-03
8.942722877202869325e-04
5.848333838904084918e-04
3.159557167046984439e-04
2.086288521276907380e-04
1.642124775997533986e-04
2.955428294200805606e-04
1.297480237602057222e-04
1.736256597820978308e-04
4.721121610328956860e-04
1.715512529419231148e-04
1.568301182290065556e-04
1.140042592285473073e-04
1.523360742968033962e-04
1.242842653523821346e-04
4.241184432850377803e-05
5.442399225396205741e-05
4.643702871223833920e-05
4.432186481457081086e-05
7.084136407568598925e-05
6.133778281312664347e-05
5.077831638308353049e-05
4.364481543405894417e-05
5.851902621982346539e-05
6.068659826232092384e-05
5.089260270564405290e-05
6.466292553128225517e-05
2.471297528265007013e-05
2.578090477434210104e-05
3.354892262802648022e-05
2.284588952228787853e-05
1.812407091237478601e-05
2.154855250935312996e-05
3.086932966696475956e-05
2.204848358777855178e-05
3.036654325852900990e-05
2.697786946174335161e-05
2.590111521536693202e-05
3.060016727539927321e-05
2.707140613322587809e-05
2.812610740518244965e-05
2.399230897980922679e-05
1.657987327014637247e-05
1.216592912160236825e-05
1.123497360347119772e-05
1.111293187697807228e-05
1.507935859638764816e-05
1.342085889122215024e-05
1.393869978480649153e-05
1.064414470345431918e-05
1.487060163695811961e-05
1.427334876588669862e-05
1.425568111495037143e-05
1.215099384605274910e-05
1.330814403059615064e-05
1.164382001927468188e-05
1.159572735753454876e-05
1.066763708566201289e-05
1.128472342428114631e-05
1.147824189947920138e-05
1.321035172911637671e-05
1.214817589944274320e-05
1.341708758894255721e-05
1.304994392210857191e-05
1.272891666034646367e-05
1.133826049759357411e-05
9.433390248555736154e-06
1.051593031809967847e-05
9.856767168883787112e-06
9.377187449198563454e-06
1.119139579481680224e-05
8.958489234385153913e-06
7.056907493743313879e-06
6.743963857211676718e-06
7.206009862338105595e-06
7.110544710725968774e-06
7.611796934512531810e-06
8.493970444858498650e-06
9.023726617234667925e-06
9.324169876885725426e-06
9.272224578732464050e-06
7.909051122965735878e-06
6.740425194243362303e-06
6.087527616887181427e-06
5.960015248308828155e-06
5.572175103785268776e-06
4.685404582834067373e-06
3.963475956819949770e-06
3.847260632875920070e-06
3.937077480333233361e-06
