1.513290804375499836e-03
6.599096697197530436e-04
4.200385784468499547e-04
9.108748512787599879e-05
1.641058061193849502e-04
2.583894670658077783e-04
2.319002761629294104e-04
1.437237125834540279e-04
2.288825584772287587e-04
1.000745965221359993e-04
6.288974208346439403e-05
1.077808582968565218e-04
2.052126640820529246e-05
5.431461035666367731e-05
3.730891839613422313e-05
1.171187481598875200e-05
5.688089506823570620e-06
7.873427847017270770e-06
1.257721029792860394e-05
7.567022362655457121e-06
7.360393343054926663e-06
4.416883029705085649e-06
7.692276799788329579e-06
4.493659615405667371e-06
3.861551983234503188e-06
6.395322162124947653e-06
3.351272571631065513e-06
3.200804926233814760e-06
3.991107898060773192e-06
4.094357583783892680e-06
3.297392647028864853e-06
2.505611812688335670e-06
2.350477882333825645e-06
2.357827200506926023e-06
2.412735128405588333e-06
2.258435725902746694e-06
1.632022028135900160e-06
2.006874306953169537e-06
1.874393567728011120e-06
2.192748406072312717e-06
1.678648838414930346e-06
2.224134725779800222e-06
1.743126502319606795e-06
1.945688866790010176e-06
1.826395181064773442e-06
1.904873735364200959e-06
1.635611975784796550e-06
1.805424238660267209e-06
1.768829076545611112e-06
1.769666730065952725e-06
2.026096465954807043e-06
2.343247992405022241e-06
2.347725236631935332e-06
2.306402566981551358e-06
2.296804673106993480e-06
2.238558599344737647e-06
2.224625433630995592e-06
2.434674986667063709e-06
2.143355002209519659e-06
2.058787059819392409e-06
2.319904847810958153e-06
2.875477086710514458e-06
2.979888976864488048e-06
2.984193519390687220e-06
2.921445099608160240e-06
2.915939276993327466e-06
2.798190905818236043e-06
2.631792783401209987e-06
2.558468830753606435e-06
2.638191093173549622e-06
2.482268073250901803e-06
2.482059106672022406e-06
2.503486852825123165e-06
2.737099826915720989e-06
2.973156858486070876e-06
3.163311066941066704e-06
3.134332951034058341e-06
3.064349294108437919e-06
3.046486888434711971e-06
3.079886906460518346e-06
3.080011842594851461e-06
3.064496897288933651e-06
3.020223813473285366e-06
3.023489801720756531e-06
3.023463679906991022e-06
3.020951801127034114e-06
3.087872695091059705e-06
3.128030565266476747e-06
3.136231450115008954e-06
3.107333804975569880e-06
3.026583024531120361e-06
2.984339924353595535e-06
3.069893054018190916e-06
3.110976633893332394e-06
3.059312507800358710e-06
3.013398082317788393e-06
2.903310199155907058e-06
2.718737717301106907e-06
2.693794567821678107e-06
2.729938130335459714e-06
