3.177552889446165311e-03
1.751161219856455517e-03
1.345433000143377326e-03
6.015946407537987612e-04
5.318776818819432066e-04
2.872902497849059707e-04
3.452722657854166623e-04
6.721839750058147172e-04
6.261128771734696683e-04
1.902481607988624644e-04
9.059983054367095159e-05
2.025164970196269222e-04
5.841470639328820354e-05
1.477461106940245350e-04
5.250641977905129036e-05
3.684390629095731271e-05
2.570827569246544747e-05
3.558229735782727788e-05
8.764145155109298168e-05
2.808127618002284232e-05
2.552741091017162638e-05
1.766516411943133696e-05
2.591337918723816188e-05
2.792985278690988837e-05
2.200806431460959031e-05
2.934468866019368548e-05
1.306025439593482111e-05
1.393096001994681600e-05
2.342372534805235926e-05
2.080075479575974238e-05
1.209389701049544599e-05
1.277625428155904813e-05
1.507376077974650678e-05
1.283059702699925370e-05
1.533662670238668190e-05
1.128837373688445720e-05
7.765019053078612874e-06
9.348561896489138238e-06
1.358415651578021413e-05
1.316223983388948192e-05
9.491694385441244415e-06
8.259217301573506129e-06
9.521811318289061658e-06
1.150719221530752542e-05
8.351761974218664669e-06
7.275709144571616576e-06
7.784152387263640826e-06
7.733322797575002957e-06
8.194524623064511850e-06
5.656311914669728807e-06
5.887697494040200172e-06
5.257443457609740307e-06
4.738367675562747489e-06
4.178396647127725687e-06
3.620063302133474544e-06
3.930270264274006694e-06
4.049879341417845049e-06
3.343809216138157470e-06
5.958315291932511142e-06
5.757906285410766296e-06
4.671081070550607195e-06
3.744322966874273070e-06
3.689933994600790613e-06
3.954595419126903125e-06
3.439615777787870256e-06
3.009409120864585571e-06
3.011424386269653181e-06
3.183685387411584047e-06
3.512822238112179823e-06
2.581308498834298100e-06
2.797980418704089837e-06
2.858345880127465970e-06
2.462659107144846175e-06
2.042580029790847997e-06
2.036434841675506409e-06
2.202079163511972088e-06
1.978013025897968509e-06
1.789766749456348084e-06
1.847097148621567488e-06
1.917088712343470546e-06
1.969235354511558195e-06
2.095832651543577334e-06
2.228356633951870049e-06
2.170239557726842589e-06
2.083054598669006803e-06
2.008456182580218410e-06
2.178548304809873478e-06
2.128565896139172804e-06
2.037932107629446811e-06
1.975470315807655204e-06
1.816447950192059180e-06
1.932277887022417203e-06
1.871222174242406795e-06
2.074235997283806868e-06
2.023222594019491043e-06
2.009347647471351936e-06
2.096250614844285541e-06
2.145083147214038419e-06
2.245461189315503748e-06
2.393517799155854821e-06
