4.187610136825351860e-03
1.928099421605630791e-03
1.403043752628588010e-03
3.195699632907447675e-04
7.826910220324380125e-04
1.458653042554073189e-03
1.267051777438049642e-03
1.096174487038459582e-03
8.169435545721813506e-04
2.777916331705370485e-04
2.165974665196181159e-04
5.075042198566217166e-04
2.715296846279270583e-04
2.433910421408885176e-04
2.437785187179521054e-04
2.180819672705530839e-04
1.204965215505751273e-04
8.356886223867247983e-05
2.243887222295572539e-04
8.403398786508885709e-05
3.964480754572996117e-05
7.297753701172022384e-05
5.371045470991830408e-05
4.543761001225267801e-05
5.211553407480193259e-05
3.612391250693299080e-05
2.724689407254354915e-05
2.606057347598873014e-05
2.131360872201599075e-05
1.930296961026042808e-05
1.222866396028475473e-05
9.381108970797946529e-06
1.064966909489377285e-05
1.842895921098634967e-05
1.646724257811588908e-05
1.090685741492023906e-05
7.773271481397019551e-06
1.057055262234609294e-05
1.030853755617690615e-05
1.169306542542136856e-05
1.236936460073289358e-05
1.527609892714182569e-05
1.254277813914023478e-05
1.048784623709449383e-05
1.506249459391745142e-05
1.862387472205459307e-05
1.481343904398916654e-05
1.636880063540015082e-05
1.248089187433562428e-05
6.402218659547784158e-06
5.214981620993564428e-06
5.155216530197312759e-06
6.891326636057854939e-06
7.957054349924975130e-06
5.496149822421745626e-06
6.767709757682232677e-06
1.152673735800026120e-05
7.497611726822818375e-06
6.322450532035242231e-06
6.466117035299613214e-06
6.013218039000435569e-06
6.969874480721492216e-06
8.040967193741877691e-06
6.284536789584283404e-06
5.451863478860657604e-06
3.705569966643243851e-06
5.527332954076758448e-06
5.160678814584676355e-06
6.154572234356740827e-06
5.113602925669921713e-06
5.498242076734248703e-06
5.445420194909839357e-06
4.420224051248356567e-06
3.699041947031557784e-06
4.005554725222700432e-06
4.135943361437778529e-06
3.823785073810973151e-06
3.262214971968416229e-06
3.642437577003608250e-06
3.651268938349262459e-06
4.264503877848672782e-06
4.847148511248469533e-06
4.930309545005370446e-06
4.227022017268532386e-06
3.620174485621744379e-06
3.558059777876336440e-06
3.528651525846889384e-06
2.971455722327439591e-06
2.260272739272526590e-06
2.043955792734889572e-06
1.949667058060003267e-06
1.799274167133472559e-06
1.857665395348220918e-06
1.930105792094622684e-06
2.000598377997997826e-06
2.173008724221169704e-06
2.192069089096750795e-06
2.162978382718290309e-06
2.060049080010950784e-06
1.964918617726558718e-06
