4.780828754963053866e-03
2.341201499703138462e-03
1.458261060444824035e-03
4.284773118642137314e-04
9.762426934801458076e-04
3.652642991043714323e-03
1.966170480955079739e-03
1.759113983486289452e-03
1.869143684885840508e-03
9.892270735056976974e-04
8.308992584490734095e-04
6.888416200827384523e-04
3.517430124196433403e-04
3.787166758075683512e-04
1.661291375021053452e-04
1.993101519238068555e-04
1.076105043261609868e-04
1.153128160908788039e-04
2.314076972037956887e-04
2.102839020406561921e-04
1.479522193217025592e-04
1.646742072162407915e-04
1.176347393302032521e-04
6.728574920969436913e-05
6.094613884969156658e-05
4.202070617130859731e-05
2.245331213465250590e-05
2.838034287020045529e-05
6.829433982765636491e-05
4.611969231053357081e-05
2.237531210826480894e-05
2.126668093199767309e-05
2.774390308982141879e-05
3.034736622086310967e-05
2.215026001707377958e-05
2.592293119533681608e-05
1.452005112818814451e-05
1.952851848863276880e-05
2.476499527956050413e-05
1.563833901718168288e-05
2.469694004961965091e-05
2.531891291646659468e-05
1.730111730897270546e-05
1.579366048637420740e-05
2.476060342390167332e-05
2.822973950850497294e-05
3.307324915014181552e-05
1.880590873615431600e-05
1.628330364140506258e-05
8.339847162200178396e-06
7.683073155494978419e-06
1.194372881967235033e-05
1.185909275881064682e-05
1.092060687856722139e-05
7.734185974530459194e-06
1.095423462043398569e-05
1.442160191502698433e-05
1.024135296781667789e-05
9.379466294440284830e-06
8.558414939698025625e-06
8.024732858506137745e-06
8.915122554566230368e-06
6.783150124560499106e-06
6.120697425293974628e-06
6.134210743821226577e-06
6.108375269930029264e-06
6.104718536846244866e-06
4.945022790392947863e-06
7.142649826889432163e-06
5.531384258080669258e-06
8.777969636253668616e-06
1.060134097489523444e-05
5.622536316459153668e-06
5.110110383141467707e-06
3.824460126085188607e-06
3.943080197082203325e-06
3.867158816005873863e-06
4.361941015980848831e-06
3.924305401706378321e-06
4.164762324459780963e-06
4.600785365681522942e-06
4.313226082438708022e-06
4.510146324119603735e-06
4.217971957729615462e-06
4.083549247779590890e-06
3.848876497973606229e-06
3.741978917510405950e-06
3.445614541158604599e-06
3.246590305641292302e-06
3.124066258160743216e-06
2.798460122215230594e-06
2.647520679753881565e-06
2.703759157945451212e-06
2.606219501717662260e-06
2.607010663027122437e-06
2.837537946291312997e-06
2.611894887728231617e-06
2.556541875591304350e-06
2.405532859682801692e-06
2.413427381404150926e-06
