2.212920185884602580e-03
7.089871664794443864e-04
1.478785461287061538e-03
1.839293005686341300e-04
2.579800041479980732e-04
1.321611931220549932e-04
7.603595021940932246e-04
1.379912253240521013e-04
1.524235015246577145e-04
1.273636057913950139e-04
6.635992345798783225e-05
2.863037405309930460e-05
4.796481212129153146e-05
4.092183414152038588e-05
1.270530659949491885e-05
1.060444538484591735e-05
1.426455646857159799e-05
1.138350350493773276e-05
1.188946247527233780e-05
1.097980577508634292e-05
8.357655877553680419e-06
1.594121050914044214e-05
1.015648509448771353e-05
8.482952315745517593e-06
9.008184553481560862e-06
8.656523785361463084e-06
1.155355482840918790e-05
1.153462525979852496e-05
7.718675389797040087e-06
5.604231541296678817e-06
6.124164054415943155e-06
5.942324047337550609e-06
6.333736078375853747e-06
5.416895076133853333e-06
3.877122775190170583e-06
4.175455785817170058e-06
5.262719825429302395e-06
4.721447723226790340e-06
4.163648162582840241e-06
3.402304641479318812e-06
3.966680652603789838e-06
4.936357277910078246e-06
2.724585349103573743e-06
2.436227068583140259e-06
2.671263553321194870e-06
2.678235800920595526e-06
2.489595591873347349e-06
2.137402815010777444e-06
2.047435456613070962e-06
2.254755005290180929e-06
2.339800871482497400e-06
2.188971130503898434e-06
2.166852088826244861e-06
2.185778688052370863e-06
2.250961182496412692e-06
2.252088634478395381e-06
2.383117613159205286e-06
2.278306676995103131e-06
2.228912959358855307e-06
2.405045034557580552e-06
2.337869524061755561e-06
2.365348356379524236e-06
2.375223294287821949e-06
2.388441769643004392e-06
2.329038201804549204e-06
2.309397110657773353e-06
2.260342475340085642e-06
2.355730269147897202e-06
2.212794981350125853e-06
2.258874763045575584e-06
2.495505014745404931e-06
2.625297709487400265e-06
2.763724268776062861e-06
2.845357674184917764e-06
2.871568555079330277e-06
2.840949692998752674e-06
2.775943005842904518e-06
2.864024813833830385e-06
2.875813992784124654e-06
2.832902968839544947e-06
2.776295329579688063e-06
2.784055508251841656e-06
2.780582445087863849e-06
2.712073752277623430e-06
2.712190429866965284e-06
2.805390634227835319e-06
2.885816940800399978e-06
2.982775814742102282e-06
2.965687615684401675e-06
2.967506671878580394e-06
2.994611961641860993e-06
3.042909633139894500e-06
3.120573607048469242e-06
3.142486967065021458e-06
3.142891765990373472e-06
3.151038768257333700e-06
3.146903685263786410e-06
3.151163119436090830e-06
3.146959424471976802e-06
3.120603260794227429e-06
