4.757573749022207289e-03
1.325657817283247856e-03
3.665551595131778459e-03
1.522005254948536560e-03
1.396068799779102412e-03
4.347854500058704360e-04
1.626647747498678786e-03
5.058892006913284995e-04
2.409710899433156338e-04
7.807127457529191097e-05
2.197793870344549112e-04
9.257111356473692466e-05
2.925801346714013845e-04
1.529392092266849620e-04
9.757966476136620173e-05
7.113779707051531018e-05
3.884869026828147609e-05
8.589392679172628891e-05
4.097859227641933517e-05
2.940770497987769220e-05
1.887366789319043389e-05
4.488976936255368986e-05
1.572653685282141228e-05
1.788980804814648565e-05
1.412053917907217703e-05
1.532357000803453921e-05
1.238659240379040010e-05
1.386430822050354260e-05
9.794985217175460629e-06
6.203151279398688393e-06
7.039148797678566519e-06
8.404216706587199000e-06
9.565676039985430257e-06
1.138225382706899313e-05
8.216126886187252203e-06
6.856969851635494686e-06
7.629332916170340366e-06
6.737902076067228810e-06
8.103859956600733170e-06
1.185358585670553000e-05
7.964190129175048675e-06
7.662142332505679214e-06
8.855108005136868093e-06
9.795668320308374561e-06
9.799186157425934538e-06
7.934557638658506370e-06
5.533282665913895332e-06
4.709661614945999297e-06
4.096404363609775755e-06
3.893325119135799517e-06
4.371195819860718399e-06
3.673985932738286304e-06
3.330251457700383271e-06
3.623488803106327889e-06
4.118979489006835874e-06
5.892125802647366198e-06
3.772637191622094467e-06
4.354066716353411285e-06
5.737792819877071950e-06
5.565193357781170240e-06
4.641918186909965042e-06
3.503583630758393830e-06
3.394732304465663303e-06
3.964524948570395569e-06
3.808041342681356316e-06
3.228449296227993709e-06
3.248436223551115529e-06
2.833083125447642634e-06
2.570266396994220859e-06
2.482251820116218923e-06
2.718700348278630116e-06
2.829110756004430613e-06
2.503403096556766447e-06
2.410124812253148737e-06
2.481050683849968963e-06
2.421045614022471217e-06
2.384399870055521046e-06
2.467055085579356218e-06
2.272053005889859689e-06
2.133120160606390705e-06
2.116101997064727605e-06
2.135463488227690330e-06
2.105297675994917828e-06
2.165142798856951130e-06
2.193933200561103020e-06
2.170077249358304400e-06
2.285725482762134719e-06
2.367584716690192551e-06
2.404561604242997528e-06
2.211678300880815576e-06
2.260054907189466636e-06
2.263209432662840239e-06
2.354957538867481833e-06
2.381371649646914791e-06
2.525785570864240406e-06
2.612501348863959836e-06
2.715905323071584501e-06
2.889916924132159631e-06
3.054559731655508296e-06
3.097141587457884139e-06
