4.912298889496654990e-03
1.527092649973718370e-03
3.820748639857772782e-03
1.911499645084294022e-03
5.776389685415838499e-04
4.289872784196650671e-04
3.033679306098649529e-03
1.069641565074158987e-03
2.342386109061939071e-04
1.806882932016245483e-04
2.927930986842565268e-04
1.885415155802479790e-04
3.909092595519178754e-04
2.139476030378317773e-04
1.577831294408739708e-04
1.112940014447898126e-04
7.222570689728020725e-05
2.658236620416725066e-04
8.854579048373973130e-05
4.884185989267461820e-05
2.600219369906007323e-05
5.332246376853944276e-05
2.899730607176113011e-05
3.604282211678149639e-05
2.112646006114219136e-05
1.795225477995732131e-05
1.928029967039342790e-05
1.712537669121905607e-05
1.231428167579121825e-05
9.177953646049939192e-06
1.156460740039606069e-05
1.374799266696158377e-05
1.523276840825256727e-05
9.509122819544898856e-06
8.209324503700044735e-06
1.102479593259761812e-05
1.196921108097406678e-05
1.062017999873379147e-05
1.463534023580295910e-05
1.517887657223850731e-05
1.089818005274556027e-05
1.233560620511674873e-05
2.016771223816152386e-05
1.894532983017312814e-05
1.424460328800921574e-05
1.148954220356239065e-05
7.656197748230483962e-06
7.056568108459828197e-06
7.963578589487838906e-06
8.205945015731487481e-06
6.462278471866654770e-06
5.893360354595881060e-06
7.039389290683830666e-06
7.893025192145651948e-06
8.966771726253966302e-06
6.672441820076762714e-06
6.184776302198723528e-06
7.006464538796763730e-06
8.723462023000205388e-06
6.668658434599866176e-06
5.690641590141405882e-06
3.841093494762888550e-06
4.471518388510685147e-06
4.007863499328323560e-06
4.254244150194498381e-06
4.634098666560483663e-06
6.114246829989368561e-06
6.663142943200555613e-06
3.494172514882488020e-06
3.233462560210303212e-06
3.195409324921847007e-06
3.144223297358037461e-06
2.885872443803826075e-06
2.701681751250933810e-06
2.919497762295397544e-06
3.508463455959699391e-06
3.829176151856752757e-06
3.772549994471751368e-06
3.612111150971189031e-06
3.376309580648548770e-06
3.445303977000179777e-06
3.227263954098041421e-06
2.700695027903780022e-06
2.455103405854666380e-06
2.510341195233847121e-06
2.401733131802727859e-06
2.065798180860059412e-06
2.130915317597989781e-06
2.074021201761140102e-06
2.216632048915442168e-06
2.436035821536409742e-06
2.476940107164601650e-06
2.289552171257817240e-06
2.132568765393079414e-06
2.178563893796471838e-06
2.341594638272432036e-06
2.468061012054408054e-06
2.672474164909522504e-06
2.839933093867488571e-06
2.901622844217124354e-06
