9.796406608322049542e-03
2.986795820348218597e-03
8.076857669010197721e-03
3.981932492916815530e-03
1.394339916838772953e-03
1.493980052685226628e-03
4.713863662139224087e-03
1.514257296504391758e-03
1.086078578032405231e-03
4.008039604250360276e-04
6.413944778434507808e-04
2.919758289386091424e-04
6.655726711752122131e-04
6.031020270065792646e-04
4.594330603428427870e-04
2.701509350276581445e-04
2.225223956279796312e-04
5.141777889616824370e-04
1.077595870471787680e-04
1.347475274566678092e-04
7.772037000743245666e-05
2.230411914236195444e-04
1.007907410394223458e-04
1.115677168369807630e-04
5.769521268544810632e-05
5.760379889406977796e-05
4.472791411290983146e-05
5.042589578665740858e-05
4.391528928928855777e-05
2.668877412889937993e-05
2.879031699492962787e-05
4.122066011502243299e-05
4.740139955290926100e-05
3.309669226430050627e-05
2.389690025449400500e-05
2.771744343866598068e-05
2.943281014856912275e-05
2.033500707288461701e-05
4.132617416457612966e-05
2.973312173033642436e-05
2.659942757915973856e-05
3.432079896518223201e-05
4.473027620960907908e-05
4.440791472626981717e-05
3.239570971525955408e-05
2.655101315820430018e-05
2.076004289763028351e-05
1.936969524004050926e-05
1.887664642533999732e-05
1.828318179107428420e-05
1.694456947189512520e-05
1.774407185644914732e-05
1.852034777921319242e-05
2.166472590761318867e-05
2.105424598052619241e-05
1.448966314887499021e-05
1.546444356359834012e-05
1.691315670639450600e-05
1.588180966635061684e-05
1.589411865049344296e-05
1.741520803455184012e-05
1.194460255916305175e-05
1.214830981971653773e-05
1.098844470797993938e-05
1.624401731167792498e-05
1.292241206303075023e-05
1.608913038474236841e-05
1.846216378426734472e-05
8.423434791479774070e-06
7.675074330814976410e-06
7.548889147158378608e-06
7.797263727847271071e-06
8.652992020035208887e-06
8.279318224364321272e-06
8.558007129707728190e-06
9.314515309489612870e-06
1.003146437496503665e-05
1.034227171569471361e-05
9.684550628625668129e-06
9.255295831407146659e-06
8.448314129516147123e-06
8.019597848870922745e-06
7.012481445171600105e-06
6.552962337130266729e-06
5.915889072571525037e-06
5.971877504462689288e-06
5.538180206121506199e-06
5.625661636589846159e-06
5.832281292480219770e-06
5.938099365827813003e-06
5.689945394202011919e-06
5.187504789641261749e-06
5.291882082351999058e-06
5.126915443206960006e-06
4.805709140937499574e-06
4.375668372108346873e-06
4.044937518546857975e-06
3.933484280862656737e-06
3.871312592868510778e-06
3.855016837870330086e-06
