3.462034839446334177e-03
1.432502818871144714e-03
6.196298120862712890e-04
1.777519586266481137e-04
6.819129190230221928e-04
1.030310299237581538e-03
5.007012058639652950e-04
2.148599936665013461e-04
6.840681563533612176e-05
5.030093681607098935e-05
6.084428643735280889e-05
4.163379910718713887e-05
6.639666608106499794e-05
2.428250850389617192e-05
1.909746142397403203e-05
1.074479240769353968e-05
2.344724851429101528e-05
1.305520643250072818e-05
1.625225204545753990e-05
7.231214969880934479e-06
1.554538483740221128e-05
1.501229007609026516e-05
1.109419459296777441e-05
5.144785206121386784e-06
4.673672974331589936e-06
9.922765534037613993e-06
8.502277884025912145e-06
7.809533755581697428e-06
5.047945522306394842e-06
4.205229161819104786e-06
4.646622273260212247e-06
4.956019449086647445e-06
4.067426104570727460e-06
4.805093725251036804e-06
3.693770903009685942e-06
2.905577205399280718e-06
3.317061895680250807e-06
7.062254291917588694e-06
4.134753443704460771e-06
3.842837369411472728e-06
2.704148703302070410e-06
2.729281712574662735e-06
2.421207742803062330e-06
2.391226739198217338e-06
2.384189646248310994e-06
2.310946694613772728e-06
2.154564279419055788e-06
2.019618422686410746e-06
2.027202564822697086e-06
2.124927569427498514e-06
2.410673474385052471e-06
2.842241678206910526e-06
3.709151598700372121e-06
2.874537986534017120e-06
2.192115884134747447e-06
1.975094214398462430e-06
1.934298615363539349e-06
2.244311200594172248e-06
2.150787104128492815e-06
2.157492169551440430e-06
2.503684987406786853e-06
2.304348304479237689e-06
2.187746062900498773e-06
2.342591412809568681e-06
2.406206311611883535e-06
2.314489488445565181e-06
2.376311031401709090e-06
2.321882933607637278e-06
2.413402445531751958e-06
2.564469139800191748e-06
2.711176765323943806e-06
2.874772790443439286e-06
2.866587237177925601e-06
2.834134903563374086e-06
2.848376622481424537e-06
2.817748787483167270e-06
2.797373175654808869e-06
2.813607598938199396e-06
2.843475788791857449e-06
2.868332494537439074e-06
2.787125020662585261e-06
2.668318893215954188e-06
2.573841559866495556e-06
2.630712155352951653e-06
2.661688039584579140e-06
2.709633530005943780e-06
2.881782199757440999e-06
2.930245458124970671e-06
2.976741098064650238e-06
3.040147916320898518e-06
3.091847829009648077e-06
3.120871337058000315e-06
3.134000796969728113e-06
3.137704112715266523e-06
3.115640784049657734e-06
2.365081030010742102e-06
1.979045027966729704e-06
2.034348157517204922e-06
2.984836681419314941e-06
3.112877413122910831e-06
