5.323500953730042964e-03
2.066810553862757829e-03
8.013870770560287430e-04
8.931144424932661776e-04
1.016305013903929556e-03
3.226056841532696107e-03
7.615228987789312079e-04
5.537226216406793437e-04
1.701874236395371353e-04
2.285370566747832043e-04
3.827421722028054437e-04
1.399836769675422089e-04
8.522264332898214572e-05
5.532533322945021461e-05
3.822133197796252053e-05
3.896859142485388473e-05
1.203238023191712712e-04
3.435163217328893355e-05
2.665379014456950463e-05
1.500039285212376199e-05
2.771619177591336006e-05
1.619893449821121828e-05
1.540407245973904871e-05
1.241444835898376479e-05
1.184627168522032436e-05
1.883863115252694837e-05
1.515073110572456905e-05
1.008433309356642346e-05
1.094901743075430531e-05
8.862294328703210577e-06
1.014766096171672921e-05
8.272998060565105212e-06
9.964804507813086637e-06
1.152201815743856621e-05
9.926935141183955313e-06
6.606589138574249134e-06
1.123682539464570860e-05
1.009654438289277619e-05
7.929593259657176089e-06
7.499322721040852477e-06
6.854819386451262537e-06
6.673198730944807825e-06
6.562442218008428499e-06
5.730481326354144308e-06
5.450557880438583129e-06
4.885770877010250799e-06
3.724772768104136563e-06
3.914657786302795589e-06
3.354677434811748019e-06
4.751004485798768993e-06
7.628203786272011129e-06
5.160646066155535798e-06
3.933234810994607845e-06
3.797527457149646613e-06
4.669940633232095789e-06
6.285328390285780927e-06
6.392896542219349108e-06
4.689161637329390359e-06
2.825770009987683678e-06
2.555961539558980861e-06
3.113639078708975700e-06
2.489117380105170115e-06
3.502448414197063687e-06
2.440161898610172052e-06
2.443374164168792555e-06
2.161898819044227885e-06
2.530533518453878362e-06
2.647258677870092540e-06
2.246226537009265060e-06
2.241260006327161409e-06
2.204862452845306283e-06
2.116445776977538919e-06
2.250504452006013026e-06
2.059998521805324838e-06
1.934869256914083826e-06
1.911379216086533754e-06
1.705227756343313984e-06
1.826086971422708231e-06
1.898590150412579132e-06
1.952795096069958742e-06
2.071742333349022190e-06
2.002444480835590460e-06
2.078430548544802843e-06
1.955991683588637498e-06
2.017020604492789064e-06
2.019395682899197786e-06
2.111413417254079059e-06
2.331082312195324747e-06
2.549110347835577490e-06
2.710085136158107145e-06
2.873850865604300499e-06
2.959005698837875763e-06
2.991132112344848350e-06
3.038770379090452363e-06
3.027319307315917091e-06
2.084387038839109054e-06
1.956916434724078450e-06
2.364404980024891369e-06
3.056574896058938755e-06
3.143449601267311828e-06
