7.816570614881316117e-03
3.174130242390063149e-03
2.049568578424699073e-03
1.313591560697557198e-03
1.913374596592207948e-03
2.355922821547235934e-03
2.641586359382780500e-03
1.584637931746780059e-03
8.542577380787059853e-04
4.280239082642500834e-04
5.015567551944639371e-04
2.896663336729176936e-04
4.885833381640357354e-04
1.532527059904292463e-04
9.942061097607998428e-05
2.223220707521001728e-04
1.816447752375945079e-04
4.972622926386333748e-05
9.651187137865741971e-05
2.956516009944476817e-05
4.860783502821191100e-05
5.855048740562590349e-05
7.422116067380259770e-05
2.194911766024693525e-05
1.846803290996732336e-05
3.095848945482253527e-05
2.372565768026143113e-05
1.760369430583920859e-05
1.426774599645294429e-05
1.873428222872084944e-05
2.058560092491764867e-05
1.549695171763635225e-05
1.434849196339723272e-05
1.850141881825160932e-05
1.765923116779234123e-05
2.022037794541135257e-05
2.743400976177999578e-05
2.389111353508105461e-05
1.344050978120879459e-05
1.634763580144467338e-05
1.620291451734171548e-05
1.283673831374225139e-05
1.611114728860984192e-05
1.084537404717257613e-05
9.876564416520738178e-06
9.854140429637239226e-06
1.113402779556678931e-05
7.762738304038537725e-06
8.856052964278883751e-06
1.255817040482866599e-05
1.292988162817406816e-05
9.259240339360562562e-06
1.003866887641541236e-05
9.158917347823333836e-06
8.886781879285441844e-06
1.112331790259390966e-05
9.188209651301779135e-06
7.672366570681505852e-06
8.198953369074464697e-06
6.799953641855432952e-06
6.844671591924176314e-06
5.114028091181176130e-06
5.808732164180410570e-06
4.898853072005873998e-06
5.260525543872407389e-06
4.609574533257411336e-06
5.284244382558644072e-06
4.782694934368148059e-06
4.927245980840544200e-06
5.282133693500460034e-06
5.367794260979082439e-06
5.234868747551038850e-06
5.323288867925991542e-06
4.877864803054607192e-06
4.276253730821434458e-06
4.137212721123173676e-06
3.729200603240057586e-06
3.606553541272544119e-06
3.460049763527168429e-06
3.405850174663963892e-06
3.296490419764056526e-06
3.194629871356840497e-06
3.278898921228793197e-06
3.419131852837555006e-06
3.288816740740816198e-06
3.246271829250877959e-06
3.062835246519175592e-06
3.029868783028033764e-06
3.071997326366093801e-06
3.125478576287121910e-06
3.281959709396830216e-06
3.382496859370461243e-06
3.530205440453475109e-06
3.596921499849304672e-06
3.164334068859674755e-06
2.971259177290507179e-06
3.062177599562382695e-06
3.633821847614638864e-06
3.797283862953623315e-06
3.816285623220091598e-06
