1.056138813668716647e-02
4.988166191985366447e-03
3.852138328783475014e-03
1.105989749379285335e-03
2.597970526271039995e-03
1.513648159951664794e-03
3.143358344491101186e-03
2.228805128343589164e-03
1.185612789104041609e-03
8.032589309650444744e-04
4.254326713084902981e-04
1.220596463736922730e-04
3.602677976488653051e-04
1.282382338210113549e-04
5.336058071067479561e-05
6.409143280738162926e-05
2.650575039893190489e-04
2.371608375814183794e-04
2.681615881248677587e-04
6.192540442188652406e-05
1.450929929374502919e-04
2.051155021424798765e-04
1.207052733821945039e-04
5.070619944444027763e-05
6.623618456747940367e-05
1.142072936228413587e-04
1.333955787488912787e-04
8.116467602916569574e-05
8.374798860297241678e-05
9.094870881248419523e-05
8.786574973668301487e-05
3.349511488615723867e-05
3.372168553189889119e-05
3.088629294344442689e-05
3.639336013943437619e-05
3.414272260215659745e-05
6.137193493522967761e-05
4.816919628909097805e-05
3.949752236414984463e-05
2.874244689515929285e-05
3.229717702901388384e-05
2.814260710604406590e-05
2.043003509942015503e-05
1.556141688977044207e-05
1.282977247052644522e-05
1.313055785687943251e-05
1.226008344054989443e-05
1.465295696221204335e-05
1.087374286376725591e-05
8.964906220129079811e-06
1.071467440776792695e-05
1.563827188197839231e-05
8.598708672861661684e-06
7.964388913237969086e-06
8.241812868979912196e-06
7.486022642709316146e-06
7.741506512118954158e-06
8.872466971887028899e-06
9.284102214857722037e-06
7.413965784931810835e-06
1.181918019249966939e-05
1.330698309830983716e-05
1.102696284527608303e-05
6.626451246250092792e-06
7.477555349873779614e-06
7.836317995798009216e-06
7.456686532947868794e-06
7.094503980891265052e-06
6.257678021110549687e-06
5.649263251646523365e-06
5.417808323870111045e-06
5.291581685372189484e-06
4.771022359417678766e-06
4.976741516491990162e-06
5.212441348260564189e-06
4.827981678373968444e-06
4.324833337792328797e-06
3.821949501522654571e-06
3.904130113313503722e-06
3.990169063499464456e-06
3.134233283309756692e-06
3.273161652395306120e-06
3.718227795790297792e-06
3.833398938737963658e-06
3.398114524288387487e-06
2.756736199045576226e-06
2.496233011430337123e-06
2.306040976772327197e-06
2.030039747349396770e-06
1.880668903428279137e-06
1.940798260429281541e-06
2.074129500387771304e-06
2.267659331923365730e-06
2.324811416813746324e-06
1.851947290923843403e-06
1.905770161907043220e-06
2.259963984752062099e-06
2.907971998570057628e-06
2.988938713797259192e-06
3.015086063369365333e-06
