3.105059909043723400e-03
1.776282295178619516e-03
8.293608432712143734e-04
1.538269936119344029e-04
2.207017372781996326e-04
2.971455517616670788e-04
2.935797858752617600e-04
7.878331563386479640e-05
2.353352931181935449e-04
5.048976406676466885e-05
4.684627572071579525e-05
3.836987145354800715e-05
1.551794663529144284e-05
1.523260319243550135e-05
1.244674633067407127e-05
1.077332172290777163e-05
8.310636873187278060e-06
7.300066086592942337e-06
5.177179158742980195e-06
7.621105356666317751e-06
6.344715504499134409e-06
5.839423577860326943e-06
4.628295514900499194e-06
6.006961243188897195e-06
8.805047436410476505e-06
3.690878809402819853e-06
5.363080810058042938e-06
4.144987498375382434e-06
5.895470311723533968e-06
6.197311146254582031e-06
3.207115457101802586e-06
3.766705824372368631e-06
4.132658442048690910e-06
3.059555409169825690e-06
3.058556556767902481e-06
3.618095310938703366e-06
2.677556107233939186e-06
1.923445094432195146e-06
2.005020929318254708e-06
2.151558300035193588e-06
1.981929577252376498e-06
2.052979701600812783e-06
2.053548390420811366e-06
2.210766683019834998e-06
2.343243539117313994e-06
2.508086771894248834e-06
2.463612465002555304e-06
2.294893233517891355e-06
2.286895916430538462e-06
2.086566233771788333e-06
2.278167155431752202e-06
2.543037622422589332e-06
2.365534197984725258e-06
2.345105841700817393e-06
2.635829278405449195e-06
2.860088151402990588e-06
2.919831618614025308e-06
2.887691309171502601e-06
2.989459791258037436e-06
3.071221258483477677e-06
3.060226396509636408e-06
3.090861856877990347e-06
3.190696763392288077e-06
3.181648832858592257e-06
3.202782215279652617e-06
3.181308058886738616e-06
3.160794329255755619e-06
3.190224202270363055e-06
3.173481100779255309e-06
3.158102131007775012e-06
3.170614547252531138e-06
3.156898188598615121e-06
3.171851719905232110e-06
3.168664590856555212e-06
3.135722705684705425e-06
3.124043979829551083e-06
3.106531310754515878e-06
3.106986873011249646e-06
3.114662986300827772e-06
3.121519304631617042e-06
3.150034645750263363e-06
3.162028457009565715e-06
3.090434879731170788e-06
3.009736197889395260e-06
2.731726659642099964e-06
2.434038073628588921e-06
2.441088282609889416e-06
2.545675115699163947e-06
2.760342102387552416e-06
2.939841077385083235e-06
2.434838513162625895e-06
2.259946242635138322e-06
2.776527723550192256e-06
2.787340058405378767e-06
2.411351817671629288e-06
2.350175302110596612e-06
2.486030989284390539e-06
2.657522845355632858e-06
2.774750150449436002e-06
2.668009991824274912e-06
