3.366035501178359091e-03
2.782955816168787653e-03
1.565825227021443167e-03
1.428529220673059250e-04
3.330819250456843036e-04
3.698735782978389785e-04
4.522660788749831469e-04
2.336924851503850600e-04
1.832182165803004535e-04
7.954979604226515273e-05
2.616829051683894605e-05
7.120127084285344621e-05
5.431296376426546707e-05
3.935082915697252735e-05
3.108836625812018439e-05
1.035824467391344196e-05
1.255655001818393992e-05
1.196093735663908096e-05
7.256527108056091766e-06
9.138372988535359859e-06
7.636388323718358004e-06
9.063700612481076843e-06
5.643888272153230055e-06
7.359759566493753612e-06
1.034863690825178728e-05
9.058894720164809006e-06
6.936061143393741296e-06
7.287262569055292347e-06
7.890319434098939014e-06
7.058951785572556579e-06
5.552151913167302051e-06
7.788296799184676444e-06
7.872611744628984701e-06
5.265865085047843102e-06
4.771449662357397623e-06
5.768724423930484863e-06
8.096662507282730668e-06
4.439623508691003509e-06
4.488106455774288570e-06
4.797229527601617494e-06
4.747726102327212545e-06
3.813761707061038382e-06
2.823417664766099435e-06
3.411996053214461207e-06
3.486635261474122146e-06
2.828248173966218133e-06
2.304134210313906068e-06
2.366497606706901212e-06
2.707915014482022293e-06
3.019750913503957923e-06
2.816367155041585310e-06
2.280051316409465462e-06
2.239135266104750981e-06
2.323191699193464134e-06
2.143037236884450664e-06
2.339660837975213960e-06
2.536705160861992688e-06
2.477940767254482362e-06
2.415069899885338044e-06
2.274534004775911500e-06
2.312282539077960650e-06
2.440946265376912940e-06
2.336104928439560598e-06
2.390365605734289978e-06
2.394204608383814846e-06
2.294806103381646621e-06
2.290708671762308635e-06
2.384303725426211781e-06
2.458219954961665930e-06
2.384306607584410508e-06
2.401678426473757072e-06
2.310011923103654027e-06
2.194851744223303524e-06
2.274499706341128528e-06
2.341245816484560332e-06
2.440403859176251130e-06
2.511596518946523835e-06
2.653635555770394895e-06
2.683138450776155896e-06
2.847926510098070432e-06
2.847104763988812965e-06
2.765276832581192337e-06
2.841327651910945231e-06
3.018907620702611839e-06
3.140080840796799414e-06
3.133500229033272332e-06
3.165667654100936056e-06
3.185247219234459873e-06
3.208486463160939212e-06
3.073349499877025071e-06
2.475635188519230581e-06
2.393487092412249466e-06
2.858526629970254816e-06
3.195611054170077040e-06
3.201066988030141074e-06
3.199329981274249184e-06
3.195265159724903144e-06
3.178525809429184459e-06
3.117690374792934905e-06
3.108357217598330824e-06
