9.903831355006574577e-03
4.507271874426135860e-03
2.056205920761881422e-03
1.620131037526403557e-03
1.655595354618947645e-03
1.038365220597901135e-03
9.020139765739791388e-04
6.648086661193236763e-04
3.995383514298134816e-04
4.812357904174315894e-04
2.822254464267384471e-04
3.575518066700601283e-04
2.405873208152745524e-04
1.183444121926313360e-04
6.276084186735539816e-05
1.621032078278599321e-04
8.775261273052519526e-05
5.182839715144202196e-05
3.279930201438171312e-05
2.431331287249114857e-05
3.717418870717405975e-05
4.620714750146750837e-05
2.019699852018670856e-05
1.611499661222646259e-05
1.966456800538139059e-05
1.475103621157649576e-05
2.049500932508907750e-05
1.200668058779786327e-05
1.024194301823805620e-05
1.001491289360675141e-05
1.232389253533845700e-05
1.283953095035587781e-05
1.489796113869881465e-05
1.132245972590785407e-05
1.772520235609454476e-05
2.510010707429551928e-05
1.357025036628686980e-05
1.697195933552046772e-05
1.596125226606859128e-05
1.432138339169693554e-05
1.307506579141033375e-05
1.157304005232327522e-05
7.669512015190934007e-06
5.865993757456270757e-06
6.066395042699563313e-06
6.936853166954814678e-06
6.185765059104108520e-06
9.071718336607865067e-06
8.215621956465784455e-06
8.515960628041630167e-06
5.397783256836241374e-06
6.434517474461586837e-06
9.579701473051524692e-06
8.170205335819183894e-06
5.895588889496421201e-06
5.844473323345990526e-06
7.264744740863651062e-06
7.907090694574540313e-06
4.990827964588606520e-06
3.879774012538068218e-06
4.554560409149517663e-06
3.539742042328266355e-06
3.606968672816047011e-06
3.850516350637849730e-06
3.564357118460011527e-06
3.669891299261002293e-06
4.135840675004788828e-06
4.124660762561842296e-06
4.734910184648927893e-06
4.573301355915357008e-06
4.260612764576502960e-06
3.981491809942960438e-06
2.973775872985697268e-06
2.334347990164642085e-06
2.350076224205064875e-06
2.252999404741813058e-06
2.320233753430472917e-06
2.328263104874232659e-06
2.340344621011670246e-06
2.379118125634838713e-06
2.671252453283814428e-06
2.554604483300308677e-06
2.297815287723346147e-06
2.240609030608622103e-06
2.318413350830629355e-06
2.348233820409241524e-06
2.392631916839248205e-06
2.491624443108391249e-06
2.659889944635398893e-06
2.624340340527458238e-06
1.980695252930871504e-06
1.979590275913878298e-06
2.789294805641322761e-06
3.094047888459480656e-06
3.111004138965175753e-06
3.120071776346872799e-06
3.087032663729083451e-06
2.962485273467616244e-06
2.762731198550232306e-06
2.755670530391483986e-06
