7.733074653208576142e-03
3.753626520086359754e-03
2.062163471742068255e-03
1.928511863677756857e-03
2.684872200147129379e-03
9.897488781904714445e-04
1.665935296069917396e-03
3.020746588540750358e-03
1.317623388506715919e-03
9.337778427405379455e-04
5.084707105620543070e-04
5.201587240884384625e-04
5.461856258016673524e-04
2.846327302054302419e-04
1.209695372788410328e-04
6.294749650348946445e-04
3.263559538841184640e-04
1.646522410949416947e-04
8.105183231437350312e-05
5.418093923690941137e-05
7.814413507812799332e-05
8.825685712270897967e-05
6.951381726948522449e-05
5.757005611283513516e-05
6.398004144368066163e-05
5.274642968399007536e-05
3.692922405963021594e-05
4.263875602181658249e-05
3.766630521793446482e-05
3.470004909346877505e-05
3.157810362548629942e-05
4.056994513669300717e-05
3.674819830686340392e-05
4.286768518144301761e-05
3.950997532885540988e-05
6.162996961415837525e-05
3.837634328555659708e-05
3.995245055555829574e-05
2.621774887413989488e-05
2.455442397637324809e-05
2.624621310127444581e-05
1.599841236179114852e-05
1.768056933863568819e-05
2.030799267125681318e-05
1.742614779756248363e-05
1.496292471998381174e-05
1.632526928011730194e-05
2.142593125392517248e-05
1.496296924489227759e-05
2.614469507076648590e-05
1.635068112556748839e-05
1.645887094795668628e-05
1.803148103937317096e-05
1.573541920856827054e-05
1.243719545290998542e-05
1.311728005510089850e-05
1.119274028430026939e-05
1.053571094198911041e-05
1.170685230412931089e-05
1.112646206331862863e-05
9.572394320164834063e-06
9.044385849965368515e-06
7.936686130891240493e-06
8.426043207569294249e-06
8.808488636329402953e-06
9.179748219259044770e-06
8.711647959070982803e-06
8.419466432535931106e-06
8.888485152714445221e-06
8.978442316851091993e-06
8.589819090377260759e-06
7.730059846837520065e-06
8.300865851779795802e-06
8.394103510759847050e-06
7.751515369257877043e-06
6.878816177966079007e-06
6.146261551037576812e-06
5.933139081101526842e-06
6.072012465643963001e-06
6.125919231526247238e-06
6.071268769464726642e-06
6.507904753463668130e-06
6.463106714707378820e-06
5.959140057055303818e-06
5.535393913304825794e-06
5.322784476650013195e-06
5.087147179507520231e-06
5.026748750041450936e-06
4.979933981911525063e-06
4.878600476356960651e-06
4.816303539383228385e-06
4.875917355265270962e-06
4.965338397610719199e-06
5.141212357472091951e-06
5.210311306953999702e-06
5.207725816144093615e-06
5.193687394194442069e-06
4.933163276420360246e-06
4.853840762589648715e-06
4.755042789071317104e-06
