2.464403899682615293e-03
1.525023236875874735e-03
7.176943962323064632e-04
3.240713599650199713e-04
9.775157092027765375e-05
1.118470784822154411e-03
3.563785994405616639e-04
1.033773738630603523e-04
1.473144454422473028e-04
3.833295847231901434e-05
5.132691437870264017e-05
4.189470917600854907e-05
2.268680469636978608e-05
5.941620061094329814e-05
2.995971565560479698e-05
2.081906489890064400e-05
2.154090659473382856e-05
1.054158581738981611e-05
1.573377484511344920e-05
1.011066302913084209e-05
7.274002146819219027e-06
4.145308011637444264e-06
9.586932835249782663e-06
6.886728641894816286e-06
4.209465457174765394e-06
4.812127465928924993e-06
5.056449807010998226e-06
4.651562085126706034e-06
3.345644176449328897e-06
2.840521946087876643e-06
3.679972814145683506e-06
3.816669026846912143e-06
2.992101800581030168e-06
3.145575407104724026e-06
3.283922900713007425e-06
2.596203466344774485e-06
2.217233908995917091e-06
2.349919737069213246e-06
2.230984010172168047e-06
2.570570034790706460e-06
2.133871552982205166e-06
1.961357206237408470e-06
2.021956451360976192e-06
2.137275675762442115e-06
2.189316692532012855e-06
2.102674798244415230e-06
1.957890588108963675e-06
1.956888039604714796e-06
2.248865757895401024e-06
2.094927403708551989e-06
2.186268504143926384e-06
2.086130754936858874e-06
2.387051325610170685e-06
2.050826652205443639e-06
2.019716418621786094e-06
2.113303235073541663e-06
2.294635516025024846e-06
2.140827733024596164e-06
2.298487096523571696e-06
2.489275980201883675e-06
2.581311092888449644e-06
2.846463367465204865e-06
2.888214852733964873e-06
2.882317677401092529e-06
2.747068767419678801e-06
2.733935445504388561e-06
2.629941633139413310e-06
2.550689041358720935e-06
2.623050640754753384e-06
2.609617159528533797e-06
2.514945757472931229e-06
2.717371009064957892e-06
2.694127405130475216e-06
2.803636789584984329e-06
2.862562759711549214e-06
2.902523221997997099e-06
2.978965122861351708e-06
3.052033046418625684e-06
3.114044691864018685e-06
3.138489230248417188e-06
3.128802446760328740e-06
3.128072653554463499e-06
3.135066686051550343e-06
3.102963143017667419e-06
2.680565990721084111e-06
2.272443869133821721e-06
2.363004357061634458e-06
3.013132753046729236e-06
3.131957595889703773e-06
3.135368244261255116e-06
3.134822820033583818e-06
3.119726043921179766e-06
3.089074058562005423e-06
3.060160786521765301e-06
3.089609755169220190e-06
3.124255679609697010e-06
3.141558198863912517e-06
3.147909044842104647e-06
3.161657289583285644e-06
3.152798589737209599e-06
