2.971746613460671954e-03
2.388875950806944835e-03
7.966049585354553460e-04
6.638378688999832349e-04
9.179859105548473022e-04
1.190091745621977030e-03
1.940700485471718608e-04
2.240610920997791462e-04
2.057463592411238598e-04
1.202676883971800722e-04
8.320264972818068843e-05
9.381157468801425842e-05
4.323595454086799422e-05
4.088949743501354376e-05
4.137511638082048374e-05
2.671960965259583497e-05
1.951203930240474386e-05
1.098800206880936281e-05
1.512123353843115889e-05
1.505634835113753010e-05
9.077082935468359584e-06
1.023494119239858529e-05
9.003273580768347115e-06
6.370006916491462166e-06
5.556157080913611861e-06
6.517774746330116864e-06
7.224974752003258710e-06
5.596295112936477246e-06
3.949736487598839977e-06
3.695753679941881627e-06
4.050173270460027418e-06
3.017926788509058034e-06
5.317998613467463612e-06
6.428064635383390043e-06
5.035432248349578313e-06
3.567836479052157579e-06
3.250905605402078470e-06
2.581771481671588060e-06
2.376389221707425817e-06
2.143559750772215379e-06
2.229696639057708141e-06
2.339711785345429877e-06
2.355089940868126657e-06
2.201222696297725674e-06
2.179178846528989392e-06
2.091225503419088038e-06
2.338688105345333315e-06
2.246417662623334203e-06
2.440581412031063128e-06
2.212865415119642589e-06
2.124552419202915043e-06
2.146501829818364139e-06
2.285996420770675408e-06
2.194690187821904455e-06
2.158406740506903316e-06
2.363703583683763003e-06
2.115345571196066661e-06
2.374091133645841214e-06
2.474595905110862066e-06
2.594022775254656847e-06
2.317908739465534721e-06
2.399947293293947135e-06
2.518566354996041331e-06
2.755742425903181266e-06
2.680061876224007347e-06
2.710215177451669949e-06
2.942900369403231924e-06
3.134533931341860132e-06
3.233590923062883354e-06
3.239348816104540911e-06
3.211931868181335873e-06
3.213280108307946087e-06
3.236223546661251625e-06
3.220385133120642347e-06
3.230059515181162977e-06
3.237040336195384119e-06
3.231503885258930252e-06
3.226894000907988207e-06
3.141499543484236927e-06
3.044018153974910451e-06
2.919108348589797440e-06
2.777621275842644131e-06
2.733686940138743818e-06
2.697609300822951882e-06
2.826366792722797757e-06
2.702431541866382691e-06
2.835566263632659624e-06
2.659687080371805811e-06
2.395479383011517152e-06
2.384128956891924608e-06
2.512795279012672700e-06
2.774706726961419166e-06
2.892929809419657709e-06
2.930249928246298309e-06
2.723146389493885277e-06
2.524632169054092426e-06
2.559593947717077959e-06
2.539781523380953294e-06
2.516689381817305793e-06
2.415844516489344416e-06
