3.482439731595465566e-03
3.232524099268633752e-03
8.377526918976527627e-04
8.751208843513240063e-04
8.199751707610111479e-04
1.907311322062245438e-03
6.607897135176874848e-04
1.457015023461105761e-03
3.510838956149484416e-04
1.725320813151745179e-04
1.798209311011603889e-04
2.016505916009188023e-04
8.108005952052605694e-05
1.320027518925023758e-04
1.576790682954557225e-04
9.419207478289277782e-05
9.729721057181555917e-05
4.913022337119758856e-05
4.896990768740919464e-05
2.263243966649544062e-05
2.153946726660456790e-05
3.452113024623924652e-05
3.170812273448015355e-05
3.073776320066344808e-05
8.767683419610031460e-06
1.607333155508366751e-05
1.708691862083237508e-05
2.322928899820728314e-05
1.342917292764192206e-05
1.277943990074760938e-05
1.257907539670484627e-05
9.573972987868570133e-06
1.715876396864424701e-05
1.010739094371530563e-05
1.355195327863779648e-05
7.161958993117024381e-06
4.789134256762760141e-06
7.017959362086081575e-06
4.675725518765946908e-06
3.548869366933399461e-06
5.304898813223817079e-06
4.865413529432682521e-06
3.020516688584376184e-06
1.265479702530324844e-06
2.630721192932675467e-06
2.335994224609545044e-07
1.694065894508600678e-21
1.694065894508600678e-21
1.694065894508600678e-21
1.694065894508600678e-21
1.694065894508600678e-21
1.694065894508600678e-21
1.694065894508600678e-21
1.694065894508600678e-21
1.694065894508600678e-21
1.694065894508600678e-21
1.694065894508600678e-21
1.694065894508600678e-21
1.694065894508600678e-21
1.694065894508600678e-21
1.694065894508600678e-21
1.694065894508600678e-21
1.694065894508600678e-21
1.694065894508600678e-21
1.694065894508600678e-21
1.694065894508600678e-21
1.694065894508600678e-21
1.694065894508600678e-21
1.694065894508600678e-21
1.694065894508600678e-21
1.694065894508600678e-21
1.694065894508600678e-21
1.694065894508600678e-21
1.694065894508600678e-21
1.694065894508600678e-21
1.694065894508600678e-21
1.694065894508600678e-21
1.694065894508600678e-21
1.694065894508600678e-21
1.694065894508600678e-21
1.694065894508600678e-21
1.694065894508600678e-21
1.694065894508600678e-21
1.694065894508600678e-21
1.694065894508600678e-21
1.694065894508600678e-21
1.694065894508600678e-21
1.694065894508600678e-21
1.694065894508600678e-21
1.694065894508600678e-21
1.694065894508600678e-21
1.694065894508600678e-21
1.694065894508600678e-21
1.694065894508600678e-21
1.694065894508600678e-21
1.694065894508600678e-21
1.694065894508600678e-21
1.694065894508600678e-21
1.694065894508600678e-21
1.694065894508600678e-21
