8.214879920647316647e-03
8.448590409777419208e-03
1.498723430316086349e-03
3.679895971502128611e-03
2.375895019906238380e-03
4.711041458123574679e-03
2.040862120606829269e-03
1.718120005638715253e-03
4.520650050471513443e-03
1.411918660248268455e-03
1.033912143412173308e-03
5.614968326262904843e-04
2.541789828993002310e-04
1.926945870874517957e-04
3.214502617243649254e-04
2.223627160463093597e-04
4.081553269106749605e-04
1.814122623802247151e-04
2.246728716864983255e-04
1.717916843935489630e-04
1.416769891168110295e-04
1.169294611043095248e-04
1.248640636950622208e-04
7.341569227362475139e-05
4.830554953874491227e-05
5.585508048958241284e-05
6.649118219120064084e-05
6.977002029655778753e-05
5.432439440226112515e-05
7.546624721684588378e-05
5.954624485080953808e-05
4.469417649789113409e-05
9.743284574350899690e-05
1.794735624777288709e-04
1.184325350301611735e-04
4.581715319753091963e-05
3.295243873066902167e-05
4.232770067826541839e-05
3.134657130198632396e-05
2.775154659467278176e-05
1.947270385534569705e-05
1.241330327708383185e-05
1.582902856733395413e-05
1.061477813675125712e-05
5.066983155088470821e-06
4.443873322547544465e-06
0.000000000000000000e+00
0.000000000000000000e+00
0.000000000000000000e+00
0.000000000000000000e+00
0.000000000000000000e+00
0.000000000000000000e+00
0.000000000000000000e+00
0.000000000000000000e+00
0.000000000000000000e+00
0.000000000000000000e+00
0.000000000000000000e+00
0.000000000000000000e+00
0.000000000000000000e+00
0.000000000000000000e+00
0.000000000000000000e+00
0.000000000000000000e+00
0.000000000000000000e+00
0.000000000000000000e+00
0.000000000000000000e+00
0.000000000000000000e+00
0.000000000000000000e+00
0.000000000000000000e+00
0.000000000000000000e+00
0.000000000000000000e+00
0.000000000000000000e+00
0.000000000000000000e+00
0.000000000000000000e+00
0.000000000000000000e+00
0.000000000000000000e+00
0.000000000000000000e+00
0.000000000000000000e+00
0.000000000000000000e+00
0.000000000000000000e+00
0.000000000000000000e+00
0.000000000000000000e+00
0.000000000000000000e+00
0.000000000000000000e+00
0.000000000000000000e+00
0.000000000000000000e+00
0.000000000000000000e+00
0.000000000000000000e+00
0.000000000000000000e+00
0.000000000000000000e+00
0.000000000000000000e+00
0.000000000000000000e+00
0.000000000000000000e+00
0.000000000000000000e+00
0.000000000000000000e+00
0.000000000000000000e+00
0.000000000000000000e+00
0.000000000000000000e+00
0.000000000000000000e+00
0.000000000000000000e+00
0.000000000000000000e+00
