5.848125212988478441e-03
8.716428373387038542e-04
2.503640564953122163e-04
5.711836414730961679e-04
2.908787160316531344e-04
4.137949847873812967e-04
2.233337379236944643e-04
1.703157718200649028e-04
2.314657960725078072e-04
3.835768369945601693e-05
2.664245102603996502e-05
4.570943445853718583e-05
1.007184741604769380e-05
1.519926156494961225e-05
1.495661430674342906e-05
9.744404595374173500e-06
4.038047996059275538e-06
4.938089046484638016e-06
4.439531229603622897e-06
3.283939696632604458e-06
4.483959004334066107e-06
4.555221116253628737e-06
3.421751150784612588e-06
2.286865080231139233e-06
2.640436030392993003e-06
3.621555012281173907e-06
1.936156381715366594e-06
1.931448913981899361e-06
2.033583058727486586e-06
1.665254084837786581e-06
1.820296551156674252e-06
2.482966227947573406e-06
2.509805613488598694e-06
1.624842434608991356e-06
2.059009157128366333e-06
1.908257187205041506e-06
1.834444720154053882e-06
2.239450976993777963e-06
2.564546447588560209e-06
2.703000925400669524e-06
3.127329227919706615e-06
1.647274689160667614e-06
7.308984992180893000e-07
5.319661525862760606e-07
5.179558051316749146e-07
4.790384771710781173e-07
5.002967252563136305e-07
4.183897076271403608e-07
3.544182347295383795e-07
3.187326732905677747e-07
2.828927219684297468e-07
3.580345714920935797e-07
3.589737669613281259e-07
3.715941316276569303e-07
3.038610859520950371e-07
3.092099682852218713e-07
2.547502390877744723e-07
2.355423581283551185e-07
1.470065894491304642e-07
1.694065894508600678e-21
1.694065894508600678e-21
1.694065894508600678e-21
1.694065894508600678e-21
1.694065894508600678e-21
1.694065894508600678e-21
1.694065894508600678e-21
1.694065894508600678e-21
1.694065894508600678e-21
1.694065894508600678e-21
1.694065894508600678e-21
1.694065894508600678e-21
1.694065894508600678e-21
1.694065894508600678e-21
1.694065894508600678e-21
1.694065894508600678e-21
1.694065894508600678e-21
1.694065894508600678e-21
1.694065894508600678e-21
1.694065894508600678e-21
1.694065894508600678e-21
1.694065894508600678e-21
1.694065894508600678e-21
1.694065894508600678e-21
1.694065894508600678e-21
1.694065894508600678e-21
1.694065894508600678e-21
1.694065894508600678e-21
1.694065894508600678e-21
1.694065894508600678e-21
1.694065894508600678e-21
1.694065894508600678e-21
1.694065894508600678e-21
1.694065894508600678e-21
1.694065894508600678e-21
1.694065894508600678e-21
1.694065894508600678e-21
1.694065894508600678e-21
1.694065894508600678e-21
1.694065894508600678e-21
1.694065894508600678e-21
