1.042042149767852949e-02
1.819222994378540560e-03
5.392868780549877001e-04
2.612064215108211504e-03
4.267237267800794241e-04
3.330820961884129274e-04
8.379842187577775771e-04
6.202590348369792879e-04
4.423784569614279513e-04
5.182203983984826426e-05
1.493738018151756779e-04
8.972660798251374105e-05
3.034274301018325472e-05
3.705205097289708343e-05
2.045609444457784193e-05
3.360949104712354575e-05
1.853479684260149775e-05
2.179139687413028865e-05
1.675773394054792990e-05
1.070080842724046024e-05
1.259892062255466961e-05
1.680531649255591700e-05
1.105069656738904463e-05
9.525436679239315671e-06
9.846528571048877260e-06
8.775950976874956618e-06
9.896447652206622126e-06
6.489924118760530486e-06
7.401664686429075356e-06
5.377862921295108254e-06
1.077556346539253681e-05
1.278364477204986492e-05
8.133164317216789991e-06
9.058657288557474995e-06
6.699409847852791509e-06
7.228535169507071516e-06
5.396149511560689670e-06
4.158572179937027939e-06
4.632168738150185911e-06
3.944162929049322688e-06
4.998557715192405986e-06
3.777562811532423667e-06
3.728884629737152477e-06
3.432206661131669853e-06
4.385074122508897919e-06
3.737893313127253170e-06
3.932785087116969816e-06
3.961717053536615316e-06
3.381907750006997045e-06
3.410340443176419648e-06
3.732389908651676513e-06
3.660528689118475906e-06
5.643123190182913239e-06
3.086871285333906696e-06
2.843240352740745130e-06
3.380946266516463951e-06
2.994140672619420369e-06
3.191063050949314546e-06
3.063998967870172166e-06
2.613020026532234658e-06
2.526465369847885830e-06
2.437770299191277533e-06
2.504508646702154033e-06
2.562232589315103624e-06
2.406771025007525686e-06
2.382487170897088253e-06
2.360804982899980113e-06
2.415267244573740052e-06
2.468350197002723235e-06
2.408855423608392113e-06
2.525699373782953177e-06
2.459614787606919528e-06
2.622523788528147261e-06
2.876282618862165765e-06
3.033295034420486024e-06
3.099694679145002740e-06
3.151407360837052814e-06
3.217661670943315392e-06
3.247286133020533572e-06
2.804229279535593957e-06
2.576124685550635224e-06
2.675280959689844486e-06
3.387322676849632749e-06
3.373716815913510738e-06
3.393082683145630518e-06
3.371546275487694121e-06
3.308949869836571821e-06
3.359316857603803011e-06
3.353168544166178720e-06
3.385917689404759520e-06
3.415963380369385697e-06
3.397844341597611511e-06
3.398449020457337956e-06
3.394512620255909301e-06
3.308155775479402567e-06
1.779101157476139564e-06
2.539577495828797068e-07
9.557917303522355143e-08
1.393154455788651749e-07
0.000000000000000000e+00
