1.373190412493146932e-02
1.686920907840880552e-03
7.398006479402529766e-04
1.084685975953857389e-03
2.486759591153376529e-03
3.559401017607498156e-03
8.165765355500611763e-04
1.681205441011002959e-03
6.525073286095322504e-04
1.481283040984275124e-04
2.626704379339269194e-04
1.875945650351590083e-04
1.027058062580831377e-04
7.453040034542092408e-05
9.462833840485882528e-05
1.346116107276983695e-04
7.868393933206496293e-05
6.982365744519229342e-05
3.400084231763151037e-05
3.207423227055601091e-05
4.685079053727541899e-05
4.520321033240677243e-05
3.865737946435904992e-05
1.897213340263391760e-05
1.793886509490586034e-05
2.890777159562341964e-05
1.676999055475856691e-05
1.835644034743605092e-05
1.851048664006316058e-05
1.524947276020385429e-05
2.153412871030285024e-05
2.260586313402546959e-05
2.199649524394028621e-05
1.517877705202198519e-05
1.397757223490103520e-05
1.300536591362650320e-05
1.265350084286671581e-05
1.133009424521949624e-05
9.902637810656214637e-06
9.776199352753871046e-06
8.841782048421967976e-06
8.493707534679382365e-06
8.997309075959982478e-06
8.756150163997493814e-06
8.393890515335202925e-06
9.391934569585172880e-06
8.691188953875544877e-06
7.898929161602770765e-06
8.414150049144039872e-06
8.271727856923427033e-06
7.980728411215959019e-06
8.048053692672632481e-06
7.850570857202453909e-06
8.313287612652818506e-06
7.427578646833928164e-06
6.704058742617078274e-06
6.456728281491213827e-06
6.267263010582951347e-06
5.938110422524211600e-06
6.172535446386342553e-06
5.856213592336581360e-06
6.274947982336108221e-06
6.084085965793401919e-06
6.267549782003160366e-06
5.929965229237505443e-06
6.216039425831725837e-06
5.555441020781027411e-06
5.856725992492660224e-06
5.485519552000880938e-06
5.544647163338378983e-06
5.335210593588341423e-06
5.520135123678560132e-06
5.400090714327710442e-06
5.328484638459548688e-06
5.297612863722057125e-06
5.244053958272169012e-06
5.377866009808810210e-06
5.391421037465235105e-06
5.529695771550311994e-06
5.407533164211136434e-06
5.264679656400997752e-06
5.306059477278360619e-06
5.639552255262389094e-06
5.657369342001516398e-06
5.669411084591081041e-06
5.662113721760088908e-06
5.527654873394351988e-06
5.510260863418577011e-06
5.478562413548099213e-06
5.517963713358599361e-06
5.602240519008946825e-06
5.587594689039503271e-06
5.645193857985947009e-06
5.590774626275465252e-06
3.537085492965082952e-06
2.249965799536184327e-06
8.350245732377651533e-07
0.000000000000000000e+00
0.000000000000000000e+00
0.000000000000000000e+00
