4.054064042119618141e-03
1.227184916927185091e-03
5.529543928508844509e-04
3.522850815563530126e-04
2.512147272990032328e-04
2.630238542185210377e-04
9.574730631196051364e-05
1.221888373231296585e-04
3.907426592039222501e-05
5.676111492743945324e-05
2.502606387411236317e-05
2.218987436828734843e-05
2.283891271713816998e-05
1.606658158209642786e-05
1.508206782055995965e-05
9.268029095739266018e-06
1.238021705040262978e-05
6.729985357684529755e-06
5.868195104454096075e-06
6.383081368537912607e-06
6.299824569654647086e-06
4.659338968543625236e-06
5.013406547412142799e-06
3.689070122029480775e-06
3.262500414351319320e-06
3.429760523999256434e-06
4.902582094143295028e-06
3.431843323062289997e-06
2.562920021204544639e-06
3.941346973326891928e-06
3.337316456843844488e-06
3.144651387031080273e-06
2.817141698572884756e-06
2.613441432557387690e-06
2.484862715785552417e-06
2.201192188478153303e-06
2.248132180421235806e-06
2.265942055911373957e-06
2.252823812727442731e-06
2.373391024779103507e-06
2.299599764298787870e-06
2.399744000267557827e-06
2.269978755763439251e-06
2.144132446755877910e-06
2.209103232227714246e-06
2.165234154706222244e-06
2.089208407641610884e-06
2.050268300279732501e-06
2.283478832254718168e-06
2.264589128678233089e-06
2.434668064349452278e-06
2.720863286353839631e-06
2.871269247463882546e-06
2.878454371754465187e-06
2.863556319262428636e-06
2.795218117109841443e-06
2.668102861482679632e-06
2.672605312407841536e-06
2.723456521717850248e-06
2.660595262646292022e-06
2.602307336621433753e-06
2.604890239090456019e-06
2.676267632355999909e-06
2.792215484770756758e-06
2.917746275540780851e-06
2.975653552965690631e-06
2.968100478996852584e-06
2.996740261610109229e-06
3.021621002004489019e-06
3.074978612466293032e-06
3.142630711165467366e-06
3.162054682305029599e-06
3.198626873227928236e-06
3.179615946098274507e-06
3.130047616528336411e-06
2.515301088697271600e-06
2.406651520860338222e-06
2.988344070335061065e-06
3.180368829870797704e-06
3.182445747893993139e-06
3.188063887754440380e-06
3.154565275456664866e-06
3.099260250817087931e-06
3.100274987031271813e-06
3.175108344909397107e-06
3.186153367159591612e-06
3.188986807213650066e-06
3.191974418251564391e-06
3.195995363646989380e-06
3.066501999113840740e-06
1.326291242792975839e-06
6.168618662745368500e-07
4.698180635824313115e-07
3.915910316207636156e-07
4.495555461974464503e-07
3.782411625670685576e-07
3.548586588902148903e-07
1.988818196320036534e-07
1.374790115252728146e-07
1.374790115252728146e-07
