3.584335633856267512e-03
7.378802730028802877e-04
5.941862593623939946e-04
3.642130554759932153e-04
2.339545020930160928e-04
2.100916774860529671e-04
1.485951559573097389e-04
9.589671950139188814e-05
3.121962777734484524e-05
4.290992997126539930e-05
1.985532752363792960e-05
1.371584596857678785e-05
1.530326544280567432e-05
1.226545054901357773e-05
1.232983858815029403e-05
8.842929971573208425e-06
1.021904585546322021e-05
6.490992028407053193e-06
6.267616653705085563e-06
6.860920937399880720e-06
7.444480302598363084e-06
3.908976528709891278e-06
3.409788917084086103e-06
4.536734399005125465e-06
4.981884758051852479e-06
4.044679815395739453e-06
3.471547738723822139e-06
2.743428188292776555e-06
2.332694474709999734e-06
2.942507165436599998e-06
3.663851839057626698e-06
2.359638937667179828e-06
2.157669111930373341e-06
2.110110457088011438e-06
1.895696307786519602e-06
1.921793079854848471e-06
2.013745081523470848e-06
2.082621308541676276e-06
2.012051466329318037e-06
1.875145434304571355e-06
1.970375075974194318e-06
2.222831624811556740e-06
2.065320156766736134e-06
2.042089995258511622e-06
2.008649131944720993e-06
2.173577289803579229e-06
2.027374193422894055e-06
2.482967848596368827e-06
2.216783684218169216e-06
2.259796808135055818e-06
2.593621340625360981e-06
2.582211323761448017e-06
2.867091323307543278e-06
2.919717858612683449e-06
2.930214270705888257e-06
2.993902557472201915e-06
3.039067756708439909e-06
2.891435464767088567e-06
2.859739066953742962e-06
2.696419939747113703e-06
2.615752157653154302e-06
2.607616093084759690e-06
2.663620536767777514e-06
2.717715528820667184e-06
2.828809095561604426e-06
2.956321231626493954e-06
2.931636061639093840e-06
2.948102599791147824e-06
2.993662422792045770e-06
3.081570416069498741e-06
3.117743612547844013e-06
3.120517228137423310e-06
3.120156132962292432e-06
3.124548286330907754e-06
3.154406962852332705e-06
2.620445782398348360e-06
2.423770935141228882e-06
2.699137264604011349e-06
3.135950954717431281e-06
3.186783092420014203e-06
3.196178696250973114e-06
3.170890697402776476e-06
3.089910126274288690e-06
3.081765865419266091e-06
3.123030043434153756e-06
3.158540392392338360e-06
3.168276852062996071e-06
3.179535166655980102e-06
3.163530764771995223e-06
3.094751526971853547e-06
2.411997314519728560e-06
1.179528248040412232e-06
7.327534925272188844e-07
4.390683059432343098e-07
4.297933056714275694e-07
3.645648230184158749e-07
3.413876960463649111e-07
1.837564379828735184e-07
2.399198346334262996e-07
2.379867030480359334e-07
