4.355555312382279436e-03
1.018868700561406009e-03
7.636216828867791601e-04
1.223137187533025793e-03
2.205710932751305930e-04
1.892444925942856531e-04
1.599396901385831643e-04
1.550070997197657582e-04
6.002440398537068229e-05
8.026533964417925486e-05
6.001992515855735725e-05
2.737040398230909246e-05
2.462980374486662576e-05
2.094599663005629098e-05
2.518399381405193285e-05
1.203317705292045590e-05
2.363033440286980437e-05
1.041085175603603325e-05
7.405460419300824775e-06
7.375149642456943987e-06
6.553185522907345922e-06
4.840414764037687931e-06
7.899875951083157525e-06
7.737998754995940279e-06
7.574729764664337738e-06
5.122607364309653133e-06
6.023694250928579059e-06
3.585617030016559251e-06
4.799183864444136278e-06
6.404599079667917875e-06
7.551008462463171792e-06
4.874532856079667100e-06
3.674023478189957868e-06
3.064121403347119870e-06
2.741744015879168575e-06
2.939344028788009159e-06
2.665888859650826336e-06
2.218280925828923967e-06
2.214806762267282648e-06
2.244161324609044996e-06
2.315090367293034828e-06
3.007654979986056754e-06
2.652000675228657594e-06
2.734964376634637337e-06
2.436184806553494749e-06
2.590871008510796352e-06
1.934360063661781477e-06
1.936139944156431772e-06
1.890865558826696504e-06
1.967589285177146358e-06
2.113645383404163847e-06
2.156245004784119983e-06
2.035741920289416619e-06
2.035785480781408973e-06
2.203596650550111778e-06
2.281853251721150354e-06
2.264344124539675650e-06
2.340371528482625102e-06
2.345625866337174230e-06
2.311573263809539586e-06
2.285308946274079542e-06
2.360719949708222835e-06
2.545877166677629343e-06
2.619293010005963864e-06
2.707700074711104048e-06
2.809312519763607117e-06
2.851931672582228291e-06
2.962010652735229543e-06
2.991047314032031117e-06
2.992277747911668322e-06
2.982123083150173209e-06
3.054824029213964530e-06
3.147363974540810741e-06
3.157937927638066866e-06
3.102142796139940154e-06
2.264288540298302564e-06
2.238012594361416412e-06
2.997342355007243499e-06
3.168251522142396323e-06
3.169707758335258492e-06
3.164334925349187094e-06
3.122301292680018989e-06
3.022453160067920386e-06
3.050198433907954273e-06
3.133649870704173863e-06
3.168278374818468372e-06
3.170974521257312106e-06
3.172727095103124838e-06
3.183577092382056556e-06
3.068771988304554701e-06
8.606284955296471520e-07
5.225112413888513195e-07
3.646944907561806703e-07
2.424424047592002672e-07
1.421513357539891154e-07
1.369110936969233771e-07
0.000000000000000000e+00
0.000000000000000000e+00
0.000000000000000000e+00
0.000000000000000000e+00
