8.924569354245254910e-03
1.981740172341444998e-03
1.930715255401583078e-03
1.777135674904139952e-03
1.719329400653144034e-03
5.593419795015664277e-04
3.498666280881532653e-04
4.458373479712294477e-04
2.021432761119325045e-04
3.426973617483879066e-04
1.303379457197968087e-04
3.432350506146962613e-05
1.838380894206175821e-04
8.039238224657828781e-05
7.924343016690047273e-05
3.065133476957356852e-05
3.990326274951139181e-05
5.515592843845033686e-05
3.269443011671027639e-05
4.344290771415603895e-05
2.760910259846874885e-05
2.900590367614140852e-05
4.027734269717635559e-05
4.121433311637359882e-05
3.462882130613431609e-05
1.760820901504723523e-05
2.900040056795881105e-05
3.141825125468383675e-05
2.194049863799582643e-05
1.994475835453650341e-05
2.307645239040383178e-05
1.743906957833643641e-05
1.702945020853029596e-05
1.932700507640022051e-05
1.114525379160813368e-05
1.182497131864637317e-05
1.107166113507630450e-05
9.658875083481918868e-06
8.919498163020129854e-06
8.981087137692067110e-06
9.512090287660358718e-06
1.116931489933141084e-05
6.790993153183635803e-06
7.018790918665928747e-06
6.743761225230116803e-06
6.724579817322594945e-06
7.184067282186627690e-06
6.370832924529147893e-06
5.282132306452735601e-06
5.835296968675892343e-06
5.931162322332836064e-06
5.396810595658501351e-06
4.673110113828770852e-06
4.775870625084660037e-06
4.846030003148685147e-06
4.335403000659514153e-06
4.143499862221476181e-06
4.219809066516030562e-06
4.139034859939766137e-06
3.841724786044022753e-06
3.926761991977907281e-06
3.664569879467148129e-06
3.533237305962678796e-06
3.594138623743899118e-06
3.450822226270367419e-06
3.176387178610815427e-06
3.373175397952296867e-06
3.072785332421937799e-06
3.184236794974879654e-06
3.115832119253547910e-06
3.038243770924263867e-06
2.977197064475739861e-06
3.137559899637327227e-06
3.305071152275576119e-06
3.446085389337414481e-06
3.079535924671536393e-06
3.163807497776458670e-06
3.614095509133037070e-06
3.816228340832521454e-06
3.867111671837854799e-06
3.867493987025771111e-06
3.652604076171725282e-06
3.419949705622064236e-06
3.419333511297488279e-06
3.674622489710454907e-06
3.785744155890220406e-06
3.842635812726720551e-06
3.860285625520526275e-06
3.861803124125123628e-06
3.797455666331714586e-06
1.395653455172404523e-06
1.891657000310565539e-07
1.032767463295621339e-07
1.694065894508600678e-21
1.694065894508600678e-21
1.694065894508600678e-21
1.694065894508600678e-21
1.694065894508600678e-21
1.694065894508600678e-21
1.694065894508600678e-21
