1.260205003026029780e-02
4.014251247449463628e-03
3.492427718998450826e-03
3.704317840743204162e-03
2.955325560445976486e-03
2.750876066419972142e-03
1.624251964677528998e-03
2.081849781461761386e-03
3.153138112668231506e-04
9.214567084175409595e-04
5.688564504542983902e-04
2.867323942681543033e-04
3.451876965725865043e-04
2.004049933983832483e-04
4.474941805200851491e-04
2.212888565804882479e-04
1.878358416668683825e-04
1.257586921458089130e-04
8.044342828840520421e-05
1.373766098913885118e-04
9.870014645035068035e-05
5.861561166949536168e-05
8.252904196166181532e-05
6.267151550745460515e-05
7.331938427039627214e-05
4.596743977134659241e-05
8.124309958600997865e-05
4.792299703764629147e-05
5.878143852161831504e-05
7.892606846307508972e-05
4.944827860822313307e-05
6.216954823024376149e-05
4.036162516612112314e-05
3.820932266011686584e-05
2.826196736491602503e-05
2.529627086735721989e-05
2.663904766483264221e-05
2.167671926546724479e-05
2.205590582998179493e-05
3.328077008080682748e-05
2.411680735400263624e-05
2.175019109721232060e-05
2.005856831160644386e-05
2.160128184896341059e-05
2.051372029916884653e-05
1.781498338539154255e-05
1.784891286235639734e-05
1.943943644184250991e-05
1.510003860100187364e-05
1.716946838897686340e-05
1.614872890173991185e-05
1.499392133532382125e-05
1.435251923774949247e-05
1.441457980219232923e-05
1.341015579115341396e-05
1.406227586086300218e-05
1.337227510308268552e-05
1.315808906374388984e-05
1.293709807098970397e-05
1.230964776972894619e-05
1.209883430282618431e-05
1.253160076335649576e-05
1.197317070959574319e-05
1.225284789596606185e-05
1.124134409051888805e-05
1.125063020244742947e-05
1.129309515859997370e-05
1.141573429727916176e-05
1.107138336791466166e-05
1.057742070331116430e-05
1.039739883910879068e-05
1.012038418303248332e-05
1.000979319684544196e-05
1.005468998054131856e-05
1.014682129220835712e-05
9.992079831378673503e-06
9.849775216445412279e-06
9.777453555103503361e-06
9.870881673921098908e-06
9.892690791366523341e-06
9.907736450235079493e-06
9.822978656973228455e-06
9.749811247937979777e-06
9.678864814769817676e-06
9.705634473967562231e-06
9.773375604994976898e-06
9.792254217524063180e-06
9.880816549989545513e-06
9.882498318882749651e-06
4.314772514170045885e-06
1.909056993207599961e-06
1.566859794124814788e-06
1.567940320537092150e-06
1.479082688432231003e-06
0.000000000000000000e+00
0.000000000000000000e+00
0.000000000000000000e+00
0.000000000000000000e+00
0.000000000000000000e+00
0.000000000000000000e+00
