2.064994813610152025e-03
3.648205585984404730e-04
9.168744782410157218e-04
1.003501582996201621e-03
3.090534530969283006e-04
1.423669839327685390e-04
1.144454055285053679e-04
2.072625048446344082e-04
1.346457922622615962e-04
1.631775286113188611e-04
1.513657081190822361e-04
3.310178598952671252e-05
6.633901018588260370e-05
2.846306469705286885e-05
2.279983126195555355e-05
1.674011049684575561e-05
1.188270147150285858e-05
1.659800970587192566e-05
1.393784457136456615e-05
1.906993495751626384e-05
1.094985753773095597e-05
6.748873968409812641e-06
7.081906809693437435e-06
3.989667240781576634e-06
3.899835937557083132e-06
6.954856651049068284e-06
9.748093171792059452e-06
6.662228387109827231e-06
4.121662356177920217e-06
3.043661904425519339e-06
3.545918752715973290e-06
2.806988817966641160e-06
2.772640346185683137e-06
2.623791632233270659e-06
3.029804306748975690e-06
3.181303684577570758e-06
3.545099429753836553e-06
3.315335848059176964e-06
2.640610503896644783e-06
2.909288614872059623e-06
2.514685101106949229e-06
2.393334176635115374e-06
2.467843587937882462e-06
2.739839671338423993e-06
2.314694099940588930e-06
2.015387684247935026e-06
1.889500703582804177e-06
1.992255956554708611e-06
1.980499297120149318e-06
2.160744307481738783e-06
2.289638777709309219e-06
1.997721004530962934e-06
1.961027900895285804e-06
1.984804268133638779e-06
1.930368024060230209e-06
2.158447773447987179e-06
2.063958162000380017e-06
2.013677997883651032e-06
1.885505310349511610e-06
2.061708428857376244e-06
2.143611653362510120e-06
1.987755833945991838e-06
2.153652703376830853e-06
2.243383911479141300e-06
2.164048520165764967e-06
2.119416996613256318e-06
2.142025082807236505e-06
2.175653119419384291e-06
2.122035177811271418e-06
2.213520040014656552e-06
2.191327639576893051e-06
2.243227221317154051e-06
2.072500292894237521e-06
2.101719711798195740e-06
2.169087375519328774e-06
2.227987959289299592e-06
2.300842897131076789e-06
2.351280897756352875e-06
2.477325593429051374e-06
2.472037163278119488e-06
2.568794352539709621e-06
2.586438711545730888e-06
2.643912923376136605e-06
2.746843618878961159e-06
2.668244715154064096e-06
2.460697549421058709e-06
2.352104667369421549e-06
2.469964238808987341e-06
2.676723623882311409e-06
2.580335334509419747e-06
2.432789557349811421e-06
2.328822733923847221e-06
2.331716295239688702e-06
2.295686839515359098e-06
2.404519152650751731e-06
2.584740939139490617e-06
2.758277809456943140e-06
2.890345696597525253e-06
2.993970018529018160e-06
2.976550347404060123e-06
