4.961972109759494286e-03
1.003259372456565858e-03
3.158439730480404328e-03
2.308501264310511107e-03
9.674089783636877042e-04
2.706861916886433824e-04
3.516836958421587283e-04
9.909962289770025707e-04
1.042333283914263949e-03
8.388114412186762486e-04
7.434235810733608694e-04
2.494198790483695958e-04
1.540546324968477968e-04
7.627607726681605955e-05
9.362826396668473821e-05
1.494859636090863325e-04
8.172108857127603136e-05
8.800199016448501772e-05
7.257982140852240144e-05
3.364259909129541944e-05
5.020909492052822446e-05
3.718673361853806227e-05
2.610250831302425939e-05
5.064441426997340600e-05
2.596670609755887606e-05
4.543327746281176991e-05
8.591706710632860235e-05
2.352133569238837042e-05
1.949636923117322511e-05
1.579094418428488096e-05
1.045904772321890354e-05
1.047228790881739469e-05
1.980161354783143609e-05
1.055297786560739131e-05
1.299745285264422121e-05
1.232040514226031529e-05
1.421952838540161721e-05
1.224318357154843918e-05
9.608373538895338098e-06
8.320709768597202782e-06
1.166291343589260787e-05
9.356344110833396375e-06
6.987762861046349743e-06
1.022205053537633903e-05
9.999539217255194084e-06
7.530619525225384397e-06
6.457841934079136697e-06
6.797845424562159651e-06
7.542581225457757333e-06
8.088926152327375444e-06
6.795136651065414269e-06
5.457871699247872986e-06
6.001975762350154362e-06
5.473780502278709208e-06
7.518234337251078154e-06
9.279284520030320389e-06
7.209173176921549447e-06
6.996319313100580404e-06
6.501330910651788903e-06
7.344509245984526003e-06
7.764908506113540657e-06
6.604368332348976445e-06
5.680070075922130909e-06
4.562220226686575702e-06
4.530979503415967910e-06
5.039661803278009594e-06
5.641982562496751363e-06
5.789709319155918700e-06
4.976099285470074847e-06
4.302096669067271730e-06
3.796489873027243537e-06
3.633365829774121456e-06
4.099990961047354496e-06
5.796795292101458872e-06
5.229762740527240144e-06
5.340212984446665683e-06
4.513836400349637197e-06
4.103911759686109169e-06
4.064977038808502236e-06
3.504796012051478669e-06
3.380513233731067052e-06
2.725097268029687875e-06
2.563216856801801417e-06
3.115025518839083393e-06
2.637613390024020618e-06
2.622711827356773792e-06
2.892224369072626947e-06
3.093945833329577409e-06
2.695079603992614676e-06
2.888278091779540286e-06
3.062889944808574562e-06
2.580798480039193399e-06
2.439422202341024103e-06
2.541979029134705794e-06
2.334146563473939339e-06
2.247113194193128014e-06
2.284268919803215829e-06
2.302364129949171119e-06
2.290843679186305210e-06
2.263131209651839718e-06
