5.065512232353791035e-03
4.791161562759628447e-04
4.336596802935580725e-03
1.783449766713907309e-03
9.339210057639162456e-04
4.793747673201418009e-04
3.673420084524902751e-04
1.094976587993908880e-03
1.178110158669678749e-03
1.379838909283318980e-03
3.985260047201948422e-04
6.333811276660945193e-04
7.735501233288905217e-04
5.515830446199952199e-04
2.409070873347495423e-04
2.575253254684286143e-04
1.227739331653452737e-04
1.065988248321388001e-04
7.484027948076354595e-05
8.431493796364268828e-05
6.161318936655968599e-05
4.636653783066012417e-05
4.972159982205932502e-05
2.893936283492491501e-05
3.227633433545694396e-05
2.783870140412450576e-05
6.145954533967669148e-05
2.603957509099381757e-05
3.545720158117562345e-05
3.113820289386585793e-05
2.465685858529443987e-05
1.793033239670321297e-05
3.400761414614563604e-05
1.998083358455606532e-05
2.657082340461788383e-05
2.215305474241188339e-05
1.858292226803219687e-05
2.198234496698582804e-05
1.931047705614065725e-05
1.533105941795643838e-05
1.612968954636851513e-05
1.381510110954877039e-05
1.886080406896098921e-05
1.581375805336869596e-05
1.763681272941081794e-05
1.219128304990603248e-05
1.129810380299035718e-05
1.486216107306526846e-05
1.689129389832410874e-05
1.582251657561257614e-05
9.089547025427300781e-06
7.924285388532690153e-06
9.171209763855649297e-06
8.926687162702877501e-06
1.359067160525255852e-05
1.419998503255762584e-05
9.119845248297091871e-06
8.299118487515710630e-06
8.073056332464985762e-06
9.027914800063749289e-06
1.377011965902724645e-05
9.069923626285692481e-06
5.992172744757253605e-06
4.520935607765048928e-06
5.078389492479212223e-06
5.273729695647436245e-06
6.360078777811691222e-06
5.917597131127893258e-06
4.694678657585891102e-06
5.051442356648443053e-06
5.455818440197541959e-06
5.619008500107988051e-06
6.278776335876629283e-06
7.454460602559040443e-06
9.141772610507886712e-06
6.178868537968802344e-06
5.658224281404627405e-06
6.044210460924869258e-06
6.310667963487658392e-06
6.917816512197461845e-06
6.063843383987465720e-06
4.716032546205196632e-06
4.339788866242926926e-06
3.952341338619482704e-06
5.099940088660257756e-06
5.261233071383543214e-06
4.703241799334722679e-06
3.896777969563811098e-06
3.552723923717424150e-06
3.686496280798744699e-06
4.003512393420237860e-06
5.047447792031010605e-06
5.199485682137267923e-06
4.885913141170895898e-06
4.113509395335728254e-06
3.627163246555244978e-06
3.355269198851433869e-06
3.009149762322697112e-06
3.129097142722848855e-06
2.970119447901054249e-06
