1.050918036427919006e-02
1.834991078192645944e-03
6.259101616295239222e-03
3.800826053809504800e-03
1.634021336204392709e-03
7.921412844979882142e-04
1.294860324282542333e-03
1.355089568908772382e-03
1.871598711973526718e-03
2.070360490422755179e-03
7.226001426967846187e-04
7.228032425767930147e-04
1.198746751603397675e-03
4.995269343596451302e-04
4.175686041682420712e-04
4.175362725298543509e-04
1.278013006436466746e-04
2.428662712292848020e-04
2.014715177859463578e-04
1.372344300021463787e-04
1.229250702931087560e-04
1.001396910005985895e-04
8.869045566605799269e-05
6.378571620033562342e-05
5.696948925416128945e-05
8.081603595680759305e-05
8.184776582140756822e-05
4.221877022024386809e-05
6.258315578301221606e-05
5.609615077222391546e-05
7.022192355810216431e-05
5.167886796177371137e-05
5.529375282773329927e-05
2.513801878955931025e-05
2.582809692017433372e-05
2.785842906618760863e-05
2.529921148009463570e-05
2.479321901636792952e-05
2.618630152611016779e-05
2.203744306013354326e-05
1.617142353550651661e-05
2.213974784046677093e-05
2.823561919717252917e-05
3.438989065569636325e-05
3.054838787945372781e-05
1.829707371042929180e-05
2.369429560020638170e-05
2.708583363233781110e-05
2.292201468573994077e-05
1.895994666082510051e-05
1.449103926400406318e-05
1.124957463972012439e-05
2.160061954670118307e-05
1.804920813530162959e-05
1.618591739147121501e-05
1.358784819463146631e-05
1.129157522178837954e-05
1.469334476874403562e-05
1.532647386502258792e-05
1.639783445561948018e-05
1.506710822295913658e-05
1.207775730525610913e-05
9.449174855057840535e-06
1.163591381479520573e-05
1.347862865856770476e-05
1.194085673025643568e-05
8.836555538755376879e-06
8.499008625835994960e-06
7.524801368089469788e-06
7.365893691383064032e-06
8.253768148209516712e-06
1.074988857949240096e-05
1.559948854966819990e-05
1.438811667555302693e-05
1.298054650988538713e-05
1.491048778547261544e-05
1.430291003180826971e-05
1.603687603110283966e-05
1.302966494283861602e-05
1.387760742265480384e-05
1.349808621388799149e-05
1.228059899035409168e-05
6.698809402292563635e-06
6.204746741825486236e-06
7.694804680973198966e-06
6.540041365327199595e-06
5.596053686135022567e-06
7.029067443805557898e-06
1.353057037470644241e-05
8.634093514883396951e-06
7.857511532587965015e-06
9.570467948666010449e-06
9.356248454758316513e-06
7.941210969070393273e-06
6.420027640387113372e-06
7.620938627627829076e-06
8.210093490913289836e-06
7.991159830504461492e-06
7.354196577906946559e-06
6.751356928769316714e-06
