1.718326994029298381e-03
8.147626437978132538e-04
7.452611435900558532e-04
5.058793506119541690e-04
1.372137380736151264e-04
9.281390073992431904e-05
1.308485464638453979e-04
2.220599668847130371e-04
4.894398896740002024e-04
1.934360093357095965e-04
9.407755033544845083e-05
7.897505570031638404e-05
4.251552153610475761e-05
4.194772311679331527e-05
1.556758913715114087e-05
1.057853467071861111e-05
2.068718674618719926e-05
2.354794459259489101e-05
1.241881099932061572e-05
1.039624304981104620e-05
1.242490723282037789e-05
9.859066485294725590e-06
1.142406959282451737e-05
9.562839389236263535e-06
7.411193765427225225e-06
5.236437514500020369e-06
5.069936932194456824e-06
3.559321234830294843e-06
4.405402276829849606e-06
3.819967451355279120e-06
5.216583214687602337e-06
4.012080561605498314e-06
4.181718222630240319e-06
4.348848691016519999e-06
4.573905437522002349e-06
3.791867654195523414e-06
2.833031907453012742e-06
2.397984588630581886e-06
2.558874903648802979e-06
3.264104447276524861e-06
2.498404782915645436e-06
2.195565213886706394e-06
2.169827707038655819e-06
2.044653044167246244e-06
2.174936532349661645e-06
2.431158131810416523e-06
2.407379858562682308e-06
2.226606901880417837e-06
2.254871797630383811e-06
2.266744681969221282e-06
2.150054137973058252e-06
2.244645985883418855e-06
2.313050377724453536e-06
2.210164626587390917e-06
2.121337804418742427e-06
1.972120339738712169e-06
2.136552346234845963e-06
2.347373711479707154e-06
2.530366048005987706e-06
2.179356442046184907e-06
2.133863305473986292e-06
2.032833273183332380e-06
2.041771621735355838e-06
2.222619561680302799e-06
2.183810419481793137e-06
2.091001019030880241e-06
2.150852374758369617e-06
2.109432016290730683e-06
2.152121378134872156e-06
2.161648056227279718e-06
2.746310774397634728e-06
3.382919189908571886e-06
3.495937103059806749e-06
2.493650122066517985e-06
2.086795116638404646e-06
2.234943707917472870e-06
2.249242386097961705e-06
2.063070870758809162e-06
2.148306073541421918e-06
2.110642523093186699e-06
2.179921075427785503e-06
2.183028460925524532e-06
2.364253152139955105e-06
2.197120160631413055e-06
2.216535347917284460e-06
2.334058683696435112e-06
2.561376116330559607e-06
2.721202947971126329e-06
2.670182683835530071e-06
2.571103089587287670e-06
2.470670868772731329e-06
2.359655133854583209e-06
2.382479787105694576e-06
2.346774351088613143e-06
2.292147706939978386e-06
2.355465732487829499e-06
2.356426859989074999e-06
2.278867005173361769e-06
2.318015993051017612e-06
2.419592175544934601e-06
