3.535602505726193230e-03
1.792318076675010084e-03
1.525981005189845554e-03
1.100797383633816268e-03
3.375501723225495052e-04
1.595854950599068440e-04
7.888365005736291046e-04
1.019069256818976510e-03
2.346933831093606527e-03
7.251419321656402519e-04
3.555875644471601636e-04
1.897540199171288589e-04
1.010460152567989518e-04
8.767040392113692731e-05
2.621537401365697171e-05
2.792179692462786012e-05
1.524625047743553353e-04
1.617161409131106966e-04
5.359749815903859879e-05
7.294355233889655344e-05
4.487054848086701592e-05
5.041609133671224788e-05
5.020300623213054135e-05
2.523770450246064047e-05
6.825916461664405829e-05
5.677054917864178497e-05
6.056161527208406633e-05
2.212911849559671130e-05
3.268403496089092677e-05
1.122415708420929909e-05
1.978209272617071691e-05
9.669033866397006791e-06
1.405600190069298421e-05
1.551020263517067596e-05
1.911814619250447146e-05
1.266626637770585846e-05
1.213177985226656107e-05
1.803962746698720710e-05
1.458886496265280569e-05
1.464918690153150310e-05
9.506365550629073497e-06
9.660405891726061564e-06
8.400698891968004701e-06
8.505161835159201589e-06
8.058994001766482646e-06
8.661833682088843395e-06
8.750050426228874061e-06
6.415440157531974278e-06
7.158637042710725719e-06
6.500176790290798182e-06
7.148347172754094204e-06
9.357991678935128298e-06
7.339451895336395196e-06
4.999193585177280874e-06
5.688990424183343741e-06
5.597946947467934411e-06
5.950755134130485360e-06
6.981626192602974306e-06
6.022899470768886908e-06
3.684883344531180932e-06
3.647421288838182029e-06
4.810664614457337778e-06
5.367070672694002210e-06
5.654143321923945784e-06
4.700639474996236300e-06
4.281629906347745640e-06
4.407193951210373019e-06
6.208975686638579274e-06
5.742915998321000405e-06
5.188613963633105996e-06
5.700474001026755142e-06
7.433565911024450428e-06
5.170248680541168973e-06
4.675857003490387584e-06
4.718079043256304635e-06
5.662856568556333381e-06
4.581965215698799694e-06
3.448470067698166529e-06
2.598656948697718294e-06
2.691697474659106767e-06
2.792657115433220438e-06
3.112493430746827197e-06
3.461085950703971045e-06
4.134065574513823525e-06
4.236507582805573847e-06
3.840743742881192080e-06
3.498701803831316606e-06
3.826319064830679090e-06
3.904743718435988661e-06
3.346570268619098924e-06
2.920856992993769240e-06
2.918657631471088220e-06
2.912290216058894760e-06
2.751511887217780921e-06
2.477570257115571083e-06
2.500320350869652893e-06
2.740941098560449611e-06
2.853405729753058451e-06
2.582366423181907846e-06
2.366458122527864626e-06
