4.258035443246881331e-03
2.309409938840784743e-03
1.666539260771203543e-03
1.462558615611045084e-03
4.011641526118196353e-04
3.277345304828123982e-04
1.163688811277990712e-03
6.418024152468645820e-04
2.007162368095472774e-03
5.707850790276227477e-04
1.411790539045537163e-03
3.723532260048997627e-04
1.616925817011152376e-04
1.196364156139126069e-04
9.057818390943799772e-05
4.925286752224764404e-05
1.148955270889116375e-04
1.804420268974411476e-04
1.028907298185690895e-04
1.433995024452601756e-04
4.195221011236122637e-05
8.295786035669629882e-05
4.831770968295752677e-05
4.419227760346089575e-05
4.763199539467549676e-05
2.426833929902805432e-05
2.335453887899431458e-05
2.610954528617560837e-05
1.976914440419239326e-05
2.480809459736184856e-05
1.550002155807515670e-05
1.328060391624057998e-05
1.330356336031583154e-05
1.402431032496579236e-05
1.845867915718976806e-05
1.593416077318621739e-05
1.553076817998461429e-05
1.564200301329961518e-05
1.515390002879318322e-05
1.885179890544638490e-05
1.612915380447917354e-05
9.061089489114506826e-06
7.646354973445414183e-06
1.003622805262005379e-05
9.290051320609766969e-06
8.755375951300003575e-06
1.010293964374543070e-05
7.168511385067230872e-06
9.160281410773302434e-06
8.898470815915097257e-06
8.692683172212180225e-06
9.348916343455983315e-06
9.768591110686150998e-06
8.504584667465717594e-06
7.805823394319014448e-06
7.750894994513027561e-06
6.762059223269165911e-06
6.604032602215598789e-06
5.186143913230060650e-06
5.748633716172938101e-06
5.598701582733727349e-06
5.126689966926425133e-06
5.196747939266473268e-06
5.601797227837063886e-06
5.808533224237183395e-06
4.772296081619722871e-06
6.616790413141815936e-06
6.120149674329639444e-06
5.850425360945852484e-06
6.467770715164951942e-06
7.215691816851449554e-06
7.014693479042759602e-06
8.778436515069206080e-06
7.153092774243383490e-06
8.407106618961410790e-06
8.316479851650074689e-06
6.935638500160900298e-06
5.142248980756209718e-06
4.589584664092650500e-06
4.385231077097563726e-06
3.697463301836863820e-06
3.905277703151694938e-06
4.498985465023787797e-06
5.135390678954713976e-06
4.854188506979489907e-06
5.311652165251486959e-06
5.393510037407521099e-06
4.484115483791059660e-06
4.679345976880538339e-06
4.413867790009494863e-06
4.361923746811264508e-06
4.510738460693269398e-06
4.528957070997606272e-06
4.895676264796635190e-06
4.943801709863521453e-06
4.649045495042240950e-06
4.722831055408587956e-06
4.991643296827857948e-06
4.026707869237174713e-06
3.262541148126867614e-06
