7.294622843235402249e-03
4.386037396429103702e-03
2.661403675558827748e-03
2.043963106961363581e-03
1.146962561624803806e-03
6.004270740166638403e-04
1.757288976935157850e-03
1.553689623635950848e-03
4.093893400156329437e-03
7.179517076327780961e-04
3.436896956393693889e-03
1.021816541222689539e-03
2.715304753859627699e-04
4.024791247841200147e-04
2.919360038768634212e-04
1.946051574699183824e-04
1.297208139785684382e-04
2.268837402085034757e-04
1.114900706486926572e-04
1.958782620006069438e-04
5.655290173580081235e-05
1.731507698088774851e-04
5.625516074077174951e-05
6.491450752792645991e-05
5.708167576201878901e-05
4.616136831374823463e-05
6.421615364423392867e-05
9.727855221001064116e-05
1.046739518710165703e-04
6.396635813070284510e-05
6.130245894233361662e-05
4.263398831087992212e-05
4.871283503016196365e-05
4.755078958131741276e-05
4.363605131935588324e-05
4.076822080953835804e-05
3.230154002450298781e-05
4.081998455335805422e-05
5.034632747019283737e-05
3.313722376940987359e-05
3.652943251542283199e-05
4.826035506825128554e-05
4.156838031301840182e-05
4.802614021266111998e-05
5.358412873990148461e-05
3.676186798530428699e-05
2.908880923468116727e-05
1.761216115956437884e-05
1.481478314358908385e-05
1.504644332770036220e-05
1.794922990172890401e-05
2.530411428437132087e-05
1.774780906732998593e-05
2.097670325472594493e-05
1.699651130739257549e-05
2.377897401049822398e-05
2.420619491336953769e-05
1.768728367620986736e-05
2.119240443386761081e-05
2.479753530978908682e-05
3.015767009962405339e-05
1.843688669547111395e-05
1.747814049269389228e-05
1.561735714183105540e-05
1.201499416942154085e-05
1.256933934608043032e-05
1.222515349760645319e-05
1.260363863524677160e-05
1.753008613392439128e-05
1.832175481813262235e-05
1.404309441271813816e-05
1.620966059304113497e-05
1.670293732417755427e-05
1.056684682443885774e-05
1.042073738921049703e-05
1.102133366814032667e-05
1.502768279054451572e-05
1.220241758540815637e-05
1.264188907790881141e-05
1.205698491822662500e-05
8.043567627475854576e-06
7.136439942863700251e-06
8.392118692846729837e-06
7.749082450820046189e-06
9.489197811612649114e-06
1.049030583417689854e-05
1.137878163973365611e-05
1.186269033927761732e-05
1.107764196381517128e-05
1.179625470826264846e-05
9.511625957057240525e-06
8.187891572135619627e-06
7.241570998045882378e-06
7.253749524093917505e-06
7.975190523488593093e-06
8.751507739317525755e-06
8.640291266307039669e-06
8.577284624829519845e-06
7.407570556814431862e-06
6.830454906725573270e-06
