1.769472770023868685e-03
4.862510400560199060e-04
8.809569515286647936e-04
7.914361884357640252e-04
1.443981921924814482e-04
2.158717959753317557e-04
4.426472888272756328e-04
2.460606918786756477e-04
3.183708251621300881e-04
1.988291989178685084e-04
1.114736362741992979e-04
7.432901038092901234e-05
3.509447202697750902e-05
4.164232789726029333e-05
1.847922093536839269e-05
2.620610715534162652e-05
4.017307002370326284e-05
1.097243474409221818e-05
1.335967151145232985e-05
1.149106888222842315e-05
1.126581502523155379e-05
1.936787613336436755e-05
1.215546191712649140e-05
7.672353052044385337e-06
7.077242741999378295e-06
5.038076344452966796e-06
4.683376484108923094e-06
4.474700917915183052e-06
4.284975242377752373e-06
3.471074441647910783e-06
3.602119036416736625e-06
4.302082164156772201e-06
4.579841807709293853e-06
3.795967082038975770e-06
2.770171444140529046e-06
2.846519297694938645e-06
2.688498428791251574e-06
3.199594901677187452e-06
3.068041575409888810e-06
2.773005854620764846e-06
2.764607419837338323e-06
2.526220544402687973e-06
2.307735825225937766e-06
2.220471956947076517e-06
2.206966292837964101e-06
2.162812341660350324e-06
2.206139148392030208e-06
2.214276744519332464e-06
2.694511025960215466e-06
2.732718051438864762e-06
3.048061284661110318e-06
2.479152286427928928e-06
2.156403929529286296e-06
2.115597225199385319e-06
2.068457144291046606e-06
2.114159484317763147e-06
2.316996144883684907e-06
2.267084575893887761e-06
2.198797033152697335e-06
2.153738141328430243e-06
2.078489668878479349e-06
2.198652695707988088e-06
2.203576935978883620e-06
2.183188025265354444e-06
2.172023658276442091e-06
2.200386957559243919e-06
2.141938398777296235e-06
2.104957170871842994e-06
2.253668603298090215e-06
2.167946264004728701e-06
2.198161814854532313e-06
2.354819683887672980e-06
2.374858671042949674e-06
2.550264220645524421e-06
2.365116392465178404e-06
2.305932235441694605e-06
2.454991263945381060e-06
2.365284990904880226e-06
2.313079587787164759e-06
2.360865055068763086e-06
2.598592772474627316e-06
2.702922302463125215e-06
2.630171548624516495e-06
2.589385601090841218e-06
2.580860188638034487e-06
2.683255127105833126e-06
2.836403497321898719e-06
2.838444028666992545e-06
2.752803275477423187e-06
2.735080495529625932e-06
2.687194693677081709e-06
2.541365792129760293e-06
2.475053770623146087e-06
2.510523195504615967e-06
2.502685011681226810e-06
2.563187394853988452e-06
2.715615368736570262e-06
2.756187964312303945e-06
2.778846749159575545e-06
2.767156059395014565e-06
