2.268359271409142730e-03
5.167238670748140403e-04
1.058325167086468510e-03
9.050349786377607630e-04
1.769558265707082436e-04
3.854718211586099911e-04
6.226933660184446207e-04
4.194254864288384150e-04
4.390308926175982471e-04
3.335365454199907469e-04
2.132616058040503061e-04
2.356531668040117127e-04
9.710863235613298482e-05
1.776981380833064588e-04
2.705713933252504232e-05
6.397826356304544204e-05
6.572603741879156302e-05
6.624339092803092281e-05
3.132444249708172829e-05
3.326932382921804157e-05
1.972766704757923715e-05
4.008566694978683435e-05
2.663322584695329172e-05
2.645293589200799916e-05
9.028590959954932419e-06
1.239603711797290824e-05
1.030739696197494178e-05
7.963867913954374112e-06
8.383149667115046667e-06
7.388103842330799191e-06
6.802145108651841194e-06
7.471528623177907117e-06
7.492924042120468885e-06
8.252761698370906167e-06
5.008141520065316629e-06
5.263850317677815029e-06
5.665458321799293443e-06
6.451090300403157104e-06
5.726298140622496530e-06
6.382637379362252121e-06
5.131394469984129317e-06
4.528821285198130933e-06
4.139643304019115519e-06
4.754651748257788830e-06
5.027332916020770620e-06
4.623285605371731037e-06
4.435182585126375775e-06
5.125706951122172877e-06
7.157871791271017042e-06
5.160584271549641790e-06
4.188261722498781330e-06
4.327164562401242719e-06
4.304279673134591714e-06
4.333225045781600899e-06
4.244503969682671367e-06
3.882473463672244812e-06
3.987518121841971423e-06
3.545777942197161559e-06
3.476339112378684364e-06
3.176056440641910714e-06
2.781771497242571216e-06
2.718075162691778343e-06
2.860669020024632827e-06
2.981058089040243002e-06
3.138041156922762846e-06
4.777454373957657967e-06
4.260035635389733058e-06
4.686524074499367237e-06
3.751792283197345419e-06
3.865485606817713929e-06
3.581018574221501163e-06
3.654051639398791473e-06
2.946574399402369737e-06
2.406310833188932350e-06
2.231681277656888354e-06
2.357248633911218331e-06
2.239960534486467042e-06
2.368350860934783970e-06
2.411179710706940662e-06
2.453623302024115595e-06
2.229609606820544233e-06
2.154714882272458607e-06
2.036123116449687963e-06
1.908981100832231369e-06
2.138288718580057771e-06
2.185725089376616628e-06
2.131860517323854685e-06
1.955707882046243102e-06
2.000651367935713108e-06
1.977274303319565376e-06
2.091458817510526463e-06
2.090279417373424537e-06
2.231062782393088934e-06
2.097631454814982495e-06
2.115954927517182036e-06
2.181932760033111852e-06
2.047495383248556489e-06
2.001104013993568632e-06
2.076709710022762554e-06
1.998681254393686935e-06
