3.646829310599140894e-03
9.945785177536863638e-04
1.948744543237998939e-03
1.903523849879121353e-03
4.531253064810873850e-04
4.812178945052876956e-04
8.539537855756455104e-04
6.389246701187919694e-04
9.765961536037739456e-04
1.346458681103589791e-03
4.722564522030355417e-04
4.602506530627980055e-04
9.463631820878863057e-05
2.353039801231679223e-04
2.505882297581303952e-05
2.791185776067203945e-04
1.511839781054101343e-04
1.175803616849602028e-04
8.057978596362538870e-05
5.593109593825724052e-05
3.985199750666398812e-05
5.679847533707319706e-05
3.381951095496939116e-05
7.569316300618954187e-05
2.086718328778910936e-05
2.006210305138008052e-05
2.794394926020630821e-05
1.718632825925327663e-05
2.777688388174618886e-05
1.395018068698822434e-05
1.074179667467571356e-05
9.093313460188643502e-06
1.035632994188570628e-05
1.368804747614125706e-05
2.064496466052478756e-05
1.633513169838027131e-05
1.189480330915351377e-05
1.494021124995088105e-05
1.378302230661046705e-05
1.040882941223983796e-05
7.871100461580939867e-06
6.584152982803577944e-06
9.590000938464674963e-06
7.372734867522874395e-06
8.562774067105584822e-06
9.259190696608022623e-06
9.123931821473039237e-06
9.818185996201199859e-06
1.044900665538721384e-05
9.836280266889647542e-06
8.206439250088186905e-06
8.951198812349134574e-06
8.649418483684047674e-06
8.304133849739089721e-06
8.891200641784049050e-06
6.227972841546359516e-06
4.821058885318510783e-06
5.524014493501844916e-06
5.973923311117648701e-06
5.932742717465980585e-06
5.198996859765285210e-06
5.701235691447804001e-06
5.912564643469239001e-06
6.604184293355992598e-06
7.474417034984758517e-06
8.837451319847739161e-06
7.242609638082143916e-06
8.211379113629593447e-06
5.597975978579784224e-06
5.215920249879004609e-06
5.892151962064062068e-06
6.714383750100570934e-06
5.200380584513554472e-06
4.571525924093688407e-06
4.159682509734949456e-06
4.398129621545558739e-06
4.550426470247999571e-06
4.060321417772651579e-06
3.634571086117939851e-06
4.246660469895221497e-06
6.918003629017055025e-06
7.348810404901485197e-06
6.540278714987324848e-06
6.077129706508277143e-06
4.708311623213553745e-06
3.750515992283188435e-06
3.341155589830741144e-06
3.604480113474521125e-06
3.633175630966150459e-06
3.843651793710605668e-06
4.521723144273919804e-06
4.865075336257153817e-06
4.869943727287523287e-06
3.824515386451725307e-06
2.951393527470027208e-06
3.296684226821127167e-06
3.844699975414901538e-06
3.945347848795956096e-06
3.427762415987903164e-06
2.947861629261679196e-06
