6.791836266179168864e-03
1.966157680156050899e-03
3.856591745085565653e-03
4.245671458299751788e-03
1.265541605040468700e-03
1.429224648052679217e-03
1.520562089382597720e-03
1.905201621933167106e-03
2.336007222854934347e-03
2.521019024431414134e-03
7.896485011557592519e-04
6.537991487405122497e-04
1.823847824819938121e-04
4.842849668567694786e-04
9.032008239933426595e-05
3.356185614633855341e-04
2.281042967878537026e-04
1.051478425083593980e-04
1.967328346507241045e-04
5.741542591856099102e-05
8.748430492373588318e-05
1.002686449269073524e-04
9.587619898749060333e-05
1.321763670742601919e-04
5.717295190440280277e-05
1.394606423023303510e-04
6.408323186597092490e-05
8.498743793150649280e-05
6.175510641521993237e-05
4.053693624209368497e-05
2.684581593137677887e-05
2.345542892822876564e-05
3.634295162284267248e-05
3.250990722443931381e-05
5.781422230043196090e-05
4.824879300986194237e-05
3.562271379520767940e-05
3.369513792666506576e-05
4.246558650365269934e-05
3.730696471793567518e-05
3.188751766526806144e-05
2.108582037854083203e-05
2.028605957113401801e-05
1.928665906513129136e-05
2.166038106602944868e-05
1.888569995520990178e-05
2.282581955690566653e-05
2.207358910083536394e-05
2.731760131434016450e-05
2.859202620617017188e-05
2.437767458266079909e-05
2.532974494192759954e-05
2.362061714042854062e-05
2.828881911390237160e-05
2.534933693800552230e-05
1.455349248005149146e-05
1.393858357391261899e-05
1.955750980237254725e-05
1.241831487358798510e-05
1.012762949746269597e-05
1.057320089231756208e-05
1.075129518957976451e-05
1.412964710316319157e-05
1.469214266460263099e-05
1.437227825559371760e-05
1.560335873401269617e-05
1.499075777081962256e-05
1.820907989013380957e-05
1.411596353002419262e-05
2.098520407502654423e-05
1.791657260883973096e-05
1.269097856926009395e-05
1.247373617125028439e-05
9.928122866304409677e-06
1.181597756932306205e-05
1.301148214145614183e-05
1.440451287957989033e-05
1.160315763544918569e-05
8.673467859352030737e-06
1.132197489934179884e-05
1.360223263589104127e-05
1.373235956789823565e-05
1.247377486968592485e-05
1.037578446151220601e-05
9.993438999247429778e-06
9.402811609659086575e-06
9.422550711891290243e-06
9.131178086872594968e-06
8.388536249402584507e-06
8.037110298193194210e-06
8.041485960934987049e-06
8.133143444877043054e-06
7.734358138203708448e-06
6.778769150952806516e-06
6.335418488208221540e-06
6.821906690149420195e-06
6.911025282764340089e-06
7.709477046964151772e-06
8.868404988045732544e-06
9.124892937669310802e-06
