1.902804237171775185e-03
1.074399671943182056e-03
6.489251317026271688e-04
6.975802107605876380e-04
1.451515660419254016e-04
1.161200599821806870e-04
8.854807477330359016e-05
4.279591716925292260e-04
1.586563901539643593e-04
6.004910591844265052e-05
1.412626572684644441e-04
1.262843580137158674e-04
4.303780164967645173e-05
2.098841459837497248e-05
2.619298021656502349e-05
2.318389283071249415e-05
2.279320253319613675e-05
2.013729618645708505e-05
8.352143408415663590e-06
1.725536300346413397e-05
6.744148547624058690e-06
1.351221152659638455e-05
1.207374374354881306e-05
9.182834461745253418e-06
6.714261827041194542e-06
4.308488185497711626e-06
4.294526011196205591e-06
5.660824760362656420e-06
5.024827513655944758e-06
4.980673530632686102e-06
5.170583476898953398e-06
3.863519948208422925e-06
3.020808305246393309e-06
3.391854555763723956e-06
3.543007641673007784e-06
2.988244672810044166e-06
2.960652972176123520e-06
3.020450292260337507e-06
2.714460131260470593e-06
2.755406601610741281e-06
2.554980859902664184e-06
2.265912152509818348e-06
2.142152267529950576e-06
2.238786180551172291e-06
2.636325601056920270e-06
3.579565377576727028e-06
3.796574992412921486e-06
3.566887992953527178e-06
2.883615419259823904e-06
2.437749881493271721e-06
3.458942816281587553e-06
2.681258436374005764e-06
1.975761462780267654e-06
1.954103853908298796e-06
2.027026806091856350e-06
2.225400755751054580e-06
2.397229683945920968e-06
2.206060019013536710e-06
2.195922716889506823e-06
2.183474040621265838e-06
2.238478421051961455e-06
2.564593382746791154e-06
2.296551656572773558e-06
2.957764738091571109e-06
2.539038047539662703e-06
2.458575720670735819e-06
2.149831008887949276e-06
2.130073408594178196e-06
2.133529622645654331e-06
2.145561503432242663e-06
2.180627553199949568e-06
2.139810477145990818e-06
1.996680991450563987e-06
2.025620304845280112e-06
2.064769461457109148e-06
2.174001218130004982e-06
2.162452836342444470e-06
2.118703557371976026e-06
2.119703352874143605e-06
2.197262694986964592e-06
2.349772838741717822e-06
2.510325559613536024e-06
2.620879414660264134e-06
2.481550284324712364e-06
2.393959149820610827e-06
2.305818890034268975e-06
2.148806309916332935e-06
2.116547600002598551e-06
2.140648145635729079e-06
2.140562584590473127e-06
2.243520662848290349e-06
2.260817945580022541e-06
2.271297433640179953e-06
2.234682450011412118e-06
2.363462504338754144e-06
2.482596294197068210e-06
2.668314723220149027e-06
2.751741097131466453e-06
2.752622826807720582e-06
2.845707539630543240e-06
