1.420347528733938549e-03
7.953431701422500116e-04
6.039452531885478644e-04
4.450708663512033887e-04
2.878130781014377423e-04
8.212389586623736735e-05
7.988958119344934485e-05
4.099404230032215025e-04
8.769713071021188440e-05
6.378944099207065521e-05
9.367180366330724018e-05
4.549807797651354206e-05
3.263692491488744021e-05
1.576576764502182396e-05
2.330639381780908595e-05
2.409662935569919574e-05
2.538177342140772848e-05
2.086868849261745140e-05
1.021645724858315875e-05
1.055229217814509332e-05
1.016576888724004368e-05
1.241167657488122517e-05
6.779872276977508948e-06
7.098978669829244137e-06
6.304190631733110542e-06
4.584964021139325879e-06
3.808302790635413396e-06
4.028438648330442646e-06
3.498805039274971913e-06
3.471035735505202662e-06
4.230422005519524554e-06
3.952751436261677378e-06
3.109862621493049310e-06
2.852920743542774690e-06
3.011576905634510761e-06
2.877442948503216467e-06
2.906286941695912933e-06
2.645789764727907366e-06
2.896658536139832946e-06
2.831061504652215790e-06
2.492830532594597951e-06
2.448997876517206044e-06
2.501104972671541597e-06
2.474834105463695430e-06
2.746004266266473669e-06
3.518885123507741006e-06
2.766864286133012096e-06
2.428996822358899789e-06
2.133475478003787691e-06
2.195711367022448327e-06
2.177671429307799001e-06
2.334078381277934436e-06
2.363915471081190480e-06
2.165175638224982508e-06
2.145212842420277436e-06
2.288034623870568045e-06
2.353026998643488452e-06
2.172497134672511905e-06
2.021845356119794657e-06
2.010157291214064299e-06
2.138540043862227905e-06
2.186468243271147789e-06
2.226978513246264142e-06
2.755895448418451805e-06
3.321238109585826756e-06
2.831645535692522521e-06
2.169881532750301888e-06
2.278790328267862057e-06
2.568156003888732375e-06
2.714401409348148471e-06
2.714653800511364106e-06
2.667460988699571521e-06
2.582601149817792407e-06
2.440187157955812993e-06
2.450117452212462803e-06
2.480227221836219671e-06
2.559378719444898124e-06
2.490573676827556842e-06
2.458791054374920097e-06
2.536399039840842390e-06
2.567832792726002688e-06
2.621523998643299324e-06
2.677803707548935805e-06
2.691924791463929523e-06
2.589344784561391587e-06
2.463550204304687286e-06
2.414551162199722545e-06
2.480800990619763020e-06
2.582561921798422036e-06
2.665046782042436329e-06
2.695684713366754895e-06
2.608309130337304992e-06
2.634418915515268177e-06
2.625962456360546462e-06
2.712007159230902731e-06
2.875702994148596588e-06
2.946767685146229950e-06
2.961041930152286740e-06
2.907713269044652065e-06
2.926504971832760217e-06
