5.367194370292336335e-03
3.122286208953986217e-03
2.615341805262286299e-03
1.644863482242777493e-03
8.915556775689620220e-04
3.408489279762479682e-04
6.476720258859678097e-04
2.214897837059480717e-03
3.903923935301212896e-04
5.404684370350225408e-04
5.811973505286605534e-04
1.810270586070619660e-04
1.443666737367249858e-04
4.684026973977371535e-05
1.409959142287366747e-04
1.398931170492360640e-04
1.302584923028441192e-04
1.476961209393723711e-04
6.752694118557450807e-05
5.420311899844048508e-05
2.959030504162588643e-05
4.381876575575274551e-05
2.601675540402231687e-05
2.399692773797641626e-05
3.657183106700740685e-05
2.271291664608248944e-05
1.646743921289569459e-05
2.577597647225664292e-05
2.783870340613358877e-05
2.629625747563064326e-05
1.559286751341689906e-05
1.224375734946358003e-05
1.465997261827485946e-05
1.944643401964134255e-05
1.605109614668530867e-05
1.735331218574566681e-05
1.278262705116978796e-05
1.224099563519322911e-05
1.337172809498192365e-05
1.277165192918591150e-05
1.086076421134984423e-05
1.466197508010991756e-05
1.056855781287218790e-05
9.907453269438584560e-06
1.035662476526834260e-05
1.171492088955509894e-05
1.234976892006289709e-05
1.333285111088050575e-05
1.082157049199902758e-05
1.154284037269143232e-05
1.378412708062830856e-05
7.789428310986198667e-06
8.165632785501581605e-06
7.271480422834823063e-06
6.588471617199387702e-06
7.826391691588124381e-06
8.295194865985135011e-06
7.532839477883073413e-06
9.445299840020434103e-06
9.298767388305943733e-06
8.140403123676751818e-06
9.404337246396692328e-06
8.098495995938100452e-06
9.466734181537434504e-06
9.968618842643977231e-06
8.057316921578873959e-06
8.038877652348604935e-06
8.200162692068187469e-06
7.483379673927568480e-06
7.026028631489037371e-06
7.681346987267372646e-06
7.427624491852797695e-06
6.722125814037783834e-06
5.930624120919017043e-06
5.969781162726917810e-06
7.261740404789319402e-06
9.140721168909573754e-06
8.428793954356245509e-06
7.901837519647780022e-06
6.874942059887765302e-06
6.753724763559601172e-06
6.368895889595441223e-06
6.419605999908697550e-06
6.291545801309995683e-06
6.659428195610858171e-06
6.706298438977468513e-06
6.556647621633549189e-06
5.844526123804996088e-06
5.326010554775386112e-06
5.158448628622916742e-06
4.675672232778817191e-06
4.560856398243734837e-06
4.671673758370269001e-06
4.672801699180156168e-06
4.814777734767510064e-06
4.906351525152285900e-06
4.908138957864667575e-06
4.856858130622894882e-06
4.538799198449559680e-06
4.707191002464593953e-06
