6.540273886251858453e-03
3.522637464669027552e-03
3.637265793279094526e-03
2.400430198454899921e-03
1.551794285912209059e-03
6.073244207501063202e-04
1.093488708690621911e-03
4.394922842495978255e-03
9.662002410351708389e-04
8.363345506555193301e-04
1.401049365966614783e-03
6.234798543006228903e-04
4.439025468165382093e-04
2.689680836991419272e-04
2.529249704149128344e-04
3.655154722048328656e-04
1.609578787408220079e-04
3.247272991135706868e-04
1.226490194713888949e-04
1.725102075216234884e-04
6.992472539222129631e-05
1.054252941045798566e-04
1.271571938984117605e-04
1.096011274178925040e-04
3.853991180464751024e-05
3.249649797197134521e-05
5.396632600214748917e-05
2.870415102611651402e-05
7.673986590469313409e-05
5.297851258147388869e-05
3.355657215472525193e-05
5.080416320118854228e-05
4.536867146807812363e-05
3.390242495659688413e-05
4.726412521212373702e-05
2.020060345636947240e-05
4.455276908265073732e-05
3.323110519393549271e-05
1.781507519299163218e-05
3.489833280051901908e-05
2.334691529510996789e-05
2.921460157613809134e-05
2.066252074546744797e-05
2.676071556545074593e-05
1.423058175581066533e-05
2.048558648929119851e-05
2.318663631845802617e-05
1.768760602521930107e-05
1.656142377807765176e-05
1.495477270327161311e-05
2.121890557981242429e-05
2.316222977689354304e-05
1.519684809010733737e-05
1.555981551118551602e-05
1.062190847926904546e-05
9.675896027609071814e-06
9.079524335692442584e-06
1.499562041338858259e-05
9.575649515188285684e-06
1.511485384299534076e-05
1.101187576878585150e-05
1.646874736290011146e-05
1.493986409657612056e-05
1.874275171810103316e-05
1.110701478741127101e-05
9.482838409001558504e-06
1.070211600164488971e-05
9.674815134649473680e-06
8.997340476217791756e-06
9.889136500618350733e-06
1.126221418177675041e-05
1.344830390800084179e-05
1.166282457108529859e-05
1.471598474487363395e-05
1.341408979512459046e-05
1.793888847810486291e-05
1.587239870466886912e-05
1.190469800367550897e-05
7.250018391951401328e-06
5.962678025640418645e-06
6.521255671918538155e-06
6.352144437159136179e-06
6.293384763751752391e-06
5.483578181883463673e-06
4.835599418791041663e-06
5.557061395235771995e-06
5.483250819322787403e-06
4.742958374924334166e-06
8.524886883800652243e-06
8.834415470400723734e-06
8.817509898170085885e-06
6.988923090621982880e-06
6.892290066664643274e-06
6.496950716795570782e-06
6.469454614670653119e-06
6.115342536975417579e-06
5.619350100577264575e-06
4.818876884867546538e-06
4.264478401063704816e-06
4.319077590740167981e-06
