1.110027361618742305e-03
4.832335284051003958e-04
7.611818564339591130e-04
1.709255814598654663e-04
2.938317508428080530e-04
4.531776493994624558e-04
2.016947891474787653e-04
2.350299876520231426e-04
2.393148997690422517e-04
2.758214977170215555e-05
5.024163358052698033e-05
2.292003250419595356e-05
1.607158211988311532e-05
1.600476903932548478e-05
2.030850873222990544e-05
8.418323558877791732e-06
1.100769099625020213e-05
5.666349993075791497e-06
8.164321390402467493e-06
4.999378715994565673e-06
7.800292134991121021e-06
6.149192492106760676e-06
3.398833752691729463e-06
2.694353630634379948e-06
1.957694802233770404e-06
2.756603682762994166e-06
1.981323446605454614e-06
2.003893379150854670e-06
2.165558608688174727e-06
2.292763466621985317e-06
1.963606899661428831e-06
1.614702467596823149e-06
1.810379782593436993e-06
1.753644654695087326e-06
2.010537394149069301e-06
1.646116587299055497e-06
1.388738097839888819e-06
1.482085504047873563e-06
1.473614297611710513e-06
1.446269515636098748e-06
1.431784755856062389e-06
1.491542788597587279e-06
1.538284626518864729e-06
1.688600377260255754e-06
1.469294852321325993e-06
1.683925848972181474e-06
1.660993635662226826e-06
1.810069091855004844e-06
1.935609804558054247e-06
2.132570547632671900e-06
2.352323777626552891e-06
2.326558132181644147e-06
2.299024949105251158e-06
2.273349611486604735e-06
2.726450783036308008e-06
2.894426392684192769e-06
5.171020596149482980e-07
0.000000000000000000e+00
0.000000000000000000e+00
0.000000000000000000e+00
0.000000000000000000e+00
0.000000000000000000e+00
0.000000000000000000e+00
0.000000000000000000e+00
0.000000000000000000e+00
0.000000000000000000e+00
0.000000000000000000e+00
0.000000000000000000e+00
0.000000000000000000e+00
0.000000000000000000e+00
0.000000000000000000e+00
0.000000000000000000e+00
0.000000000000000000e+00
0.000000000000000000e+00
0.000000000000000000e+00
0.000000000000000000e+00
0.000000000000000000e+00
0.000000000000000000e+00
0.000000000000000000e+00
0.000000000000000000e+00
0.000000000000000000e+00
0.000000000000000000e+00
0.000000000000000000e+00
0.000000000000000000e+00
0.000000000000000000e+00
0.000000000000000000e+00
0.000000000000000000e+00
0.000000000000000000e+00
0.000000000000000000e+00
0.000000000000000000e+00
0.000000000000000000e+00
0.000000000000000000e+00
0.000000000000000000e+00
0.000000000000000000e+00
0.000000000000000000e+00
0.000000000000000000e+00
0.000000000000000000e+00
0.000000000000000000e+00
0.000000000000000000e+00
0.000000000000000000e+00
