2.021823655123801411e-03
9.193881848598634606e-04
6.493919865680225110e-04
2.434134675110335164e-04
5.751496653483993736e-04
5.460308549513695486e-04
5.749991956313354330e-04
6.040908202349674558e-04
3.558865555724276633e-04
1.109189877193400174e-04
1.070265370343565479e-04
1.512421331699043841e-04
1.351474149199027831e-04
4.750125912409531399e-05
4.173077871003037244e-05
2.277179765094706243e-05
3.247621962095955327e-05
1.924446476822290797e-05
1.476776415786208703e-05
1.708497306018781940e-05
1.986218786576124767e-05
9.790189650259265166e-06
1.539473379108733633e-05
1.026702672743941124e-05
6.674562267272180523e-06
6.245394950452363086e-06
5.125423785329618926e-06
5.060343532282816264e-06
7.179355740041782645e-06
5.448632643713776618e-06
6.621579817262580428e-06
5.648299014818485194e-06
5.203517862575877396e-06
4.991753798677892869e-06
4.513441330205134924e-06
3.730030899178912663e-06
3.135137287195570279e-06
3.623449366726986396e-06
3.949760971435581453e-06
3.928177825617775286e-06
4.226399635437566573e-06
4.401272496283010514e-06
4.372952182141823669e-06
4.885906072230589572e-06
4.294467741369484141e-06
3.995069826580464588e-06
2.585421069319630780e-06
2.761931795257654726e-06
3.436736189759132468e-06
3.247525379798955023e-06
2.739587489264949186e-06
2.863957011462658330e-06
2.403460690901264938e-06
2.331643250955494480e-06
2.399022298583232605e-06
2.453691176654103063e-06
2.644669135131817612e-06
4.231018764950494323e-06
4.577697294223465026e-06
4.306918170146001224e-06
2.795743877254172566e-06
2.820877442038697206e-06
2.599090861728415315e-06
2.606802802351536430e-06
2.567998925307402270e-06
2.418797884150931935e-06
2.226707053609090238e-06
2.219227677799093627e-06
2.108663775572485660e-06
2.456485416408820601e-06
2.331372302083588106e-06
2.040324041652597424e-06
2.324645558371176224e-06
2.260325242466292130e-06
2.165711653184038338e-06
2.083086973404597654e-06
2.298745496010989386e-06
2.345719411388559051e-06
2.380896500483617644e-06
2.517656846363231869e-06
2.550627737557694023e-06
2.238030949647214419e-06
2.063360710384263276e-06
1.924402052627523068e-06
2.074291354373869718e-06
2.209113456343852446e-06
2.339909014196536754e-06
2.472512103806839971e-06
2.485039507771624762e-06
2.485054556058856975e-06
2.411060197014191208e-06
2.516086395952071622e-06
2.545261766071312143e-06
2.652277838259713718e-06
2.700842633669712534e-06
2.812146787750233741e-06
2.886458541975537667e-06
2.908818956941988459e-06
3.020707216252490424e-06
3.060662048470491388e-06
