5.587091980419621982e-03
2.903914957702535393e-03
3.509364873164264476e-03
1.033585949860812677e-03
6.568993783512256344e-04
2.797368643551098859e-03
1.153565279181992470e-03
1.890815511495757759e-03
1.878633074124707019e-03
2.147727540474157716e-04
3.947703449327689962e-04
3.294966533300510607e-04
2.061469747009085412e-04
4.727346143159465457e-05
7.901481305548314156e-05
1.657217010944441317e-04
1.322651698190649601e-04
1.637094826541588824e-04
1.541728173457923123e-04
6.392232115683515038e-05
4.858967956720229358e-05
3.491571818120730106e-05
4.471797524532270955e-05
3.759175265548709530e-05
1.724078892124471555e-05
2.185850182530380803e-05
1.666264317961614147e-05
3.275520026006460141e-05
2.755819320128620318e-05
1.790317922282122997e-05
1.746990426046276799e-05
1.843864600446538401e-05
1.174868463509371246e-05
1.790729216549466799e-05
1.382365284706721634e-05
1.227856921666454625e-05
1.246815965422824645e-05
1.301801771256535850e-05
1.591814143420458753e-05
1.343862847890791062e-05
1.141123445318536601e-05
1.157374958741645754e-05
1.021972419889729383e-05
1.052896441998545264e-05
1.170072601241683293e-05
8.766680382053296635e-06
9.106277836158880535e-06
1.114052761863783478e-05
9.852031602695934066e-06
7.876535203571321820e-06
8.535521755126259673e-06
7.081968880203180228e-06
6.453064277432386608e-06
5.727063611487082070e-06
6.169508274937913778e-06
7.474777391666451274e-06
8.381903948717461981e-06
1.216660877637721953e-05
1.669164865465212991e-05
1.056815396687699925e-05
9.418146173188310009e-06
7.674468938758053556e-06
8.083788883112906121e-06
7.705394665644022418e-06
8.888543246998579071e-06
7.047957497514011344e-06
7.125103707896978857e-06
7.738961331774443447e-06
6.324974352835094582e-06
5.090065737775017668e-06
5.177771571481743321e-06
6.174276623210658704e-06
6.376569447800714527e-06
6.178021623439777977e-06
5.979960933243376259e-06
6.323845622504401369e-06
6.995161981296233261e-06
6.694439355183347428e-06
6.352190325896494047e-06
6.297531933732078673e-06
6.449798708014564344e-06
5.852699726327982119e-06
5.272411116650541420e-06
4.939209012766093176e-06
4.576445354803772343e-06
4.384758203729655392e-06
3.913011921699142687e-06
3.984018170246940540e-06
3.997420027947118316e-06
3.733716528492521028e-06
3.864691678191825981e-06
3.944314658175431637e-06
3.516823561724499641e-06
3.664290927398934756e-06
3.786775402830051871e-06
3.650212117626798898e-06
3.422542960421306390e-06
3.235529475124204746e-06
2.921774291856879856e-06
2.597569591645149246e-06
