6.348453684839225689e-03
3.211723831813681398e-03
3.415046288740474379e-03
2.576037393625186037e-03
3.794326600751838784e-04
2.755436400223581703e-03
1.391639930019625618e-03
3.090138509350249130e-03
2.672025140399162096e-03
4.940637794672599319e-04
5.696851921917130699e-04
1.793377636168541752e-03
1.732127820082823020e-03
3.798214346909826664e-04
5.970344212250516683e-04
2.799222084733691499e-04
2.743273975981811493e-04
2.174376498882870507e-04
2.217668978842357705e-04
1.919610973928339377e-04
1.352464444140984298e-04
8.733847653118187448e-05
1.328448749140624945e-04
1.263083304654654012e-04
2.184694474623408871e-04
1.497288463885657474e-04
1.251544976934304283e-04
2.152264197951419557e-04
1.765083343744330065e-04
1.889938173106301832e-04
1.043514348391661980e-04
1.088032568821739474e-04
8.608920245591670476e-05
6.211352880561133946e-05
7.255955403475353464e-05
4.441962359126062232e-05
5.346843832424682294e-05
7.237140316019060454e-05
6.917916810265519151e-05
4.058776359939006819e-05
2.720054668192837787e-05
4.558053515418127808e-05
5.607938914130426603e-05
5.618301278427637117e-05
4.906916616260791140e-05
7.942905506739743424e-05
5.233373144338687879e-05
6.543620283867473194e-05
4.060904470266341574e-05
2.890349246207012362e-05
1.782439225693484384e-05
1.932485663585126702e-05
1.967412181307953264e-05
1.710953973577738829e-05
3.005256288703079875e-05
2.248517939124255528e-05
2.521609317022157563e-05
2.590764775969799671e-05
1.887967313674208960e-05
1.845039404025021858e-05
3.538668887734206805e-05
3.010832117535829202e-05
2.047335803416356414e-05
1.832943729180352686e-05
1.512807600554285763e-05
1.977621457304567360e-05
1.419108838149266110e-05
1.407750158738466332e-05
1.576562158177053033e-05
1.444034933497593534e-05
1.355480164071954372e-05
1.534512099721139537e-05
1.379592627155707623e-05
1.774151454870363464e-05
1.425398970315329586e-05
1.276066740741274528e-05
9.396447841795988783e-06
8.983954814536821180e-06
8.660657882146297244e-06
8.173225332429538811e-06
9.110666511414259287e-06
9.519890257164902731e-06
1.073732168284011711e-05
1.136350594982719290e-05
1.130359657803066910e-05
8.019389767124378822e-06
6.898668638989162179e-06
6.849179082446281896e-06
6.838349209674360538e-06
6.752289849725262270e-06
6.378015328683317869e-06
5.706052983451065062e-06
5.716978448233364590e-06
6.230931551929242284e-06
6.065914141361143686e-06
6.193838469184799288e-06
6.135852613581254269e-06
5.305527807480055110e-06
5.312727702321974888e-06
5.028039100262574213e-06
