1.701487251363766615e-03
5.784863963993976989e-04
1.658409935786573459e-03
1.854004466257646179e-04
3.397979638323364517e-04
2.472064430963574885e-04
2.327492045564210407e-04
6.549090524204451689e-05
6.218563090886658799e-05
3.245809525124770543e-05
1.877168928908732549e-05
1.598220747846422601e-05
1.110426661719305073e-05
1.296502882831998229e-05
1.042133413650977896e-05
1.074678624241734841e-05
1.144993025097343874e-05
9.483670682663655917e-06
5.806201028708011456e-06
6.147885307547424052e-06
5.359867349193375249e-06
4.874492521376963498e-06
4.705234876079329883e-06
4.172807242419356591e-06
3.313290980643257995e-06
3.044134187073035234e-06
3.173617525808179050e-06
3.281174968122080173e-06
2.800418428434223229e-06
2.976778156806464713e-06
2.739417760803059261e-06
2.742265046174289767e-06
2.689307210866357503e-06
2.271140260932474097e-06
2.005411361792132423e-06
2.088728312926670357e-06
2.225673424201070246e-06
2.295982585331702287e-06
2.325105580797262033e-06
2.073295454094148073e-06
2.965132155228289420e-06
2.930549084181078180e-06
2.110522005452346559e-06
2.037208574538096451e-06
2.016280440383135721e-06
2.011843278386240274e-06
1.931982491417001946e-06
1.912662960311411471e-06
1.906117272768652358e-06
2.040500631205348368e-06
1.779002994637776095e-06
2.044349440786812126e-06
2.132976618169082857e-06
2.211123280512760768e-06
2.407049454429837909e-06
2.476476800798257445e-06
1.966934942496590937e-06
2.046591687123959079e-06
2.322147128118068805e-06
2.250960309712753281e-06
2.234730058537389835e-06
2.093179767819200830e-06
2.318196094766992686e-06
2.404440109578188423e-06
2.459159801578673294e-06
2.479931439836965092e-06
2.371968142370582593e-06
2.411794129059769737e-06
2.526622942328431606e-06
2.462489969681311020e-06
2.537135455399023454e-06
2.571455417923975538e-06
2.469573938406285013e-06
2.218763159757982807e-06
2.433993347192638179e-06
2.532079530912705888e-06
2.597591275480292802e-06
2.526470206887317408e-06
2.567323248760624594e-06
2.660208544328115188e-06
2.401496834513293874e-06
2.132603667604542647e-06
1.942899295888923118e-06
2.199556922310363343e-06
2.282425561126164950e-06
2.500870948398668045e-06
2.831467395868701224e-06
2.894881425247145870e-06
2.882997534217685690e-06
2.897448371177251612e-06
2.816454026680106831e-06
2.758247640928520622e-06
2.797387245171832806e-06
2.996776306024322622e-06
3.070874813755166412e-06
3.083437822877826587e-06
3.098231908538198762e-06
3.105508812335704090e-06
3.119642060288291326e-06
3.112729101706313533e-06
