2.833913568555088830e-03
1.135739626615181810e-03
2.084628981663684631e-03
4.721244966028221592e-04
7.470790644842541933e-04
5.473815554666919530e-04
3.488860922211900147e-04
1.114538912528515547e-04
1.280584358247382907e-04
9.001351549049106627e-05
3.408992562235551530e-05
6.991569103646411870e-05
4.242870006314771825e-05
6.350453406825928295e-05
3.030595148590728083e-05
2.494851887381226588e-05
1.683441915449088942e-05
2.117876634966128053e-05
2.753610746616386558e-05
3.284691176525916237e-05
1.663989777403815661e-05
1.575766458239112803e-05
8.433006727055400963e-06
6.733823401552807885e-06
8.357655047520325275e-06
5.436680834826434492e-06
6.592041749620533251e-06
7.067481119250026659e-06
3.842217341650063422e-06
3.864449935579502872e-06
3.818467098230016694e-06
5.912774066706286675e-06
4.306739653134961514e-06
3.636665865199346664e-06
3.268957249362256289e-06
3.636087738582874708e-06
4.854090605606459863e-06
3.957577654162003163e-06
3.228585997540920976e-06
3.812677321341022388e-06
5.160235410266001878e-06
3.126620707015993357e-06
2.824612335411273869e-06
3.160358741526068020e-06
3.190818888986753914e-06
3.168097428728389241e-06
3.114579477926679233e-06
3.174541951559162110e-06
2.676617615853213296e-06
2.476668164083585706e-06
2.244577013158894080e-06
1.997694469119777343e-06
2.375297585232772246e-06
2.441292754447474380e-06
2.559313572618901034e-06
2.508583066999950967e-06
3.310519201932095795e-06
4.053813472136739708e-06
3.615556754453876876e-06
2.846219503960785319e-06
2.640592976361545113e-06
2.198522719904750764e-06
2.096108020910565935e-06
2.256362517649464618e-06
2.162126115741923346e-06
2.364929997910716567e-06
2.507387718938353305e-06
2.455306647223903519e-06
2.236964897172008639e-06
2.236705820641964206e-06
2.040239463029887208e-06
1.963360086202385361e-06
2.157560045895446078e-06
2.283522902098470222e-06
2.176142338741594988e-06
2.137307505005305676e-06
2.201579719418084912e-06
2.535980666183133931e-06
2.212114042468237562e-06
1.991169224792535958e-06
2.080858381937581580e-06
2.043934708945907253e-06
2.086146648161970957e-06
2.250786241420205497e-06
2.246083035101601977e-06
2.234761064217375312e-06
2.450014790635336879e-06
2.805673351782765681e-06
2.870787835068489947e-06
2.811850386963513470e-06
2.672639454794652231e-06
2.529683367979958690e-06
2.449893380199909260e-06
2.581701103125459205e-06
2.690611423192924622e-06
2.907335560297449516e-06
2.979938476053662361e-06
3.032772093695222925e-06
3.091783212205213921e-06
3.073614380916691837e-06
