3.685919185669845558e-03
1.387449360999601323e-03
4.610697725904807157e-03
6.353938323368628913e-04
7.593453216272540466e-04
5.613264249649895345e-04
1.823466313604396507e-03
5.567954972085525532e-04
7.647987050241509491e-04
3.091976166632074102e-04
1.524380376679037013e-04
1.674991434106239152e-04
1.413455509712445088e-04
1.061850433895903561e-04
9.008366155737895797e-05
1.532107300847992352e-04
2.997875989710504534e-05
1.124005240335505156e-04
6.091349546277472800e-05
3.453958661958427093e-05
2.413603452619997422e-05
3.883776134487892690e-05
5.495771326485099335e-05
2.566674301155877800e-05
2.011362479810508075e-05
1.923812027798724089e-05
1.878284458520208282e-05
2.857823829976435782e-05
2.617559734906251375e-05
2.102038986550304559e-05
1.394676301910871311e-05
1.672660673149693479e-05
1.755801393100902608e-05
1.718925628553900903e-05
9.408817276400544105e-06
1.074277369268072284e-05
1.029762575908151617e-05
9.180336612640842517e-06
7.498644324544410032e-06
1.038043887704219332e-05
1.150668279263814841e-05
9.859341613187361844e-06
1.183999654805697557e-05
1.172602174319927111e-05
1.444106662561411504e-05
1.422469859176998261e-05
9.740835052725914511e-06
9.525565348139709604e-06
8.422293080701079128e-06
8.815271545216580947e-06
9.205815848930640091e-06
8.597954936610661307e-06
7.318598113979745162e-06
1.363625173507506420e-05
1.791827622377569485e-05
1.413756421098831756e-05
7.834724879984479148e-06
6.929298501623380090e-06
7.140139604740175218e-06
8.488425626328150209e-06
7.448579460758131504e-06
7.729251830553367277e-06
7.789458549506645142e-06
7.304872150193552237e-06
6.944952912890460190e-06
6.231477496528590138e-06
5.203094279121201412e-06
5.198050201528016123e-06
4.461125565088600319e-06
4.981654757629626888e-06
4.510821681308271135e-06
4.715725462147112521e-06
4.342997632083822862e-06
4.533338049434481028e-06
4.866496362357301419e-06
5.677091215220493088e-06
6.052498036615857475e-06
6.858151968677755189e-06
6.826213974016851767e-06
5.951813683987940375e-06
5.359935526346386965e-06
4.814036820499619140e-06
4.420912315920713153e-06
3.972073730315064754e-06
3.550502524147467146e-06
3.268979595074796980e-06
3.003902045225701516e-06
2.715630680192708258e-06
2.360353694926579336e-06
2.338542696134447012e-06
2.320889007286492506e-06
2.326720801630247636e-06
2.251963031234866182e-06
2.047892148926859251e-06
1.877255182357318370e-06
1.888418824913513480e-06
1.782118495506711116e-06
1.849652701856076400e-06
1.957015561541985547e-06
2.159097971726933154e-06
