6.443186774342286524e-03
2.913440113150218575e-03
7.121734934637085832e-03
1.497877614219072628e-03
1.181633503693021829e-03
9.483105324336322910e-04
2.905143985741745396e-03
6.967992830887637015e-04
7.314347218183942173e-04
8.034709821920425722e-04
1.567773474038017235e-04
5.839303769533031813e-04
2.617799655994238394e-04
3.180149096126011509e-04
2.671258007964762778e-04
3.447405675737603525e-04
5.624897743296694227e-05
2.580192600740069376e-04
1.202439382919142925e-04
1.487992615856976791e-04
5.754971676829022273e-05
1.175951605498028104e-04
9.298380541664029680e-05
6.928404693245123456e-05
5.505880230123219821e-05
9.077397912170541861e-05
8.640188046639903671e-05
6.897447646646921900e-05
4.986913663051361121e-05
4.637075800536078179e-05
5.156113828658463337e-05
3.604457740047551138e-05
4.797264093276907144e-05
4.330114643158973134e-05
2.469874890425665935e-05
4.119264807450703797e-05
3.588450064437095498e-05
2.423489944894232029e-05
2.068499337369882732e-05
1.935609296573924870e-05
2.317803239919906052e-05
2.376055100309059295e-05
2.156599005080380883e-05
2.460333774664691538e-05
2.707525034164032891e-05
2.208032903635737679e-05
1.868031311417689058e-05
1.987955097835211588e-05
2.159832362791887892e-05
1.546298125564016325e-05
1.130261773520737025e-05
2.036050094451160553e-05
1.269703832938354177e-05
1.373348339782876807e-05
2.350152750092890082e-05
2.385560929673587912e-05
2.056834629425978805e-05
1.070230228014048869e-05
1.231825824287449397e-05
1.098692016351345547e-05
1.013765999724440203e-05
1.538010911267551084e-05
1.492442019630781578e-05
1.583917470798202094e-05
1.523650597495726286e-05
7.998458688792610036e-06
7.506206020115510353e-06
9.829392499950295018e-06
9.091735012151807866e-06
8.193265000881235356e-06
7.240872897107912673e-06
8.548351410217109683e-06
7.006559936906603405e-06
6.456822374021361972e-06
6.972664149575157008e-06
7.146284251734853836e-06
8.021133153455040117e-06
1.157333228679152796e-05
8.103177723519222259e-06
7.004356597315194736e-06
6.184043743642965310e-06
5.810504011362364019e-06
5.600949879110499062e-06
5.852842141623636030e-06
5.820958556183895778e-06
5.753446003408845815e-06
5.866794417272008394e-06
5.919528277932409433e-06
5.206364573054505677e-06
4.648674731187242547e-06
3.956979747054884230e-06
3.501526801205632049e-06
3.163402312664058994e-06
2.770581951616131403e-06
2.590330005069230438e-06
2.306493093692494008e-06
2.134948685441097897e-06
2.125329219362441175e-06
2.026317593532109650e-06
2.088497426024276997e-06
