1.454500435337413751e-03
9.372011371160510716e-04
6.182880085355768000e-04
1.407193153139608196e-04
9.791306994173673778e-05
1.584230012671921728e-04
1.430791958108728636e-04
1.506433883089176818e-04
6.076973515115592731e-05
2.421830573992089975e-05
3.851845697842499642e-05
6.815539970798897070e-06
1.176816797267668330e-05
1.215287596641226491e-05
1.241576897335596622e-05
8.076223511420817949e-06
8.668577679402657786e-06
8.432284555797934383e-06
7.749427058674867973e-06
3.853679399519105378e-06
5.379357953658489291e-06
3.622161900619912591e-06
3.705622528808880595e-06
3.338538439111959211e-06
3.888528800042881454e-06
3.495997592997960472e-06
2.659042829055532021e-06
2.336330366262481760e-06
2.395002598186646932e-06
2.750126866343166065e-06
2.538433081676984048e-06
2.185607239626515951e-06
2.090713365666461870e-06
1.879071185234569166e-06
2.157270816549206517e-06
2.149393703580388925e-06
2.020172976417691388e-06
2.179482162015033498e-06
2.418031196208261319e-06
2.901542481534205390e-06
2.480781325767738751e-06
2.033808030073952355e-06
1.981272283993672908e-06
1.956437964980464870e-06
2.283138600923206672e-06
2.212496826839765954e-06
2.092240884845686301e-06
2.231470822429477442e-06
2.391178479576369118e-06
2.392287593094365975e-06
2.329488815024081649e-06
2.092716160397568527e-06
2.186390468357937577e-06
2.003440367730836286e-06
1.899483416511204041e-06
2.141881442804089650e-06
2.379343143238643210e-06
2.316134831366831735e-06
2.330297742698672602e-06
2.297779605227956758e-06
2.313123274474863049e-06
2.483634597598548062e-06
2.536241980157231537e-06
2.629409010385610102e-06
2.766987992748121097e-06
2.821573915666729008e-06
2.854645683029970533e-06
2.905182557744990342e-06
2.976052819996985975e-06
2.902270533876879724e-06
2.873963662005240629e-06
2.609488109528989147e-06
2.481366404635384159e-06
2.495069058399045518e-06
2.531549104787637792e-06
2.685951984248844817e-06
2.754676414651100101e-06
2.836497730108335401e-06
2.820957788101277558e-06
2.796451735763480530e-06
2.877840997349858657e-06
2.932674547102972941e-06
2.954320930100824594e-06
2.963401298799604737e-06
3.008524191722646852e-06
2.971879708748568285e-06
2.971145318463793826e-06
2.968806118540929024e-06
3.021090468186644463e-06
3.042715359006609422e-06
3.087113789354312182e-06
3.125706931379330828e-06
3.146786618333877137e-06
3.134768080513901958e-06
3.079866184695683920e-06
2.379268256127301716e-06
2.385637185186118734e-06
2.505908202284383173e-06
3.097892745071989184e-06
3.147263356694839315e-06
