4.306553085144771732e-03
2.736882679501167516e-03
2.092692332755748466e-03
7.689003992888970721e-04
5.266178450969823599e-04
1.118170799516864534e-03
1.384165499280691795e-03
1.033035828104057188e-03
3.028360479486866459e-04
8.085133417649172452e-05
2.334110962171287657e-04
6.294955547448794983e-05
1.107509846616885657e-04
2.138390872500509445e-04
1.483882572982086210e-04
2.149565581896028496e-05
1.212900300073015337e-04
6.560496805619877800e-05
7.036190129832480488e-05
1.344186311117298585e-05
3.403854125822542239e-05
5.147671591970598448e-05
1.767541455409332975e-05
2.361335412791003619e-05
1.700909082683323297e-05
1.057445489844114642e-05
1.645034094985075318e-05
1.327538691339841068e-05
1.819226213420903116e-05
1.283465817848078504e-05
1.228429088830862687e-05
1.317384145124110506e-05
7.815210585065150291e-06
9.609302427899244127e-06
8.977126532724247148e-06
8.663047276381277348e-06
7.794010350639396268e-06
7.290168312171206034e-06
8.761735446588546811e-06
8.518154936835830974e-06
6.539523128689529567e-06
7.051933041298345422e-06
9.468928136438205384e-06
6.297813011269587666e-06
6.060571851036637249e-06
6.747123152418731877e-06
6.437193983857807896e-06
5.425476623974430501e-06
4.665026581651020189e-06
4.365012928664365232e-06
5.072309494775845380e-06
6.920819591815470277e-06
6.045722899914326898e-06
5.696781182919732046e-06
9.508311203318385460e-06
6.546292764508467014e-06
5.271169467930272486e-06
4.107861704105090616e-06
4.156262417659473444e-06
4.968596886405241833e-06
4.979476127514511361e-06
3.250662718010178086e-06
2.875241465839936059e-06
4.083787769460788222e-06
3.559344233416765413e-06
3.470829311155114603e-06
4.008231427254331576e-06
3.384709452521098007e-06
2.890063835198444011e-06
2.782418834646701776e-06
2.595063101295904843e-06
2.875146770910139704e-06
2.945669931942644650e-06
3.744377138460552953e-06
3.152148714162749929e-06
2.450759212993113265e-06
2.458588509053483552e-06
2.598099100076418328e-06
2.528208604905449074e-06
2.248033185604480728e-06
2.135144007927664737e-06
2.296665069156082540e-06
2.427321611256401718e-06
2.213400693803775960e-06
2.056312087281098493e-06
2.130138051393473286e-06
2.289873544778109500e-06
2.341937459235393857e-06
2.441182411415959521e-06
2.610653625723619044e-06
2.653653958579337667e-06
2.691458576787821173e-06
2.787177522838816898e-06
2.816000345291702580e-06
2.869348664089120279e-06
2.192814626110290365e-06
2.312188248174950213e-06
2.814117695621904936e-06
3.123638093180177938e-06
3.156737422197206424e-06
