6.720755828655077847e-03
4.489219846823336302e-03
3.738248381278821454e-03
1.327388274948949117e-03
6.757196553411735527e-04
2.884133342262904312e-03
2.266396691035806217e-03
1.487188495545089520e-03
3.457766273850604115e-04
4.325120374301681453e-04
2.878188113870221469e-04
1.147702031614757480e-04
1.402437198565442385e-04
1.064710593541217195e-04
1.454855350842290077e-04
8.649900653698610784e-05
1.289386193699772535e-04
1.291799796518427925e-04
1.182418260918416289e-04
4.308011076357830965e-05
4.112862323932945144e-05
3.533079644713748457e-05
3.468950921742049463e-05
1.994443978003013223e-05
2.613422634410777760e-05
3.200841684410056032e-05
8.462553264890309006e-05
4.468023544715541692e-05
4.058254174280084576e-05
3.820648252129325259e-05
5.514870713231169143e-05
2.686469580860531228e-05
1.718503732371679207e-05
2.138353528819203551e-05
3.548944705844506463e-05
2.189435674897187987e-05
2.111944587428095314e-05
2.270470131662171771e-05
3.468288405140709617e-05
2.034631014430838931e-05
1.972900592009779313e-05
1.547296398205013919e-05
2.182982917618639526e-05
1.388291519269040527e-05
1.110144791193518872e-05
1.350949876377578293e-05
1.145884062929830910e-05
1.245762313206235561e-05
1.126681157295914401e-05
9.774355889438160336e-06
1.092312331904651488e-05
1.550891726897219840e-05
1.773005357049956289e-05
1.375833799340548666e-05
1.235278347205122421e-05
9.470603228806675922e-06
1.026497009112674578e-05
6.691333357074812046e-06
5.673105961834229060e-06
7.526922956946260885e-06
7.001702067680715702e-06
9.249176382219838487e-06
1.200528869069371693e-05
1.555680062361362804e-05
1.207602605964547199e-05
9.098026707378186202e-06
6.623446337042158346e-06
6.154865656316024678e-06
4.846085249410905241e-06
4.405510460387797771e-06
4.179537384025560539e-06
3.747050546546793703e-06
3.803991488286109051e-06
3.657156397015399501e-06
3.604694831336591804e-06
3.648173496871917570e-06
3.528963158826143405e-06
3.483136544697536030e-06
3.655050074054952433e-06
3.978740643904080472e-06
3.873421805848118263e-06
4.234548820559769695e-06
3.484986382019041756e-06
2.958234505358875601e-06
3.050104199632209206e-06
2.631541296022451886e-06
2.252799629358032019e-06
2.248191981697419350e-06
2.025334902496977615e-06
2.017959284644847555e-06
2.171998177164480429e-06
2.273545857344250422e-06
2.363391661037589025e-06
2.583922132217979453e-06
2.444484284882659800e-06
2.159452953833011742e-06
2.361572165491882735e-06
2.843550140239488560e-06
3.140111061259516081e-06
3.137668918212517341e-06
